# number of rays:       5
# iteration   ray    X              A              Y              B              T              D
         0      0  0.0000000E+00  0.0000000E+00  0.0000000E+00  0.0000000E+00  0.0000000E+00  0.0000000E+00
         0      1  0.0000000E+00  0.0000000E+00  0.0000000E+00  0.0000000E+00  0.0000000E+00  0.0000000E+00
         0      2  0.0000000E+00  0.0000000E+00  0.0000000E+00  0.0000000E+00  0.0000000E+00  0.1000000E-03
         0      3  0.0000000E+00  0.0000000E+00  0.0000000E+00  0.0000000E+00  0.0000000E+00  0.2000000E-03
         0      4  0.0000000E+00  0.0000000E+00  0.0000000E+00  0.0000000E+00  0.0000000E+00  0.5000000E-03

        10      0  0.0000000E+00  0.0000000E+00  0.0000000E+00  0.0000000E+00  0.0000000E+00  0.0000000E+00
        10      1  0.0000000E+00  0.0000000E+00  0.0000000E+00  0.0000000E+00  0.0000000E+00  0.0000000E+00
        10      2  0.7997121E-06 -0.2515973E-06  0.0000000E+00  0.0000000E+00 -0.1683067E-02  0.9999989E-04
        10      3  0.1536457E-05 -0.4524917E-06  0.0000000E+00  0.0000000E+00 -0.3369976E-02  0.1999995E-03
        10      4  0.3195787E-05 -0.7561917E-06  0.0000000E+00  0.0000000E+00 -0.8453790E-02  0.4999971E-03

        20      0  0.0000000E+00  0.0000000E+00  0.0000000E+00  0.0000000E+00  0.0000000E+00  0.0000000E+00
        20      1  0.0000000E+00  0.0000000E+00  0.0000000E+00  0.0000000E+00  0.0000000E+00  0.0000000E+00
        20      2  0.3639828E-06  0.1191826E-06  0.0000000E+00  0.0000000E+00 -0.3350754E-02  0.9999977E-04
        20      3  0.5297010E-06  0.2347478E-06  0.0000000E+00  0.0000000E+00 -0.6709159E-02  0.1999990E-03
        20      4  0.3194995E-06  0.3823840E-06  0.0000000E+00  0.0000000E+00 -0.1683037E-01  0.4999934E-03

        30      0  0.0000000E+00  0.0000000E+00  0.0000000E+00  0.0000000E+00  0.0000000E+00  0.0000000E+00
        30      1  0.0000000E+00  0.0000000E+00  0.0000000E+00  0.0000000E+00  0.0000000E+00  0.0000000E+00
        30      2  0.2106917E-06 -0.1792100E-06  0.0000000E+00  0.0000000E+00 -0.5003203E-02  0.9999964E-04
        30      3  0.6061641E-06 -0.4136818E-06  0.0000000E+00  0.0000000E+00 -0.1001784E-01  0.1999984E-03
        30      4  0.2503668E-05 -0.9910017E-06  0.0000000E+00  0.0000000E+00 -0.2513044E-01  0.4999883E-03

        40      0  0.0000000E+00  0.0000000E+00  0.0000000E+00  0.0000000E+00  0.0000000E+00  0.0000000E+00
        40      1  0.0000000E+00  0.0000000E+00  0.0000000E+00  0.0000000E+00  0.0000000E+00  0.0000000E+00
        40      2  0.8739033E-06 -0.1074047E-06  0.0000000E+00  0.0000000E+00 -0.6640552E-02  0.9999949E-04
        40      3  0.1490616E-05 -0.6222344E-07  0.0000000E+00  0.0000000E+00 -0.1329628E-01  0.1999977E-03
        40      4  0.1294941E-05  0.4391385E-06  0.0000000E+00  0.0000000E+00 -0.3335469E-01  0.4999809E-03

        50      0  0.0000000E+00  0.0000000E+00  0.0000000E+00  0.0000000E+00  0.0000000E+00  0.0000000E+00
        50      1  0.0000000E+00  0.0000000E+00  0.0000000E+00  0.0000000E+00  0.0000000E+00  0.0000000E+00
        50      2  0.4356555E-07  0.8446184E-07  0.0000000E+00  0.0000000E+00 -0.8262938E-02  0.9999932E-04
        50      3 -0.2479036E-08  0.2316854E-07  0.0000000E+00  0.0000000E+00 -0.1654477E-01  0.1999968E-03
        50      4  0.1371762E-05 -0.8624067E-06  0.0000000E+00  0.0000000E+00 -0.4150383E-01  0.4999706E-03

        60      0  0.0000000E+00  0.0000000E+00  0.0000000E+00  0.0000000E+00  0.0000000E+00  0.0000000E+00
        60      1  0.0000000E+00  0.0000000E+00  0.0000000E+00  0.0000000E+00  0.0000000E+00  0.0000000E+00
        60      2  0.6120956E-06 -0.2719548E-06  0.0000000E+00  0.0000000E+00 -0.9870501E-02  0.9999912E-04
        60      3  0.1505067E-05 -0.4651069E-06  0.0000000E+00  0.0000000E+00 -0.1976358E-01  0.1999956E-03
        60      4  0.2436968E-05  0.1418248E-06  0.0000000E+00  0.0000000E+00 -0.4957851E-01  0.4999566E-03

        70      0  0.0000000E+00  0.0000000E+00  0.0000000E+00  0.0000000E+00  0.0000000E+00  0.0000000E+00
        70      1  0.0000000E+00  0.0000000E+00  0.0000000E+00  0.0000000E+00  0.0000000E+00  0.0000000E+00
        70      2  0.5992375E-06  0.6483397E-07  0.0000000E+00  0.0000000E+00 -0.1146337E-01  0.9999888E-04
        70      3  0.5833585E-06  0.2316533E-06  0.0000000E+00  0.0000000E+00 -0.2295298E-01  0.1999942E-03
        70      4  0.3679416E-06 -0.4349464E-06  0.0000000E+00  0.0000000E+00 -0.5757944E-01  0.4999382E-03

        80      0  0.0000000E+00  0.0000000E+00  0.0000000E+00  0.0000000E+00  0.0000000E+00  0.0000000E+00
        80      1  0.0000000E+00  0.0000000E+00  0.0000000E+00  0.0000000E+00  0.0000000E+00  0.0000000E+00
        80      2  0.4988343E-07 -0.7832556E-07  0.0000000E+00  0.0000000E+00 -0.1304169E-01  0.9999861E-04
        80      3  0.5524974E-06 -0.3962595E-06  0.0000000E+00  0.0000000E+00 -0.2611324E-01  0.1999924E-03
        80      4  0.3172727E-05 -0.3604090E-06  0.0000000E+00  0.0000000E+00 -0.6550726E-01  0.4999149E-03

        90      0  0.0000000E+00  0.0000000E+00  0.0000000E+00  0.0000000E+00  0.0000000E+00  0.0000000E+00
        90      1  0.0000000E+00  0.0000000E+00  0.0000000E+00  0.0000000E+00  0.0000000E+00  0.0000000E+00
        90      2  0.8777017E-06 -0.2027808E-06  0.0000000E+00  0.0000000E+00 -0.1460558E-01  0.9999829E-04
        90      3  0.1523803E-05 -0.8716820E-07  0.0000000E+00  0.0000000E+00 -0.2924461E-01  0.1999903E-03
        90      4 -0.4196201E-08  0.7695315E-07  0.0000000E+00  0.0000000E+00 -0.7336263E-01  0.4998859E-03

       100      0  0.0000000E+00  0.0000000E+00  0.0000000E+00  0.0000000E+00  0.0000000E+00  0.0000000E+00
       100      1  0.0000000E+00  0.0000000E+00  0.0000000E+00  0.0000000E+00  0.0000000E+00  0.0000000E+00
       100      2  0.1992462E-06  0.1249676E-06  0.0000000E+00  0.0000000E+00 -0.1615519E-01  0.9999792E-04
       100      3 -0.1151026E-08  0.4557282E-07  0.0000000E+00  0.0000000E+00 -0.3234738E-01  0.1999878E-03
       100      4  0.3133078E-05 -0.8156289E-06  0.0000000E+00  0.0000000E+00 -0.8114621E-01  0.4998507E-03

       110      0  0.0000000E+00  0.0000000E+00  0.0000000E+00  0.0000000E+00  0.0000000E+00  0.0000000E+00
       110      1  0.0000000E+00  0.0000000E+00  0.0000000E+00  0.0000000E+00  0.0000000E+00  0.0000000E+00
       110      2  0.3778868E-06 -0.2367456E-06  0.0000000E+00  0.0000000E+00 -0.1769063E-01  0.9999750E-04
       110      3  0.1470582E-05 -0.4761842E-06  0.0000000E+00  0.0000000E+00 -0.3542179E-01  0.1999849E-03
       110      4  0.4421766E-06  0.4164832E-06  0.0000000E+00  0.0000000E+00 -0.8885863E-01  0.4998086E-03

       120      0  0.0000000E+00  0.0000000E+00  0.0000000E+00  0.0000000E+00  0.0000000E+00  0.0000000E+00
       120      1  0.0000000E+00  0.0000000E+00  0.0000000E+00  0.0000000E+00  0.0000000E+00  0.0000000E+00
       120      2  0.7914579E-06 -0.2797516E-07  0.0000000E+00  0.0000000E+00 -0.1921204E-01  0.9999701E-04
       120      3  0.6380422E-06  0.2268780E-06  0.0000000E+00  0.0000000E+00 -0.3846811E-01  0.1999814E-03
       120      4  0.2337702E-05 -0.9954065E-06  0.0000000E+00  0.0000000E+00 -0.9650052E-01  0.4997591E-03

       130      0  0.0000000E+00  0.0000000E+00  0.0000000E+00  0.0000000E+00  0.0000000E+00  0.0000000E+00
       130      1  0.0000000E+00  0.0000000E+00  0.0000000E+00  0.0000000E+00  0.0000000E+00  0.0000000E+00
       130      2 -0.5446658E-09  0.2404974E-07  0.0000000E+00  0.0000000E+00 -0.2071955E-01  0.9999647E-04
       130      3  0.5001307E-06 -0.3776555E-06  0.0000000E+00  0.0000000E+00 -0.4148659E-01  0.1999775E-03
       130      4  0.1483328E-05  0.4131982E-06  0.0000000E+00  0.0000000E+00 -0.1040725E+00  0.4997016E-03

       140      0  0.0000000E+00  0.0000000E+00  0.0000000E+00  0.0000000E+00  0.0000000E+00  0.0000000E+00
       140      1  0.0000000E+00  0.0000000E+00  0.0000000E+00  0.0000000E+00  0.0000000E+00  0.0000000E+00
       140      2  0.7607692E-06 -0.2619047E-06  0.0000000E+00  0.0000000E+00 -0.2221328E-01  0.9999585E-04
       140      3  0.1553723E-05 -0.1123040E-06  0.0000000E+00  0.0000000E+00 -0.4447748E-01  0.1999730E-03
       140      4  0.1185445E-05 -0.8093732E-06  0.0000000E+00  0.0000000E+00 -0.1115752E+00  0.4996355E-03

       150      0  0.0000000E+00  0.0000000E+00  0.0000000E+00  0.0000000E+00  0.0000000E+00  0.0000000E+00
       150      1  0.0000000E+00  0.0000000E+00  0.0000000E+00  0.0000000E+00  0.0000000E+00  0.0000000E+00
       150      2  0.4235889E-06  0.1102179E-06  0.0000000E+00  0.0000000E+00 -0.2369336E-01  0.9999517E-04
       150      3  0.3947931E-08  0.6713016E-07  0.0000000E+00  0.0000000E+00 -0.4744103E-01  0.1999680E-03
       150      4  0.2596840E-05  0.6856177E-07  0.0000000E+00  0.0000000E+00 -0.1190092E+00  0.4995603E-03

       160      0  0.0000000E+00  0.0000000E+00  0.0000000E+00  0.0000000E+00  0.0000000E+00  0.0000000E+00
       160      1  0.0000000E+00  0.0000000E+00  0.0000000E+00  0.0000000E+00  0.0000000E+00  0.0000000E+00
       160      2  0.1625120E-06 -0.1558205E-06  0.0000000E+00  0.0000000E+00 -0.2515992E-01  0.9999440E-04
       160      3  0.1433129E-05 -0.4856829E-06  0.0000000E+00  0.0000000E+00 -0.5037750E-01  0.1999623E-03
       160      4  0.2546500E-06 -0.3506912E-06  0.0000000E+00  0.0000000E+00 -0.1263752E+00  0.4994755E-03

       170      0  0.0000000E+00  0.0000000E+00  0.0000000E+00  0.0000000E+00  0.0000000E+00  0.0000000E+00
       170      1  0.0000000E+00  0.0000000E+00  0.0000000E+00  0.0000000E+00  0.0000000E+00  0.0000000E+00
       170      2  0.8870407E-06 -0.1333348E-06  0.0000000E+00  0.0000000E+00 -0.2661307E-01  0.9999356E-04
       170      3  0.6935255E-06  0.2204472E-06  0.0000000E+00  0.0000000E+00 -0.5328711E-01  0.1999560E-03
       170      4  0.3223325E-05 -0.4445633E-06  0.0000000E+00  0.0000000E+00 -0.1336736E+00  0.4993806E-03

       180      0  0.0000000E+00  0.0000000E+00  0.0000000E+00  0.0000000E+00  0.0000000E+00  0.0000000E+00
       180      1  0.0000000E+00  0.0000000E+00  0.0000000E+00  0.0000000E+00  0.0000000E+00  0.0000000E+00
       180      2  0.7348809E-07  0.9933585E-07  0.0000000E+00  0.0000000E+00 -0.2805294E-01  0.9999263E-04
       180      3  0.4492410E-06 -0.3579394E-06  0.0000000E+00  0.0000000E+00 -0.5617013E-01  0.1999490E-03
       180      4  0.1319103E-07  0.1504115E-06  0.0000000E+00  0.0000000E+00 -0.1409051E+00  0.4992752E-03

       190      0  0.0000000E+00  0.0000000E+00  0.0000000E+00  0.0000000E+00  0.0000000E+00  0.0000000E+00
       190      1  0.0000000E+00  0.0000000E+00  0.0000000E+00  0.0000000E+00  0.0000000E+00  0.0000000E+00
       190      2  0.5558097E-06 -0.2682905E-06  0.0000000E+00  0.0000000E+00 -0.2947965E-01  0.9999162E-04
       190      3  0.1580257E-05 -0.1375358E-06  0.0000000E+00  0.0000000E+00 -0.5902679E-01  0.1999413E-03
       190      4  0.3047179E-05 -0.8683717E-06  0.0000000E+00  0.0000000E+00 -0.1480703E+00  0.4991586E-03

       200      0  0.0000000E+00  0.0000000E+00  0.0000000E+00  0.0000000E+00  0.0000000E+00  0.0000000E+00
       200      1  0.0000000E+00  0.0000000E+00  0.0000000E+00  0.0000000E+00  0.0000000E+00  0.0000000E+00
       200      2  0.6539990E-06  0.4433812E-07  0.0000000E+00  0.0000000E+00 -0.3089332E-01  0.9999051E-04
       200      3  0.1278028E-07  0.8776616E-07  0.0000000E+00  0.0000000E+00 -0.6185732E-01  0.1999329E-03
       200      4  0.5832403E-06  0.4419656E-06  0.0000000E+00  0.0000000E+00 -0.1551697E+00  0.4990306E-03

       210      0  0.0000000E+00  0.0000000E+00  0.0000000E+00  0.0000000E+00  0.0000000E+00  0.0000000E+00
       210      1  0.0000000E+00  0.0000000E+00  0.0000000E+00  0.0000000E+00  0.0000000E+00  0.0000000E+00
       210      2  0.2610821E-07 -0.5178120E-07  0.0000000E+00  0.0000000E+00 -0.3229407E-01  0.9998931E-04
       210      3  0.1392830E-05 -0.4935682E-06  0.0000000E+00  0.0000000E+00 -0.6466197E-01  0.1999237E-03
       210      4  0.2155779E-05 -0.9894349E-06  0.0000000E+00  0.0000000E+00 -0.1622038E+00  0.4988906E-03

       220      0  0.0000000E+00  0.0000000E+00  0.0000000E+00  0.0000000E+00  0.0000000E+00  0.0000000E+00
       220      1  0.0000000E+00  0.0000000E+00  0.0000000E+00  0.0000000E+00  0.0000000E+00  0.0000000E+00
       220      2  0.8593676E-06 -0.2218445E-06  0.0000000E+00  0.0000000E+00 -0.3368202E-01  0.9998801E-04
       220      3  0.7496008E-06  0.2123855E-06  0.0000000E+00  0.0000000E+00 -0.6744096E-01  0.1999138E-03
       220      4  0.1678837E-05  0.3768673E-06  0.0000000E+00  0.0000000E+00 -0.1691732E+00  0.4987382E-03

       230      0  0.0000000E+00  0.0000000E+00  0.0000000E+00  0.0000000E+00  0.0000000E+00  0.0000000E+00
       230      1  0.0000000E+00  0.0000000E+00  0.0000000E+00  0.0000000E+00  0.0000000E+00  0.0000000E+00
       230      2  0.2513270E-06  0.1265239E-06  0.0000000E+00  0.0000000E+00 -0.3505728E-01  0.9998661E-04
       230      3  0.3999913E-06 -0.3371760E-06  0.0000000E+00  0.0000000E+00 -0.7019454E-01  0.1999030E-03
       230      4  0.9968544E-06 -0.7462039E-06  0.0000000E+00  0.0000000E+00 -0.1760785E+00  0.4985731E-03

       240      0  0.0000000E+00  0.0000000E+00  0.0000000E+00  0.0000000E+00  0.0000000E+00  0.0000000E+00
       240      1  0.0000000E+00  0.0000000E+00  0.0000000E+00  0.0000000E+00  0.0000000E+00  0.0000000E+00
       240      2  0.3200695E-06 -0.2201727E-06  0.0000000E+00  0.0000000E+00 -0.3641997E-01  0.9998510E-04
       240      3  0.1603297E-05 -0.1627762E-06  0.0000000E+00  0.0000000E+00 -0.7292291E-01  0.1998913E-03
       240      4  0.2748325E-05 -0.1269465E-07  0.0000000E+00  0.0000000E+00 -0.1829201E+00  0.4983949E-03

       250      0  0.0000000E+00  0.0000000E+00  0.0000000E+00  0.0000000E+00  0.0000000E+00  0.0000000E+00
       250      1  0.0000000E+00  0.0000000E+00  0.0000000E+00  0.0000000E+00  0.0000000E+00  0.0000000E+00
       250      2  0.8262104E-06 -0.5428293E-07  0.0000000E+00  0.0000000E+00 -0.3777020E-01  0.9998348E-04
       250      3  0.2531216E-07  0.1074119E-06  0.0000000E+00  0.0000000E+00 -0.7562631E-01  0.1998788E-03
       250      4  0.1544318E-06 -0.2606287E-06  0.0000000E+00  0.0000000E+00 -0.1896986E+00  0.4982031E-03

       260      0  0.0000000E+00  0.0000000E+00  0.0000000E+00  0.0000000E+00  0.0000000E+00  0.0000000E+00
       260      1  0.0000000E+00  0.0000000E+00  0.0000000E+00  0.0000000E+00  0.0000000E+00  0.0000000E+00
       260      2  0.6754729E-08  0.4633160E-07  0.0000000E+00  0.0000000E+00 -0.3910809E-01  0.9998176E-04
       260      3  0.1349797E-05 -0.4998072E-06  0.0000000E+00  0.0000000E+00 -0.7830497E-01  0.1998655E-03
       260      4  0.3251246E-05 -0.5306606E-06  0.0000000E+00  0.0000000E+00 -0.1964145E+00  0.4979974E-03

       270      0  0.0000000E+00  0.0000000E+00  0.0000000E+00  0.0000000E+00  0.0000000E+00  0.0000000E+00
       270      1  0.0000000E+00  0.0000000E+00  0.0000000E+00  0.0000000E+00  0.0000000E+00  0.0000000E+00
       270      2  0.7162110E-06 -0.2688142E-06  0.0000000E+00  0.0000000E+00 -0.4043374E-01  0.9997991E-04
       270      3  0.8060762E-06  0.2027151E-06  0.0000000E+00  0.0000000E+00 -0.8095911E-01  0.1998512E-03
       270      4  0.5484154E-07  0.2224686E-06  0.0000000E+00  0.0000000E+00 -0.2030682E+00  0.4977775E-03

       280      0  0.0000000E+00  0.0000000E+00  0.0000000E+00  0.0000000E+00  0.0000000E+00  0.0000000E+00
       280      1  0.0000000E+00  0.0000000E+00  0.0000000E+00  0.0000000E+00  0.0000000E+00  0.0000000E+00
       280      2  0.4833616E-06  0.9803048E-07  0.0000000E+00  0.0000000E+00 -0.4174728E-01  0.9997796E-04
       280      3  0.3525361E-06 -0.3154256E-06  0.0000000E+00  0.0000000E+00 -0.8358894E-01  0.1998359E-03
       280      4  0.2931325E-05 -0.9152299E-06  0.0000000E+00  0.0000000E+00 -0.2096603E+00  0.4975430E-03

       290      0  0.0000000E+00  0.0000000E+00  0.0000000E+00  0.0000000E+00  0.0000000E+00  0.0000000E+00
       290      1  0.0000000E+00  0.0000000E+00  0.0000000E+00  0.0000000E+00  0.0000000E+00  0.0000000E+00
       290      2  0.1193600E-06 -0.1309899E-06  0.0000000E+00  0.0000000E+00 -0.4304880E-01  0.9997588E-04
       290      3  0.1622741E-05 -0.1879433E-06  0.0000000E+00  0.0000000E+00 -0.8619467E-01  0.1998197E-03
       290      4  0.7502866E-06  0.4584372E-06  0.0000000E+00  0.0000000E+00 -0.2161913E+00  0.4972937E-03

       300      0  0.0000000E+00  0.0000000E+00  0.0000000E+00  0.0000000E+00  0.0000000E+00  0.0000000E+00
       300      1  0.0000000E+00  0.0000000E+00  0.0000000E+00  0.0000000E+00  0.0000000E+00  0.0000000E+00
       300      2  0.8922053E-06 -0.1581275E-06  0.0000000E+00  0.0000000E+00 -0.4433842E-01  0.9997368E-04
       300      3  0.4151725E-07  0.1260012E-06  0.0000000E+00  0.0000000E+00 -0.8877654E-01  0.1998026E-03
       300      4  0.1947936E-05 -0.9709296E-06  0.0000000E+00  0.0000000E+00 -0.2226615E+00  0.4970292E-03

       310      0  0.0000000E+00  0.0000000E+00  0.0000000E+00  0.0000000E+00  0.0000000E+00  0.0000000E+00
       310      1  0.0000000E+00  0.0000000E+00  0.0000000E+00  0.0000000E+00  0.0000000E+00  0.0000000E+00
       310      2  0.1098655E-06  0.1111384E-06  0.0000000E+00  0.0000000E+00 -0.4561625E-01  0.9997136E-04
       310      3  0.1304133E-05 -0.5043673E-06  0.0000000E+00  0.0000000E+00 -0.9133474E-01  0.1997844E-03
       310      4  0.1889864E-05  0.3267446E-06  0.0000000E+00  0.0000000E+00 -0.2290716E+00  0.4967492E-03

       320      0  0.0000000E+00  0.0000000E+00  0.0000000E+00  0.0000000E+00  0.0000000E+00  0.0000000E+00
       320      1  0.0000000E+00  0.0000000E+00  0.0000000E+00  0.0000000E+00  0.0000000E+00  0.0000000E+00
       320      2  0.4975506E-06 -0.2611463E-06  0.0000000E+00  0.0000000E+00 -0.4688240E-01  0.9996891E-04
       320      3  0.8627718E-06  0.1914541E-06  0.0000000E+00  0.0000000E+00 -0.9386949E-01  0.1997652E-03
       320      4  0.7982711E-06 -0.6682481E-06  0.0000000E+00  0.0000000E+00 -0.2354218E+00  0.4964535E-03

       330      0  0.0000000E+00  0.0000000E+00  0.0000000E+00  0.0000000E+00  0.0000000E+00  0.0000000E+00
       330      1  0.0000000E+00  0.0000000E+00  0.0000000E+00  0.0000000E+00  0.0000000E+00  0.0000000E+00
       330      2  0.7048693E-06  0.2180610E-07  0.0000000E+00  0.0000000E+00 -0.4813696E-01  0.9996633E-04
       330      3  0.3070275E-06 -0.2927439E-06  0.0000000E+00  0.0000000E+00 -0.9638100E-01  0.1997450E-03
       330      4  0.2894670E-05 -0.1068437E-06  0.0000000E+00  0.0000000E+00 -0.2417128E+00  0.4961418E-03

       340      0  0.0000000E+00  0.0000000E+00  0.0000000E+00  0.0000000E+00  0.0000000E+00  0.0000000E+00
       340      1  0.0000000E+00  0.0000000E+00  0.0000000E+00  0.0000000E+00  0.0000000E+00  0.0000000E+00
       340      2  0.9705066E-08 -0.2563214E-07  0.0000000E+00  0.0000000E+00 -0.4938004E-01  0.9996361E-04
       340      3  0.1638484E-05 -0.2129587E-06  0.0000000E+00  0.0000000E+00 -0.9886946E-01  0.1997237E-03
       340      4  0.6724789E-07 -0.1600138E-06  0.0000000E+00  0.0000000E+00 -0.2479448E+00  0.4958139E-03

       350      0  0.0000000E+00  0.0000000E+00  0.0000000E+00  0.0000000E+00  0.0000000E+00  0.0000000E+00
       350      1  0.0000000E+00  0.0000000E+00  0.0000000E+00  0.0000000E+00  0.0000000E+00  0.0000000E+00
       350      2  0.8335966E-06 -0.2382243E-06  0.0000000E+00  0.0000000E+00 -0.5061176E-01  0.9996077E-04
       350      3  0.6137928E-07  0.1434677E-06  0.0000000E+00  0.0000000E+00 -0.1013351E+00  0.1997014E-03
       350      4  0.3250679E-05 -0.6221280E-06  0.0000000E+00  0.0000000E+00 -0.2541184E+00  0.4954694E-03

       360      0  0.0000000E+00  0.0000000E+00  0.0000000E+00  0.0000000E+00  0.0000000E+00  0.0000000E+00
       360      1  0.0000000E+00  0.0000000E+00  0.0000000E+00  0.0000000E+00  0.0000000E+00  0.0000000E+00
       360      2  0.3066889E-06  0.1245542E-06  0.0000000E+00  0.0000000E+00 -0.5183220E-01  0.9995779E-04
       360      3  0.1255936E-05 -0.5072130E-06  0.0000000E+00  0.0000000E+00 -0.1037781E+00  0.1996780E-03
       360      4  0.1299158E-06  0.2948780E-06  0.0000000E+00  0.0000000E+00 -0.2602339E+00  0.4951083E-03

       370      0  0.0000000E+00  0.0000000E+00  0.0000000E+00  0.0000000E+00  0.0000000E+00  0.0000000E+00
       370      1  0.0000000E+00  0.0000000E+00  0.0000000E+00  0.0000000E+00  0.0000000E+00  0.0000000E+00
       370      2  0.2644189E-06 -0.2009841E-06  0.0000000E+00  0.0000000E+00 -0.5304148E-01  0.9995467E-04
       370      3  0.9195143E-06  0.1786164E-06  0.0000000E+00  0.0000000E+00 -0.1061986E+00  0.1996534E-03
       370      4  0.2772037E-05 -0.9554766E-06  0.0000000E+00  0.0000000E+00 -0.2662918E+00  0.4947303E-03

       380      0  0.0000000E+00  0.0000000E+00  0.0000000E+00  0.0000000E+00  0.0000000E+00  0.0000000E+00
       380      1  0.0000000E+00  0.0000000E+00  0.0000000E+00  0.0000000E+00  0.0000000E+00  0.0000000E+00
       380      2  0.8540631E-06 -0.8088431E-07  0.0000000E+00  0.0000000E+00 -0.5423970E-01  0.9995141E-04
       380      3  0.2636211E-06 -0.2691837E-06  0.0000000E+00  0.0000000E+00 -0.1085970E+00  0.1996278E-03
       380      4  0.9572970E-06  0.4628871E-06  0.0000000E+00  0.0000000E+00 -0.2722925E+00  0.4943351E-03

       390      0  0.0000000E+00  0.0000000E+00  0.0000000E+00  0.0000000E+00  0.0000000E+00  0.0000000E+00
       390      1  0.0000000E+00  0.0000000E+00  0.0000000E+00  0.0000000E+00  0.0000000E+00  0.0000000E+00
       390      2  0.2172313E-07  0.6650025E-07  0.0000000E+00  0.0000000E+00 -0.5542694E-01  0.9994801E-04
       390      3  0.1650416E-05 -0.2377452E-06  0.0000000E+00  0.0000000E+00 -0.1109732E+00  0.1996010E-03
       390      4  0.1699953E-05 -0.9345408E-06  0.0000000E+00  0.0000000E+00 -0.2782363E+00  0.4939227E-03

       400      0  0.0000000E+00  0.0000000E+00  0.0000000E+00  0.0000000E+00  0.0000000E+00  0.0000000E+00
       400      1  0.0000000E+00  0.0000000E+00  0.0000000E+00  0.0000000E+00  0.0000000E+00  0.0000000E+00
       400      2  0.6667492E-06 -0.2722254E-06  0.0000000E+00  0.0000000E+00 -0.5660333E-01  0.9994446E-04
       400      3  0.8489333E-07  0.1597427E-06  0.0000000E+00  0.0000000E+00 -0.1133277E+00  0.1995731E-03
       400      4  0.2126636E-05  0.2561039E-06  0.0000000E+00  0.0000000E+00 -0.2841237E+00  0.4934928E-03

       410      0  0.0000000E+00  0.0000000E+00  0.0000000E+00  0.0000000E+00  0.0000000E+00  0.0000000E+00
       410      1  0.0000000E+00  0.0000000E+00  0.0000000E+00  0.0000000E+00  0.0000000E+00  0.0000000E+00
       410      2  0.5423269E-06  0.8282946E-07  0.0000000E+00  0.0000000E+00 -0.5776894E-01  0.9994077E-04
       410      3  0.1205298E-05 -0.5083050E-06  0.0000000E+00  0.0000000E+00 -0.1156604E+00  0.1995440E-03
       410      4  0.5836677E-06 -0.5680762E-06  0.0000000E+00  0.0000000E+00 -0.2899550E+00  0.4930453E-03

       420      0  0.0000000E+00  0.0000000E+00  0.0000000E+00  0.0000000E+00  0.0000000E+00  0.0000000E+00
       420      1  0.0000000E+00  0.0000000E+00  0.0000000E+00  0.0000000E+00  0.0000000E+00  0.0000000E+00
       420      2  0.8188389E-07 -0.1051134E-06  0.0000000E+00  0.0000000E+00 -0.5892388E-01  0.9993694E-04
       420      3  0.9761317E-06  0.1642112E-06  0.0000000E+00  0.0000000E+00 -0.1179717E+00  0.1995138E-03
       420      4  0.3034517E-05 -0.2205678E-06  0.0000000E+00  0.0000000E+00 -0.2957307E+00  0.4925800E-03

       430      0  0.0000000E+00  0.0000000E+00  0.0000000E+00  0.0000000E+00  0.0000000E+00  0.0000000E+00
       430      1  0.0000000E+00  0.0000000E+00  0.0000000E+00  0.0000000E+00  0.0000000E+00  0.0000000E+00
       430      2  0.8893173E-06 -0.1813903E-06  0.0000000E+00  0.0000000E+00 -0.6006825E-01  0.9993295E-04
       430      3  0.2224812E-06 -0.2447964E-06  0.0000000E+00  0.0000000E+00 -0.1202617E+00  0.1994823E-03
       430      4  0.5744557E-09 -0.4380087E-07  0.0000000E+00  0.0000000E+00 -0.3014510E+00  0.4920969E-03

       440      0  0.0000000E+00  0.0000000E+00  0.0000000E+00  0.0000000E+00  0.0000000E+00  0.0000000E+00
       440      1  0.0000000E+00  0.0000000E+00  0.0000000E+00  0.0000000E+00  0.0000000E+00  0.0000000E+00
       440      2  0.1520893E-06  0.1196936E-06  0.0000000E+00  0.0000000E+00 -0.6120214E-01  0.9992882E-04
       440      3  0.1658419E-05 -0.2622239E-06  0.0000000E+00  0.0000000E+00 -0.1225306E+00  0.1994497E-03
       440      4  0.3207016E-05 -0.7211118E-06  0.0000000E+00  0.0000000E+00 -0.3071163E+00  0.4915957E-03

       450      0  0.0000000E+00  0.0000000E+00  0.0000000E+00  0.0000000E+00  0.0000000E+00  0.0000000E+00
       450      1  0.0000000E+00  0.0000000E+00  0.0000000E+00  0.0000000E+00  0.0000000E+00  0.0000000E+00
       450      2  0.4382206E-06 -0.2506378E-06  0.0000000E+00  0.0000000E+00 -0.6232564E-01  0.9992454E-04
       450      3  0.1120659E-06  0.1747522E-06  0.0000000E+00  0.0000000E+00 -0.1247786E+00  0.1994159E-03
       450      4  0.2567671E-06  0.3665273E-06  0.0000000E+00  0.0000000E+00 -0.3127271E+00  0.4910764E-03

       460      0  0.0000000E+00  0.0000000E+00  0.0000000E+00  0.0000000E+00  0.0000000E+00  0.0000000E+00
       460      1  0.0000000E+00  0.0000000E+00  0.0000000E+00  0.0000000E+00  0.0000000E+00  0.0000000E+00
       460      2  0.7510371E-06 -0.2402547E-08  0.0000000E+00  0.0000000E+00 -0.6343885E-01  0.9992010E-04
       460      3  0.1152307E-05 -0.5075986E-06  0.0000000E+00  0.0000000E+00 -0.1270059E+00  0.1993809E-03
       460      4  0.2548344E-05 -0.9843636E-06  0.0000000E+00  0.0000000E+00 -0.3182835E+00  0.4905389E-03

       470      0  0.0000000E+00  0.0000000E+00  0.0000000E+00  0.0000000E+00  0.0000000E+00  0.0000000E+00
       470      1  0.0000000E+00  0.0000000E+00  0.0000000E+00  0.0000000E+00  0.0000000E+00  0.0000000E+00
       470      2  0.9073630E-09 -0.2848774E-09  0.0000000E+00  0.0000000E+00 -0.6454186E-01  0.9991551E-04
       470      3  0.1032448E-05  0.1482441E-06  0.0000000E+00  0.0000000E+00 -0.1292125E+00  0.1993446E-03
       470      4  0.1223089E-05  0.4476322E-06  0.0000000E+00  0.0000000E+00 -0.3237861E+00  0.4899830E-03

       480      0  0.0000000E+00  0.0000000E+00  0.0000000E+00  0.0000000E+00  0.0000000E+00  0.0000000E+00
       480      1  0.0000000E+00  0.0000000E+00  0.0000000E+00  0.0000000E+00  0.0000000E+00  0.0000000E+00
       480      2  0.8007782E-06 -0.2516627E-06  0.0000000E+00  0.0000000E+00 -0.6563477E-01  0.9991076E-04
       480      3  0.1837867E-06 -0.2196337E-06  0.0000000E+00  0.0000000E+00 -0.1313989E+00  0.1993071E-03
       480      4  0.1397040E-05 -0.8704151E-06  0.0000000E+00  0.0000000E+00 -0.3292350E+00  0.4894088E-03

       490      0  0.0000000E+00  0.0000000E+00  0.0000000E+00  0.0000000E+00  0.0000000E+00  0.0000000E+00
       490      1  0.0000000E+00  0.0000000E+00  0.0000000E+00  0.0000000E+00  0.0000000E+00  0.0000000E+00
       490      2  0.3644530E-06  0.1190915E-06  0.0000000E+00  0.0000000E+00 -0.6671766E-01  0.9990586E-04
       490      3  0.1662359E-05 -0.2863116E-06  0.0000000E+00  0.0000000E+00 -0.1335650E+00  0.1992684E-03
       490      4  0.2395639E-05  0.1545990E-06  0.0000000E+00  0.0000000E+00 -0.3346307E+00  0.4888161E-03

       500      0  0.0000000E+00  0.0000000E+00  0.0000000E+00  0.0000000E+00  0.0000000E+00  0.0000000E+00
       500      1  0.0000000E+00  0.0000000E+00  0.0000000E+00  0.0000000E+00  0.0000000E+00  0.0000000E+00
       500      2  0.2117877E-06 -0.1794743E-06  0.0000000E+00  0.0000000E+00 -0.6779063E-01  0.9990080E-04
       500      3  0.1429136E-06  0.1884153E-06  0.0000000E+00  0.0000000E+00 -0.1357110E+00  0.1992284E-03
       500      4  0.3553743E-06 -0.4363095E-06  0.0000000E+00  0.0000000E+00 -0.3399734E+00  0.4882049E-03

       510      0  0.0000000E+00  0.0000000E+00  0.0000000E+00  0.0000000E+00  0.0000000E+00  0.0000000E+00
       510      1  0.0000000E+00  0.0000000E+00  0.0000000E+00  0.0000000E+00  0.0000000E+00  0.0000000E+00
       510      2  0.8745615E-06 -0.1073639E-06  0.0000000E+00  0.0000000E+00 -0.6885375E-01  0.9989558E-04
       510      3  0.1097058E-05 -0.5050429E-06  0.0000000E+00  0.0000000E+00 -0.1378372E+00  0.1991871E-03
       510      4  0.3154930E-05 -0.3603894E-06  0.0000000E+00  0.0000000E+00 -0.3452635E+00  0.4875752E-03

       520      0  0.0000000E+00  0.0000000E+00  0.0000000E+00  0.0000000E+00  0.0000000E+00  0.0000000E+00
       520      1  0.0000000E+00  0.0000000E+00  0.0000000E+00  0.0000000E+00  0.0000000E+00  0.0000000E+00
       520      2  0.4412717E-07  0.8424167E-07  0.0000000E+00  0.0000000E+00 -0.6990713E-01  0.9989020E-04
       520      3  0.1088275E-05  0.1307176E-06  0.0000000E+00  0.0000000E+00 -0.1399438E+00  0.1991446E-03
       520      4 -0.2447191E-07  0.9051167E-07  0.0000000E+00  0.0000000E+00 -0.3505013E+00  0.4869269E-03

       530      0  0.0000000E+00  0.0000000E+00  0.0000000E+00  0.0000000E+00  0.0000000E+00  0.0000000E+00
       530      1  0.0000000E+00  0.0000000E+00  0.0000000E+00  0.0000000E+00  0.0000000E+00  0.0000000E+00
       530      2  0.6131267E-06 -0.2720760E-06  0.0000000E+00  0.0000000E+00 -0.7095085E-01  0.9988467E-04
       530      3  0.1477356E-06 -0.1937500E-06  0.0000000E+00  0.0000000E+00 -0.1420307E+00  0.1991008E-03
       530      4  0.3092471E-05 -0.8250682E-06  0.0000000E+00  0.0000000E+00 -0.3556870E+00  0.4862599E-03

       540      0  0.0000000E+00  0.0000000E+00  0.0000000E+00  0.0000000E+00  0.0000000E+00  0.0000000E+00
       540      1  0.0000000E+00  0.0000000E+00  0.0000000E+00  0.0000000E+00  0.0000000E+00  0.0000000E+00
       540      2  0.5995584E-06  0.6484394E-07  0.0000000E+00  0.0000000E+00 -0.7198500E-01  0.9987897E-04
       540      3  0.1662088E-05 -0.3099183E-06  0.0000000E+00  0.0000000E+00 -0.1440984E+00  0.1990558E-03
       540      4  0.4646369E-06  0.4299512E-06  0.0000000E+00  0.0000000E+00 -0.3608210E+00  0.4855744E-03

       550      0  0.0000000E+00  0.0000000E+00  0.0000000E+00  0.0000000E+00  0.0000000E+00  0.0000000E+00
       550      1  0.0000000E+00  0.0000000E+00  0.0000000E+00  0.0000000E+00  0.0000000E+00  0.0000000E+00
       550      2  0.5066909E-07 -0.7858532E-07  0.0000000E+00  0.0000000E+00 -0.7300966E-01  0.9987311E-04
       550      3  0.1774612E-06  0.2006419E-06  0.0000000E+00  0.0000000E+00 -0.1461468E+00  0.1990094E-03
       550      4  0.2233191E-05 -0.9900757E-06  0.0000000E+00  0.0000000E+00 -0.3659035E+00  0.4848702E-03

       560      0  0.0000000E+00  0.0000000E+00  0.0000000E+00  0.0000000E+00  0.0000000E+00  0.0000000E+00
       560      1  0.0000000E+00  0.0000000E+00  0.0000000E+00  0.0000000E+00  0.0000000E+00  0.0000000E+00
       560      2  0.8783800E-06 -0.2027568E-06  0.0000000E+00  0.0000000E+00 -0.7402491E-01  0.9986709E-04
       560      3  0.1039651E-05 -0.5005806E-06  0.0000000E+00  0.0000000E+00 -0.1481762E+00  0.1989618E-03
       560      4  0.1566622E-05  0.3982473E-06  0.0000000E+00  0.0000000E+00 -0.3709349E+00  0.4841474E-03

       570      0  0.0000000E+00  0.0000000E+00  0.0000000E+00  0.0000000E+00  0.0000000E+00  0.0000000E+00
       570      1  0.0000000E+00  0.0000000E+00  0.0000000E+00  0.0000000E+00  0.0000000E+00  0.0000000E+00
       570      2  0.1995238E-06  0.1248571E-06  0.0000000E+00  0.0000000E+00 -0.7503084E-01  0.9986090E-04
       570      3  0.1143409E-05  0.1116330E-06  0.0000000E+00  0.0000000E+00 -0.1501868E+00  0.1989129E-03
       570      4  0.1031307E-05 -0.7635103E-06  0.0000000E+00  0.0000000E+00 -0.3759154E+00  0.4834060E-03

       580      0  0.0000000E+00  0.0000000E+00  0.0000000E+00  0.0000000E+00  0.0000000E+00  0.0000000E+00
       580      1  0.0000000E+00  0.0000000E+00  0.0000000E+00  0.0000000E+00  0.0000000E+00  0.0000000E+00
       580      2  0.3787181E-06 -0.2369089E-06  0.0000000E+00  0.0000000E+00 -0.7602755E-01  0.9985455E-04
       580      3  0.1145495E-06 -0.1672054E-06  0.0000000E+00  0.0000000E+00 -0.1521786E+00  0.1988626E-03
       580      4  0.2690175E-05  0.9226921E-08  0.0000000E+00  0.0000000E+00 -0.3808453E+00  0.4826460E-03

       590      0  0.0000000E+00  0.0000000E+00  0.0000000E+00  0.0000000E+00  0.0000000E+00  0.0000000E+00
       590      1  0.0000000E+00  0.0000000E+00  0.0000000E+00  0.0000000E+00  0.0000000E+00  0.0000000E+00
       590      2  0.7917573E-06 -0.2792306E-07  0.0000000E+00  0.0000000E+00 -0.7701509E-01  0.9984803E-04
       590      3  0.1657442E-05 -0.3329441E-06  0.0000000E+00  0.0000000E+00 -0.1541519E+00  0.1988111E-03
       590      4  0.1340805E-06 -0.2642357E-06  0.0000000E+00  0.0000000E+00 -0.3857248E+00  0.4818674E-03

       600      0  0.0000000E+00  0.0000000E+00  0.0000000E+00  0.0000000E+00  0.0000000E+00  0.0000000E+00
       600      1  0.0000000E+00  0.0000000E+00  0.0000000E+00  0.0000000E+00  0.0000000E+00  0.0000000E+00
       600      2 -0.1126662E-09  0.2386768E-07  0.0000000E+00  0.0000000E+00 -0.7799357E-01  0.9984135E-04
       600      3  0.2157378E-06  0.2113314E-06  0.0000000E+00  0.0000000E+00 -0.1561067E+00  0.1987583E-03
       600      4  0.3222309E-05 -0.5286392E-06  0.0000000E+00  0.0000000E+00 -0.3905543E+00  0.4810704E-03

       610      0  0.0000000E+00  0.0000000E+00  0.0000000E+00  0.0000000E+00  0.0000000E+00  0.0000000E+00
       610      1  0.0000000E+00  0.0000000E+00  0.0000000E+00  0.0000000E+00  0.0000000E+00  0.0000000E+00
       610      2  0.7613621E-06 -0.2619326E-06  0.0000000E+00  0.0000000E+00 -0.7896306E-01  0.9983451E-04
       610      3  0.9801983E-06 -0.4941483E-06  0.0000000E+00  0.0000000E+00 -0.1580434E+00  0.1987041E-03
       610      4  0.3338469E-07  0.2379532E-06  0.0000000E+00  0.0000000E+00 -0.3953339E+00  0.4802550E-03

       620      0  0.0000000E+00  0.0000000E+00  0.0000000E+00  0.0000000E+00  0.0000000E+00  0.0000000E+00
       620      1  0.0000000E+00  0.0000000E+00  0.0000000E+00  0.0000000E+00  0.0000000E+00  0.0000000E+00
       620      2  0.4237418E-06  0.1101957E-06  0.0000000E+00  0.0000000E+00 -0.7992364E-01  0.9982749E-04
       620      3  0.1197623E-05  0.9099217E-07  0.0000000E+00  0.0000000E+00 -0.1599619E+00  0.1986487E-03
       620      4  0.2863403E-05 -0.9216395E-06  0.0000000E+00  0.0000000E+00 -0.4000640E+00  0.4794211E-03

       630      0  0.0000000E+00  0.0000000E+00  0.0000000E+00  0.0000000E+00  0.0000000E+00  0.0000000E+00
       630      1  0.0000000E+00  0.0000000E+00  0.0000000E+00  0.0000000E+00  0.0000000E+00  0.0000000E+00
       630      2  0.1630001E-06 -0.1559543E-06  0.0000000E+00  0.0000000E+00 -0.8087539E-01  0.9982031E-04
       630      3  0.8447721E-07 -0.1400683E-06  0.0000000E+00  0.0000000E+00 -0.1618625E+00  0.1985919E-03
       630      4  0.7915351E-06  0.4668517E-06  0.0000000E+00  0.0000000E+00 -0.4047447E+00  0.4785690E-03

       640      0  0.0000000E+00  0.0000000E+00  0.0000000E+00  0.0000000E+00  0.0000000E+00  0.0000000E+00
       640      1  0.0000000E+00  0.0000000E+00  0.0000000E+00  0.0000000E+00  0.0000000E+00  0.0000000E+00
       640      2  0.8873229E-06 -0.1333133E-06  0.0000000E+00  0.0000000E+00 -0.8181839E-01  0.9981297E-04
       640      3  0.1648241E-05 -0.3552771E-06  0.0000000E+00  0.0000000E+00 -0.1637453E+00  0.1985338E-03
       640      4  0.1800462E-05 -0.9507053E-06  0.0000000E+00  0.0000000E+00 -0.4093764E+00  0.4776986E-03

       650      0  0.0000000E+00  0.0000000E+00  0.0000000E+00  0.0000000E+00  0.0000000E+00  0.0000000E+00
       650      1  0.0000000E+00  0.0000000E+00  0.0000000E+00  0.0000000E+00  0.0000000E+00  0.0000000E+00
       650      2  0.7368339E-07  0.9926299E-07  0.0000000E+00  0.0000000E+00 -0.8275271E-01  0.9980545E-04
       650      3  0.2577723E-06  0.2203717E-06  0.0000000E+00  0.0000000E+00 -0.1656105E+00  0.1984744E-03
       650      4  0.1995630E-05  0.2926784E-06  0.0000000E+00  0.0000000E+00 -0.4139593E+00  0.4768101E-03

       660      0  0.0000000E+00  0.0000000E+00  0.0000000E+00  0.0000000E+00  0.0000000E+00  0.0000000E+00
       660      1  0.0000000E+00  0.0000000E+00  0.0000000E+00  0.0000000E+00  0.0000000E+00  0.0000000E+00
       660      2  0.5561206E-06 -0.2683332E-06  0.0000000E+00  0.0000000E+00 -0.8367844E-01  0.9979777E-04
       660      3  0.9188359E-06 -0.4856773E-06  0.0000000E+00  0.0000000E+00 -0.1674581E+00  0.1984137E-03
       660      4  0.6159837E-06 -0.5952353E-06  0.0000000E+00  0.0000000E+00 -0.4184935E+00  0.4759036E-03

       670      0  0.0000000E+00  0.0000000E+00  0.0000000E+00  0.0000000E+00  0.0000000E+00  0.0000000E+00
       670      1  0.0000000E+00  0.0000000E+00  0.0000000E+00  0.0000000E+00  0.0000000E+00  0.0000000E+00
       670      2  0.6541549E-06  0.4432252E-07  0.0000000E+00  0.0000000E+00 -0.8459566E-01  0.9978992E-04
       670      3  0.1250659E-05  0.6880045E-07  0.0000000E+00  0.0000000E+00 -0.1692885E+00  0.1983516E-03
       670      4  0.2975335E-05 -0.1914818E-06  0.0000000E+00  0.0000000E+00 -0.4229795E+00  0.4749791E-03

       680      0  0.0000000E+00  0.0000000E+00  0.0000000E+00  0.0000000E+00  0.0000000E+00  0.0000000E+00
       680      1  0.0000000E+00  0.0000000E+00  0.0000000E+00  0.0000000E+00  0.0000000E+00  0.0000000E+00
       680      2  0.2625732E-07 -0.5180501E-07  0.0000000E+00  0.0000000E+00 -0.8550443E-01  0.9978190E-04
       680      3  0.5779749E-07 -0.1124184E-06  0.0000000E+00  0.0000000E+00 -0.1711016E+00  0.1982883E-03
       680      4 -0.2786701E-07 -0.5011990E-07  0.0000000E+00  0.0000000E+00 -0.4274172E+00  0.4740368E-03

       690      0  0.0000000E+00  0.0000000E+00  0.0000000E+00  0.0000000E+00  0.0000000E+00  0.0000000E+00
       690      1  0.0000000E+00  0.0000000E+00  0.0000000E+00  0.0000000E+00  0.0000000E+00  0.0000000E+00
       690      2  0.8594652E-06 -0.2218765E-06  0.0000000E+00  0.0000000E+00 -0.8640483E-01  0.9977371E-04
       690      3  0.1634293E-05 -0.3767903E-06  0.0000000E+00  0.0000000E+00 -0.1728976E+00  0.1982236E-03
       690      4  0.3173273E-05 -0.7158554E-06  0.0000000E+00  0.0000000E+00 -0.4318071E+00  0.4730768E-03

       700      0  0.0000000E+00  0.0000000E+00  0.0000000E+00  0.0000000E+00  0.0000000E+00  0.0000000E+00
       700      1  0.0000000E+00  0.0000000E+00  0.0000000E+00  0.0000000E+00  0.0000000E+00  0.0000000E+00
       700      2  0.2514985E-06  0.1265098E-06  0.0000000E+00  0.0000000E+00 -0.8729693E-01  0.9976536E-04
       700      3  0.3035879E-06  0.2276381E-06  0.0000000E+00  0.0000000E+00 -0.1746767E+00  0.1981576E-03
       700      4  0.2383590E-06  0.3783660E-06  0.0000000E+00  0.0000000E+00 -0.4361493E+00  0.4720993E-03

       710      0  0.0000000E+00  0.0000000E+00  0.0000000E+00  0.0000000E+00  0.0000000E+00  0.0000000E+00
       710      1  0.0000000E+00  0.0000000E+00  0.0000000E+00  0.0000000E+00  0.0000000E+00  0.0000000E+00
       710      2  0.3199520E-06 -0.2201292E-06  0.0000000E+00  0.0000000E+00 -0.8818082E-01  0.9975683E-04
       710      3  0.8557256E-06 -0.4750948E-06  0.0000000E+00  0.0000000E+00 -0.1764390E+00  0.1980902E-03
       710      4  0.2465088E-05 -0.9821558E-06  0.0000000E+00  0.0000000E+00 -0.4404440E+00  0.4711043E-03

       720      0  0.0000000E+00  0.0000000E+00  0.0000000E+00  0.0000000E+00  0.0000000E+00  0.0000000E+00
       720      1  0.0000000E+00  0.0000000E+00  0.0000000E+00  0.0000000E+00  0.0000000E+00  0.0000000E+00
       720      2  0.8263282E-06 -0.5437967E-07  0.0000000E+00  0.0000000E+00 -0.8905657E-01  0.9974814E-04
       720      3  0.1302224E-05  0.4506925E-07  0.0000000E+00  0.0000000E+00 -0.1781847E+00  0.1980216E-03
       720      4  0.1271797E-05  0.4441183E-06  0.0000000E+00  0.0000000E+00 -0.4446915E+00  0.4700920E-03

       730      0  0.0000000E+00  0.0000000E+00  0.0000000E+00  0.0000000E+00  0.0000000E+00  0.0000000E+00
       730      1  0.0000000E+00  0.0000000E+00  0.0000000E+00  0.0000000E+00  0.0000000E+00  0.0000000E+00
       730      2  0.6765626E-08  0.4643767E-07  0.0000000E+00  0.0000000E+00 -0.8992423E-01  0.9973928E-04
       730      3  0.3482108E-07 -0.8435058E-07  0.0000000E+00  0.0000000E+00 -0.1799138E+00  0.1979516E-03
       730      4  0.1243812E-05 -0.8338039E-06  0.0000000E+00  0.0000000E+00 -0.4488920E+00  0.4690625E-03

       740      0  0.0000000E+00  0.0000000E+00  0.0000000E+00  0.0000000E+00  0.0000000E+00  0.0000000E+00
       740      1  0.0000000E+00  0.0000000E+00  0.0000000E+00  0.0000000E+00  0.0000000E+00  0.0000000E+00
       740      2  0.7158574E-06 -0.2688292E-06  0.0000000E+00  0.0000000E+00 -0.9078390E-01  0.9973025E-04
       740      3  0.1615393E-05 -0.3973397E-06  0.0000000E+00  0.0000000E+00 -0.1816266E+00  0.1978803E-03
       740      4  0.2483911E-05  0.1048556E-06  0.0000000E+00  0.0000000E+00 -0.4530456E+00  0.4680161E-03

       750      0  0.0000000E+00  0.0000000E+00  0.0000000E+00  0.0000000E+00  0.0000000E+00  0.0000000E+00
       750      1  0.0000000E+00  0.0000000E+00  0.0000000E+00  0.0000000E+00  0.0000000E+00  0.0000000E+00
       750      2  0.4836615E-06  0.9795279E-07  0.0000000E+00  0.0000000E+00 -0.9163563E-01  0.9972104E-04
       750      3  0.3531949E-06  0.2329934E-06  0.0000000E+00  0.0000000E+00 -0.1833231E+00  0.1978077E-03
       750      4  0.2084030E-06 -0.3509877E-06  0.0000000E+00  0.0000000E+00 -0.4571526E+00  0.4669528E-03

       760      0  0.0000000E+00  0.0000000E+00  0.0000000E+00  0.0000000E+00  0.0000000E+00  0.0000000E+00
       760      1  0.0000000E+00  0.0000000E+00  0.0000000E+00  0.0000000E+00  0.0000000E+00  0.0000000E+00
       760      2  0.1188682E-06 -0.1307553E-06  0.0000000E+00  0.0000000E+00 -0.9247951E-01  0.9971167E-04
       760      3  0.7910649E-06 -0.4623262E-06  0.0000000E+00  0.0000000E+00 -0.1850035E+00  0.1977338E-03
       760      4  0.3168799E-05 -0.4468494E-06  0.0000000E+00  0.0000000E+00 -0.4612132E+00  0.4658729E-03

       770      0  0.0000000E+00  0.0000000E+00  0.0000000E+00  0.0000000E+00  0.0000000E+00  0.0000000E+00
       770      1  0.0000000E+00  0.0000000E+00  0.0000000E+00  0.0000000E+00  0.0000000E+00  0.0000000E+00
       770      2  0.8920215E-06 -0.1583223E-06  0.0000000E+00  0.0000000E+00 -0.9331559E-01  0.9970214E-04
       770      3  0.1351983E-05  0.1981972E-07  0.0000000E+00  0.0000000E+00 -0.1866679E+00  0.1976585E-03
       770      4 -0.3503751E-07  0.1886279E-06  0.0000000E+00  0.0000000E+00 -0.4652276E+00  0.4647765E-03

       780      0  0.0000000E+00  0.0000000E+00  0.0000000E+00  0.0000000E+00  0.0000000E+00  0.0000000E+00
       780      1  0.0000000E+00  0.0000000E+00  0.0000000E+00  0.0000000E+00  0.0000000E+00  0.0000000E+00
       780      2  0.1100546E-06  0.1112856E-06  0.0000000E+00  0.0000000E+00 -0.9414395E-01  0.9969243E-04
       780      3  0.1589140E-07 -0.5597769E-07  0.0000000E+00  0.0000000E+00 -0.1883165E+00  0.1975820E-03
       780      4  0.2914062E-05 -0.8890636E-06  0.0000000E+00  0.0000000E+00 -0.4691960E+00  0.4636638E-03

       790      0  0.0000000E+00  0.0000000E+00  0.0000000E+00  0.0000000E+00  0.0000000E+00  0.0000000E+00
       790      1  0.0000000E+00  0.0000000E+00  0.0000000E+00  0.0000000E+00  0.0000000E+00  0.0000000E+00
       790      2  0.4965545E-06 -0.2609915E-06  0.0000000E+00  0.0000000E+00 -0.9496466E-01  0.9968255E-04
       790      3  0.1591328E-05 -0.4167625E-06  0.0000000E+00  0.0000000E+00 -0.1899493E+00  0.1975041E-03
       790      4  0.6658384E-06  0.4673250E-06  0.0000000E+00  0.0000000E+00 -0.4731185E+00  0.4625350E-03

       800      0  0.0000000E+00  0.0000000E+00  0.0000000E+00  0.0000000E+00  0.0000000E+00  0.0000000E+00
       800      1  0.0000000E+00  0.0000000E+00  0.0000000E+00  0.0000000E+00  0.0000000E+00  0.0000000E+00
       800      2  0.7052195E-06  0.2153768E-07  0.0000000E+00  0.0000000E+00 -0.9577778E-01  0.9967251E-04
       800      3  0.4065825E-06  0.2362883E-06  0.0000000E+00  0.0000000E+00 -0.1915665E+00  0.1974250E-03
       800      4  0.1855297E-05 -0.9571980E-06  0.0000000E+00  0.0000000E+00 -0.4769954E+00  0.4613903E-03

       810      0  0.0000000E+00  0.0000000E+00  0.0000000E+00  0.0000000E+00  0.0000000E+00  0.0000000E+00
       810      1  0.0000000E+00  0.0000000E+00  0.0000000E+00  0.0000000E+00  0.0000000E+00  0.0000000E+00
       810      2  0.9156838E-08 -0.2518417E-07  0.0000000E+00  0.0000000E+00 -0.9658338E-01  0.9966229E-04
       810      3  0.7250951E-06 -0.4472977E-06  0.0000000E+00  0.0000000E+00 -0.1931683E+00  0.1973445E-03
       810      4  0.1903431E-05  0.3154606E-06  0.0000000E+00  0.0000000E+00 -0.4808269E+00  0.4602298E-03

       820      0  0.0000000E+00  0.0000000E+00  0.0000000E+00  0.0000000E+00  0.0000000E+00  0.0000000E+00
       820      1  0.0000000E+00  0.0000000E+00  0.0000000E+00  0.0000000E+00  0.0000000E+00  0.0000000E+00
       820      2  0.8327115E-06 -0.2384074E-06  0.0000000E+00  0.0000000E+00 -0.9738153E-01  0.9965191E-04
       820      3  0.1399555E-05 -0.6913368E-08  0.0000000E+00  0.0000000E+00 -0.1947547E+00  0.1972627E-03
       820      4  0.6135619E-06 -0.6045834E-06  0.0000000E+00  0.0000000E+00 -0.4846132E+00  0.4590539E-03

       830      0  0.0000000E+00  0.0000000E+00  0.0000000E+00  0.0000000E+00  0.0000000E+00  0.0000000E+00
       830      1  0.0000000E+00  0.0000000E+00  0.0000000E+00  0.0000000E+00  0.0000000E+00  0.0000000E+00
       830      2  0.3072940E-06  0.1245549E-06  0.0000000E+00  0.0000000E+00 -0.9817229E-01  0.9964136E-04
       830      3  0.1384055E-08 -0.2743449E-07  0.0000000E+00  0.0000000E+00 -0.1963258E+00  0.1971797E-03
       830      4  0.2936427E-05 -0.1811796E-06  0.0000000E+00  0.0000000E+00 -0.4883544E+00  0.4578626E-03

       840      0  0.0000000E+00  0.0000000E+00  0.0000000E+00  0.0000000E+00  0.0000000E+00  0.0000000E+00
       840      1  0.0000000E+00  0.0000000E+00  0.0000000E+00  0.0000000E+00  0.0000000E+00  0.0000000E+00
       840      2  0.2628576E-06 -0.2004977E-06  0.0000000E+00  0.0000000E+00 -0.9895573E-01  0.9963064E-04
       840      3  0.1561888E-05 -0.4348748E-06  0.0000000E+00  0.0000000E+00 -0.1978819E+00  0.1970953E-03
       840      4 -0.6383585E-07 -0.3837557E-07  0.0000000E+00  0.0000000E+00 -0.4920507E+00  0.4566562E-03

       850      0  0.0000000E+00  0.0000000E+00  0.0000000E+00  0.0000000E+00  0.0000000E+00  0.0000000E+00
       850      1  0.0000000E+00  0.0000000E+00  0.0000000E+00  0.0000000E+00  0.0000000E+00  0.0000000E+00
       850      2  0.8540763E-06 -0.8137783E-07  0.0000000E+00  0.0000000E+00 -0.9973191E-01  0.9961976E-04
       850      3  0.4637101E-06  0.2373623E-06  0.0000000E+00  0.0000000E+00 -0.1994229E+00  0.1970097E-03
       850      4  0.3129440E-05 -0.7245773E-06  0.0000000E+00  0.0000000E+00 -0.4957024E+00  0.4554350E-03

       860      0  0.0000000E+00  0.0000000E+00  0.0000000E+00  0.0000000E+00  0.0000000E+00  0.0000000E+00
       860      1  0.0000000E+00  0.0000000E+00  0.0000000E+00  0.0000000E+00  0.0000000E+00  0.0000000E+00
       860      2  0.2160981E-07  0.6703543E-07  0.0000000E+00  0.0000000E+00 -0.1005009E+00  0.9960871E-04
       860      3  0.6581094E-06 -0.4299394E-06  0.0000000E+00  0.0000000E+00 -0.2009491E+00  0.1969228E-03
       860      4  0.2436232E-06  0.3981953E-06  0.0000000E+00  0.0000000E+00 -0.4993095E+00  0.4541991E-03

       870      0  0.0000000E+00  0.0000000E+00  0.0000000E+00  0.0000000E+00  0.0000000E+00  0.0000000E+00
       870      1  0.0000000E+00  0.0000000E+00  0.0000000E+00  0.0000000E+00  0.0000000E+00  0.0000000E+00
       870      2  0.6648434E-06 -0.2721674E-06  0.0000000E+00  0.0000000E+00 -0.1012628E+00  0.9959749E-04
       870      3  0.1444507E-05 -0.3507729E-07  0.0000000E+00  0.0000000E+00 -0.2024606E+00  0.1968346E-03
       870      4  0.2347972E-05 -0.9802605E-06  0.0000000E+00  0.0000000E+00 -0.5028723E+00  0.4529487E-03

       880      0  0.0000000E+00  0.0000000E+00  0.0000000E+00  0.0000000E+00  0.0000000E+00  0.0000000E+00
       880      1  0.0000000E+00  0.0000000E+00  0.0000000E+00  0.0000000E+00  0.0000000E+00  0.0000000E+00
       880      2  0.5432827E-06  0.8247733E-07  0.0000000E+00  0.0000000E+00 -0.1020176E+00  0.9958610E-04
       880      3 -0.8295243E-08  0.1119062E-08  0.0000000E+00  0.0000000E+00 -0.2039574E+00  0.1967451E-03
       880      4  0.1357459E-05  0.4332956E-06  0.0000000E+00  0.0000000E+00 -0.5063910E+00  0.4516842E-03

       890      0  0.0000000E+00  0.0000000E+00  0.0000000E+00  0.0000000E+00  0.0000000E+00  0.0000000E+00
       890      1  0.0000000E+00  0.0000000E+00  0.0000000E+00  0.0000000E+00  0.0000000E+00  0.0000000E+00
       890      2  0.8020388E-07 -0.1042357E-06  0.0000000E+00  0.0000000E+00 -0.1027653E+00  0.9957455E-04
       890      3  0.1526864E-05 -0.4514712E-06  0.0000000E+00  0.0000000E+00 -0.2054397E+00  0.1966543E-03
       890      4  0.1060576E-05 -0.7841217E-06  0.0000000E+00  0.0000000E+00 -0.5098658E+00  0.4504057E-03

       900      0  0.0000000E+00  0.0000000E+00  0.0000000E+00  0.0000000E+00  0.0000000E+00  0.0000000E+00
       900      1  0.0000000E+00  0.0000000E+00  0.0000000E+00  0.0000000E+00  0.0000000E+00  0.0000000E+00
       900      2  0.8883859E-06 -0.1819712E-06  0.0000000E+00  0.0000000E+00 -0.1035062E+00  0.9956284E-04
       900      3  0.5244965E-06  0.2360458E-06  0.0000000E+00  0.0000000E+00 -0.2069076E+00  0.1965623E-03
       900      4  0.2589613E-05  0.3925957E-07  0.0000000E+00  0.0000000E+00 -0.5132967E+00  0.4491135E-03

       910      0  0.0000000E+00  0.0000000E+00  0.0000000E+00  0.0000000E+00  0.0000000E+00  0.0000000E+00
       910      1  0.0000000E+00  0.0000000E+00  0.0000000E+00  0.0000000E+00  0.0000000E+00  0.0000000E+00
       910      2  0.1528370E-06  0.1200422E-06  0.0000000E+00  0.0000000E+00 -0.1042402E+00  0.9955095E-04
       910      3  0.5904619E-06 -0.4101897E-06  0.0000000E+00  0.0000000E+00 -0.2083611E+00  0.1964691E-03
       910      4  0.6662029E-07 -0.2520857E-06  0.0000000E+00  0.0000000E+00 -0.5166840E+00  0.4478078E-03

       920      0  0.0000000E+00  0.0000000E+00  0.0000000E+00  0.0000000E+00  0.0000000E+00  0.0000000E+00
       920      1  0.0000000E+00  0.0000000E+00  0.0000000E+00  0.0000000E+00  0.0000000E+00  0.0000000E+00
       920      2  0.4353138E-06 -0.2500748E-06  0.0000000E+00  0.0000000E+00 -0.1049673E+00  0.9953891E-04
       920      3  0.1486354E-05 -0.6459666E-07  0.0000000E+00  0.0000000E+00 -0.2098006E+00  0.1963745E-03
       920      4  0.3158625E-05 -0.5406640E-06  0.0000000E+00  0.0000000E+00 -0.5200279E+00  0.4464889E-03

       930      0  0.0000000E+00  0.0000000E+00  0.0000000E+00  0.0000000E+00  0.0000000E+00  0.0000000E+00
       930      1  0.0000000E+00  0.0000000E+00  0.0000000E+00  0.0000000E+00  0.0000000E+00  0.0000000E+00
       930      2  0.7518445E-06 -0.3206843E-08  0.0000000E+00  0.0000000E+00 -0.1056877E+00  0.9952670E-04
       930      3 -0.1271448E-07  0.2949441E-07  0.0000000E+00  0.0000000E+00 -0.2112259E+00  0.1962788E-03
       930      4  0.1377584E-09  0.2829918E-06  0.0000000E+00  0.0000000E+00 -0.5233286E+00  0.4451569E-03

       940      0  0.0000000E+00  0.0000000E+00  0.0000000E+00  0.0000000E+00  0.0000000E+00  0.0000000E+00
       940      1  0.0000000E+00  0.0000000E+00  0.0000000E+00  0.0000000E+00  0.0000000E+00  0.0000000E+00
       940      2 -0.1568532E-09  0.8457409E-09  0.0000000E+00  0.0000000E+00 -0.1064014E+00  0.9951432E-04
       940      3  0.1486068E-05 -0.4663236E-06  0.0000000E+00  0.0000000E+00 -0.2126373E+00  0.1961818E-03
       940      4  0.2686242E-05 -0.9376000E-06  0.0000000E+00  0.0000000E+00 -0.5265861E+00  0.4438123E-03

       950      0  0.0000000E+00  0.0000000E+00  0.0000000E+00  0.0000000E+00  0.0000000E+00  0.0000000E+00
       950      1  0.0000000E+00  0.0000000E+00  0.0000000E+00  0.0000000E+00  0.0000000E+00  0.0000000E+00
       950      2  0.7983338E-06 -0.2520122E-06  0.0000000E+00  0.0000000E+00 -0.1071084E+00  0.9950178E-04
       950      3  0.5888089E-06  0.2321622E-06  0.0000000E+00  0.0000000E+00 -0.2140348E+00  0.1960835E-03
       950      4  0.9152597E-06  0.4772084E-06  0.0000000E+00  0.0000000E+00 -0.5298008E+00  0.4424552E-03

       960      0  0.0000000E+00  0.0000000E+00  0.0000000E+00  0.0000000E+00  0.0000000E+00  0.0000000E+00
       960      1  0.0000000E+00  0.0000000E+00  0.0000000E+00  0.0000000E+00  0.0000000E+00  0.0000000E+00
       960      2  0.3661219E-06  0.1189209E-06  0.0000000E+00  0.0000000E+00 -0.1078089E+00  0.9948908E-04
       960      3  0.5225754E-06 -0.3879997E-06  0.0000000E+00  0.0000000E+00 -0.2154186E+00  0.1959840E-03
       960      4  0.1458045E-05 -0.8909919E-06  0.0000000E+00  0.0000000E+00 -0.5329727E+00  0.4410859E-03

       970      0  0.0000000E+00  0.0000000E+00  0.0000000E+00  0.0000000E+00  0.0000000E+00  0.0000000E+00
       970      1  0.0000000E+00  0.0000000E+00  0.0000000E+00  0.0000000E+00  0.0000000E+00  0.0000000E+00
       970      2  0.2084099E-06 -0.1782495E-06  0.0000000E+00  0.0000000E+00 -0.1085028E+00  0.9947622E-04
       970      3  0.1524551E-05 -0.9536839E-07  0.0000000E+00  0.0000000E+00 -0.2167888E+00  0.1958833E-03
       970      4  0.2228216E-05  0.1991458E-06  0.0000000E+00  0.0000000E+00 -0.5361020E+00  0.4397046E-03

       980      0  0.0000000E+00  0.0000000E+00  0.0000000E+00  0.0000000E+00  0.0000000E+00  0.0000000E+00
       980      1  0.0000000E+00  0.0000000E+00  0.0000000E+00  0.0000000E+00  0.0000000E+00  0.0000000E+00
       980      2  0.8743519E-06 -0.1084961E-06  0.0000000E+00  0.0000000E+00 -0.1091902E+00  0.9946319E-04
       980      3 -0.1142116E-07  0.5747135E-07  0.0000000E+00  0.0000000E+00 -0.2181454E+00  0.1957814E-03
       980      4  0.2625835E-06 -0.4235580E-06  0.0000000E+00  0.0000000E+00 -0.5391890E+00  0.4383116E-03

       990      0  0.0000000E+00  0.0000000E+00  0.0000000E+00  0.0000000E+00  0.0000000E+00  0.0000000E+00
       990      1  0.0000000E+00  0.0000000E+00  0.0000000E+00  0.0000000E+00  0.0000000E+00  0.0000000E+00
       990      2  0.4442307E-07  0.8526541E-07  0.0000000E+00  0.0000000E+00 -0.1098713E+00  0.9945000E-04
       990      3  0.1439337E-05 -0.4791822E-06  0.0000000E+00  0.0000000E+00 -0.2194886E+00  0.1956783E-03
       990      4  0.3076657E-05 -0.3751000E-06  0.0000000E+00  0.0000000E+00 -0.5422337E+00  0.4369072E-03

      1000      0  0.0000000E+00  0.0000000E+00  0.0000000E+00  0.0000000E+00  0.0000000E+00  0.0000000E+00
      1000      1  0.0000000E+00  0.0000000E+00  0.0000000E+00  0.0000000E+00  0.0000000E+00  0.0000000E+00
      1000      2  0.6089858E-06 -0.2717831E-06  0.0000000E+00  0.0000000E+00 -0.1105460E+00  0.9943666E-04
      1000      3  0.6564504E-06  0.2255323E-06  0.0000000E+00  0.0000000E+00 -0.2208185E+00  0.1955739E-03
      1000      4 -0.1111739E-06  0.1624505E-06  0.0000000E+00  0.0000000E+00 -0.5452363E+00  0.4354916E-03
