# number of spin vectors:       5
# iteration vector   S_X            S_Y            S_Z
         0      0  0.0000000E+00  0.0000000E+00  0.0000000E+00
         0      1  0.0000000E+00  0.0000000E+00  0.1000000E+01
         0      2  0.0000000E+00  0.0000000E+00  0.1000000E+01
         0      3  0.0000000E+00  0.0000000E+00  0.1000000E+01
         0      4  0.0000000E+00  0.0000000E+00  0.1000000E+01

        10      0  0.0000000E+00  0.0000000E+00  0.0000000E+00
        10      1 -0.8730181E-03  0.0000000E+00  0.9999996E+00
        10      2  0.3699268E-03  0.0000000E+00  0.9999999E+00
        10      3  0.1612690E-02  0.0000000E+00  0.9999987E+00
        10      4  0.5339890E-02  0.0000000E+00  0.9999857E+00

        20      0  0.0000000E+00  0.0000000E+00  0.0000000E+00
        20      1 -0.1746035E-02  0.0000000E+00  0.9999985E+00
        20      2  0.7405537E-03  0.0000000E+00  0.9999997E+00
        20      3  0.3226688E-02  0.0000000E+00  0.9999948E+00
        20      4  0.1068210E-01  0.0000000E+00  0.9999429E+00

        30      0  0.0000000E+00  0.0000000E+00  0.0000000E+00
        30      1 -0.2619052E-02  0.0000000E+00  0.9999966E+00
        30      2  0.1110799E-02  0.0000000E+00  0.9999994E+00
        30      3  0.4839912E-02  0.0000000E+00  0.9999883E+00
        30      4  0.1602274E-01  0.0000000E+00  0.9998716E+00

        40      0  0.0000000E+00  0.0000000E+00  0.0000000E+00
        40      1 -0.3492066E-02  0.0000000E+00  0.9999939E+00
        40      2  0.1481528E-02  0.0000000E+00  0.9999989E+00
        40      3  0.6454303E-02  0.0000000E+00  0.9999792E+00
        40      4  0.2136608E-01  0.0000000E+00  0.9997717E+00

        50      0  0.0000000E+00  0.0000000E+00  0.0000000E+00
        50      1 -0.4365077E-02  0.0000000E+00  0.9999905E+00
        50      2  0.1852532E-02  0.0000000E+00  0.9999983E+00
        50      3  0.8068802E-02  0.0000000E+00  0.9999674E+00
        50      4  0.2670731E-01  0.0000000E+00  0.9996433E+00

        60      0  0.0000000E+00  0.0000000E+00  0.0000000E+00
        60      1 -0.5238085E-02  0.0000000E+00  0.9999863E+00
        60      2  0.2223249E-02  0.0000000E+00  0.9999975E+00
        60      3  0.9683131E-02  0.0000000E+00  0.9999531E+00
        60      4  0.3205041E-01  0.0000000E+00  0.9994863E+00

        70      0  0.0000000E+00  0.0000000E+00  0.0000000E+00
        70      1 -0.6111089E-02  0.0000000E+00  0.9999813E+00
        70      2  0.2594715E-02  0.0000000E+00  0.9999966E+00
        70      3  0.1129876E-01  0.0000000E+00  0.9999362E+00
        70      4  0.3739196E-01  0.0000000E+00  0.9993007E+00

        80      0  0.0000000E+00  0.0000000E+00  0.0000000E+00
        80      1 -0.6984089E-02  0.0000000E+00  0.9999756E+00
        80      2  0.2965948E-02  0.0000000E+00  0.9999956E+00
        80      3  0.1291357E-01  0.0000000E+00  0.9999166E+00
        80      4  0.4273356E-01  0.0000000E+00  0.9990865E+00

        90      0  0.0000000E+00  0.0000000E+00  0.0000000E+00
        90      1 -0.7857083E-02  0.0000000E+00  0.9999691E+00
        90      2  0.3337360E-02  0.0000000E+00  0.9999944E+00
        90      3  0.1452944E-01  0.0000000E+00  0.9998944E+00
        90      4  0.4807480E-01  0.0000000E+00  0.9988437E+00

       100      0  0.0000000E+00  0.0000000E+00  0.0000000E+00
       100      1 -0.8730071E-02  0.0000000E+00  0.9999619E+00
       100      2  0.3709315E-02  0.0000000E+00  0.9999931E+00
       100      3  0.1614544E-01  0.0000000E+00  0.9998697E+00
       100      4  0.5341396E-01  0.0000000E+00  0.9985725E+00

       110      0  0.0000000E+00  0.0000000E+00  0.0000000E+00
       110      1 -0.9603052E-02  0.0000000E+00  0.9999539E+00
       110      2  0.4080854E-02  0.0000000E+00  0.9999917E+00
       110      3  0.1776115E-01  0.0000000E+00  0.9998423E+00
       110      4  0.5875375E-01  0.0000000E+00  0.9982725E+00

       120      0  0.0000000E+00  0.0000000E+00  0.0000000E+00
       120      1 -0.1047603E-01  0.0000000E+00  0.9999451E+00
       120      2  0.4453028E-02  0.0000000E+00  0.9999901E+00
       120      3  0.1937813E-01  0.0000000E+00  0.9998122E+00
       120      4  0.6408989E-01  0.0000000E+00  0.9979441E+00

       130      0  0.0000000E+00  0.0000000E+00  0.0000000E+00
       130      1 -0.1134899E-01  0.0000000E+00  0.9999356E+00
       130      2  0.4825228E-02  0.0000000E+00  0.9999884E+00
       130      3  0.2099424E-01  0.0000000E+00  0.9997796E+00
       130      4  0.6942671E-01  0.0000000E+00  0.9975871E+00

       140      0  0.0000000E+00  0.0000000E+00  0.0000000E+00
       140      1 -0.1222195E-01  0.0000000E+00  0.9999253E+00
       140      2  0.5197299E-02  0.0000000E+00  0.9999865E+00
       140      3  0.2261129E-01  0.0000000E+00  0.9997443E+00
       140      4  0.7475939E-01  0.0000000E+00  0.9972016E+00

       150      0  0.0000000E+00  0.0000000E+00  0.0000000E+00
       150      1 -0.1309490E-01  0.0000000E+00  0.9999143E+00
       150      2  0.5570071E-02  0.0000000E+00  0.9999845E+00
       150      3  0.2422848E-01  0.0000000E+00  0.9997064E+00
       150      4  0.8009160E-01  0.0000000E+00  0.9967875E+00

       160      0  0.0000000E+00  0.0000000E+00  0.0000000E+00
       160      1 -0.1396784E-01  0.0000000E+00  0.9999024E+00
       160      2  0.5942460E-02  0.0000000E+00  0.9999823E+00
       160      3  0.2584524E-01  0.0000000E+00  0.9996660E+00
       160      4  0.8542025E-01  0.0000000E+00  0.9963450E+00

       170      0  0.0000000E+00  0.0000000E+00  0.0000000E+00
       170      1 -0.1484076E-01  0.0000000E+00  0.9998899E+00
       170      2  0.6315235E-02  0.0000000E+00  0.9999801E+00
       170      3  0.2746323E-01  0.0000000E+00  0.9996228E+00
       170      4  0.9074637E-01  0.0000000E+00  0.9958740E+00

       180      0  0.0000000E+00  0.0000000E+00  0.0000000E+00
       180      1 -0.1571368E-01  0.0000000E+00  0.9998765E+00
       180      2  0.6688331E-02  0.0000000E+00  0.9999776E+00
       180      3  0.2908030E-01  0.0000000E+00  0.9995771E+00
       180      4  0.9607003E-01  0.0000000E+00  0.9953746E+00

       190      0  0.0000000E+00  0.0000000E+00  0.0000000E+00
       190      1 -0.1658658E-01  0.0000000E+00  0.9998624E+00
       190      2  0.7061066E-02  0.0000000E+00  0.9999751E+00
       190      3  0.3069818E-01  0.0000000E+00  0.9995287E+00
       190      4  0.1013890E+00  0.0000000E+00  0.9948469E+00

       200      0  0.0000000E+00  0.0000000E+00  0.0000000E+00
       200      1 -0.1745948E-01  0.0000000E+00  0.9998476E+00
       200      2  0.7434508E-02  0.0000000E+00  0.9999724E+00
       200      3  0.3231619E-01  0.0000000E+00  0.9994777E+00
       200      4  0.1067062E+00  0.0000000E+00  0.9942906E+00

       210      0  0.0000000E+00  0.0000000E+00  0.0000000E+00
       210      1 -0.1833235E-01  0.0000000E+00  0.9998319E+00
       210      2  0.7807746E-02  0.0000000E+00  0.9999695E+00
       210      3  0.3393363E-01  0.0000000E+00  0.9994241E+00
       210      4  0.1120172E+00  0.0000000E+00  0.9937063E+00

       220      0  0.0000000E+00  0.0000000E+00  0.0000000E+00
       220      1 -0.1920522E-01  0.0000000E+00  0.9998156E+00
       220      2  0.8181055E-02  0.0000000E+00  0.9999665E+00
       220      3  0.3555224E-01  0.0000000E+00  0.9993678E+00
       220      4  0.1173262E+00  0.0000000E+00  0.9930934E+00

       230      0  0.0000000E+00  0.0000000E+00  0.0000000E+00
       230      1 -0.2007807E-01  0.0000000E+00  0.9997984E+00
       230      2  0.8554928E-02  0.0000000E+00  0.9999634E+00
       230      3  0.3716988E-01  0.0000000E+00  0.9993090E+00
       230      4  0.1226286E+00  0.0000000E+00  0.9924526E+00

       240      0  0.0000000E+00  0.0000000E+00  0.0000000E+00
       240      1 -0.2095090E-01  0.0000000E+00  0.9997805E+00
       240      2  0.8928349E-02  0.0000000E+00  0.9999601E+00
       240      3  0.3878817E-01  0.0000000E+00  0.9992475E+00
       240      4  0.1279277E+00  0.0000000E+00  0.9917835E+00

       250      0  0.0000000E+00  0.0000000E+00  0.0000000E+00
       250      1 -0.2182372E-01  0.0000000E+00  0.9997618E+00
       250      2  0.9302323E-02  0.0000000E+00  0.9999567E+00
       250      3  0.4040660E-01  0.0000000E+00  0.9991833E+00
       250      4  0.1332207E+00  0.0000000E+00  0.9910864E+00

       260      0  0.0000000E+00  0.0000000E+00  0.0000000E+00
       260      1 -0.2269652E-01  0.0000000E+00  0.9997424E+00
       260      2  0.9676366E-02  0.0000000E+00  0.9999532E+00
       260      3  0.4202430E-01  0.0000000E+00  0.9991166E+00
       260      4  0.1385081E+00  0.0000000E+00  0.9903613E+00

       270      0  0.0000000E+00  0.0000000E+00  0.0000000E+00
       270      1 -0.2356931E-01  0.0000000E+00  0.9997222E+00
       270      2  0.1005018E-01  0.0000000E+00  0.9999495E+00
       270      3  0.4364311E-01  0.0000000E+00  0.9990472E+00
       270      4  0.1437905E+00  0.0000000E+00  0.9896081E+00

       280      0  0.0000000E+00  0.0000000E+00  0.0000000E+00
       280      1 -0.2444207E-01  0.0000000E+00  0.9997012E+00
       280      2  0.1042468E-01  0.0000000E+00  0.9999457E+00
       280      3  0.4526088E-01  0.0000000E+00  0.9989752E+00
       280      4  0.1490652E+00  0.0000000E+00  0.9888274E+00

       290      0  0.0000000E+00  0.0000000E+00  0.0000000E+00
       290      1 -0.2531482E-01  0.0000000E+00  0.9996795E+00
       290      2  0.1079880E-01  0.0000000E+00  0.9999417E+00
       290      3  0.4687915E-01  0.0000000E+00  0.9989006E+00
       290      4  0.1543354E+00  0.0000000E+00  0.9880185E+00

       300      0  0.0000000E+00  0.0000000E+00  0.0000000E+00
       300      1 -0.2618755E-01  0.0000000E+00  0.9996570E+00
       300      2  0.1117320E-01  0.0000000E+00  0.9999376E+00
       300      3  0.4849753E-01  0.0000000E+00  0.9988233E+00
       300      4  0.1595964E+00  0.0000000E+00  0.9871824E+00

       310      0  0.0000000E+00  0.0000000E+00  0.0000000E+00
       310      1 -0.2706026E-01  0.0000000E+00  0.9996338E+00
       310      2  0.1154795E-01  0.0000000E+00  0.9999333E+00
       310      3  0.5011505E-01  0.0000000E+00  0.9987435E+00
       310      4  0.1648524E+00  0.0000000E+00  0.9863182E+00

       320      0  0.0000000E+00  0.0000000E+00  0.0000000E+00
       320      1 -0.2793295E-01  0.0000000E+00  0.9996098E+00
       320      2  0.1192228E-01  0.0000000E+00  0.9999289E+00
       320      3  0.5173359E-01  0.0000000E+00  0.9986609E+00
       320      4  0.1700990E+00  0.0000000E+00  0.9854270E+00

       330      0  0.0000000E+00  0.0000000E+00  0.0000000E+00
       330      1 -0.2880561E-01  0.0000000E+00  0.9995850E+00
       330      2  0.1229725E-01  0.0000000E+00  0.9999244E+00
       330      3  0.5335103E-01  0.0000000E+00  0.9985758E+00
       330      4  0.1753390E+00  0.0000000E+00  0.9845081E+00

       340      0  0.0000000E+00  0.0000000E+00  0.0000000E+00
       340      1 -0.2967826E-01  0.0000000E+00  0.9995595E+00
       340      2  0.1267205E-01  0.0000000E+00  0.9999197E+00
       340      3  0.5496880E-01  0.0000000E+00  0.9984881E+00
       340      4  0.1805702E+00  0.0000000E+00  0.9835621E+00

       350      0  0.0000000E+00  0.0000000E+00  0.0000000E+00
       350      1 -0.3055088E-01  0.0000000E+00  0.9995332E+00
       350      2  0.1304681E-01  0.0000000E+00  0.9999149E+00
       350      3  0.5658666E-01  0.0000000E+00  0.9983977E+00
       350      4  0.1857925E+00  0.0000000E+00  0.9825890E+00

       360      0  0.0000000E+00  0.0000000E+00  0.0000000E+00
       360      1 -0.3142348E-01  0.0000000E+00  0.9995062E+00
       360      2  0.1342214E-01  0.0000000E+00  0.9999099E+00
       360      3  0.5820351E-01  0.0000000E+00  0.9983047E+00
       360      4  0.1910070E+00  0.0000000E+00  0.9815887E+00

       370      0  0.0000000E+00  0.0000000E+00  0.0000000E+00
       370      1 -0.3229606E-01  0.0000000E+00  0.9994783E+00
       370      2  0.1379698E-01  0.0000000E+00  0.9999048E+00
       370      3  0.5982128E-01  0.0000000E+00  0.9982091E+00
       370      4  0.1962105E+00  0.0000000E+00  0.9805618E+00

       380      0  0.0000000E+00  0.0000000E+00  0.0000000E+00
       380      1 -0.3316861E-01  0.0000000E+00  0.9994498E+00
       380      2  0.1417229E-01  0.0000000E+00  0.9998996E+00
       380      3  0.6143790E-01  0.0000000E+00  0.9981109E+00
       380      4  0.2014065E+00  0.0000000E+00  0.9795077E+00

       390      0  0.0000000E+00  0.0000000E+00  0.0000000E+00
       390      1 -0.3404113E-01  0.0000000E+00  0.9994204E+00
       390      2  0.1454771E-01  0.0000000E+00  0.9998942E+00
       390      3  0.6305468E-01  0.0000000E+00  0.9980101E+00
       390      4  0.2065902E+00  0.0000000E+00  0.9784276E+00

       400      0  0.0000000E+00  0.0000000E+00  0.0000000E+00
       400      1 -0.3491363E-01  0.0000000E+00  0.9993903E+00
       400      2  0.1492280E-01  0.0000000E+00  0.9998886E+00
       400      3  0.6467152E-01  0.0000000E+00  0.9979066E+00
       400      4  0.2117657E+00  0.0000000E+00  0.9773205E+00

       410      0  0.0000000E+00  0.0000000E+00  0.0000000E+00
       410      1 -0.3578610E-01  0.0000000E+00  0.9993595E+00
       410      2  0.1529855E-01  0.0000000E+00  0.9998830E+00
       410      3  0.6628719E-01  0.0000000E+00  0.9978006E+00
       410      4  0.2169289E+00  0.0000000E+00  0.9761874E+00

       420      0  0.0000000E+00  0.0000000E+00  0.0000000E+00
       420      1 -0.3665855E-01  0.0000000E+00  0.9993278E+00
       420      2  0.1567392E-01  0.0000000E+00  0.9998772E+00
       420      3  0.6790368E-01  0.0000000E+00  0.9976919E+00
       420      4  0.2220820E+00  0.0000000E+00  0.9750280E+00

       430      0  0.0000000E+00  0.0000000E+00  0.0000000E+00
       430      1 -0.3753097E-01  0.0000000E+00  0.9992955E+00
       430      2  0.1604945E-01  0.0000000E+00  0.9998712E+00
       430      3  0.6951896E-01  0.0000000E+00  0.9975806E+00
       430      4  0.2272236E+00  0.0000000E+00  0.9738426E+00

       440      0  0.0000000E+00  0.0000000E+00  0.0000000E+00
       440      1 -0.3840335E-01  0.0000000E+00  0.9992623E+00
       440      2  0.1642538E-01  0.0000000E+00  0.9998651E+00
       440      3  0.7113422E-01  0.0000000E+00  0.9974668E+00
       440      4  0.2323527E+00  0.0000000E+00  0.9726316E+00

       450      0  0.0000000E+00  0.0000000E+00  0.0000000E+00
       450      1 -0.3927571E-01  0.0000000E+00  0.9992284E+00
       450      2  0.1680080E-01  0.0000000E+00  0.9998589E+00
       450      3  0.7274951E-01  0.0000000E+00  0.9973502E+00
       450      4  0.2374712E+00  0.0000000E+00  0.9713946E+00

       460      0  0.0000000E+00  0.0000000E+00  0.0000000E+00
       460      1 -0.4014804E-01  0.0000000E+00  0.9991937E+00
       460      2  0.1717681E-01  0.0000000E+00  0.9998525E+00
       460      3  0.7436348E-01  0.0000000E+00  0.9972312E+00
       460      4  0.2425753E+00  0.0000000E+00  0.9701326E+00

       470      0  0.0000000E+00  0.0000000E+00  0.0000000E+00
       470      1 -0.4102034E-01  0.0000000E+00  0.9991583E+00
       470      2  0.1755268E-01  0.0000000E+00  0.9998459E+00
       470      3  0.7597816E-01  0.0000000E+00  0.9971095E+00
       470      4  0.2476689E+00  0.0000000E+00  0.9688447E+00

       480      0  0.0000000E+00  0.0000000E+00  0.0000000E+00
       480      1 -0.4189261E-01  0.0000000E+00  0.9991221E+00
       480      2  0.1792838E-01  0.0000000E+00  0.9998393E+00
       480      3  0.7759157E-01  0.0000000E+00  0.9969852E+00
       480      4  0.2527472E+00  0.0000000E+00  0.9675324E+00

       490      0  0.0000000E+00  0.0000000E+00  0.0000000E+00
       490      1 -0.4276485E-01  0.0000000E+00  0.9990852E+00
       490      2  0.1830467E-01  0.0000000E+00  0.9998325E+00
       490      3  0.7920478E-01  0.0000000E+00  0.9968584E+00
       490      4  0.2578139E+00  0.0000000E+00  0.9661946E+00

       500      0  0.0000000E+00  0.0000000E+00  0.0000000E+00
       500      1 -0.4363705E-01  0.0000000E+00  0.9990475E+00
       500      2  0.1868044E-01  0.0000000E+00  0.9998255E+00
       500      3  0.8081798E-01  0.0000000E+00  0.9967289E+00
       500      4  0.2628655E+00  0.0000000E+00  0.9648325E+00

       510      0  0.0000000E+00  0.0000000E+00  0.0000000E+00
       510      1 -0.4450922E-01  0.0000000E+00  0.9990090E+00
       510      2  0.1905657E-01  0.0000000E+00  0.9998184E+00
       510      3  0.8242971E-01  0.0000000E+00  0.9965969E+00
       510      4  0.2679035E+00  0.0000000E+00  0.9634458E+00

       520      0  0.0000000E+00  0.0000000E+00  0.0000000E+00
       520      1 -0.4538135E-01  0.0000000E+00  0.9989697E+00
       520      2  0.1943285E-01  0.0000000E+00  0.9998112E+00
       520      3  0.8404204E-01  0.0000000E+00  0.9964622E+00
       520      4  0.2729273E+00  0.0000000E+00  0.9620347E+00

       530      0  0.0000000E+00  0.0000000E+00  0.0000000E+00
       530      1 -0.4625346E-01  0.0000000E+00  0.9989297E+00
       530      2  0.1980871E-01  0.0000000E+00  0.9998038E+00
       530      3  0.8565304E-01  0.0000000E+00  0.9963250E+00
       530      4  0.2779352E+00  0.0000000E+00  0.9605998E+00

       540      0  0.0000000E+00  0.0000000E+00  0.0000000E+00
       540      1 -0.4712552E-01  0.0000000E+00  0.9988890E+00
       540      2  0.2018519E-01  0.0000000E+00  0.9997963E+00
       540      3  0.8726365E-01  0.0000000E+00  0.9961853E+00
       540      4  0.2829298E+00  0.0000000E+00  0.9591406E+00

       550      0  0.0000000E+00  0.0000000E+00  0.0000000E+00
       550      1 -0.4799755E-01  0.0000000E+00  0.9988475E+00
       550      2  0.2056131E-01  0.0000000E+00  0.9997886E+00
       550      3  0.8887421E-01  0.0000000E+00  0.9960429E+00
       550      4  0.2879067E+00  0.0000000E+00  0.9576585E+00

       560      0  0.0000000E+00  0.0000000E+00  0.0000000E+00
       560      1 -0.4886955E-01  0.0000000E+00  0.9988052E+00
       560      2  0.2093747E-01  0.0000000E+00  0.9997808E+00
       560      3  0.9048316E-01  0.0000000E+00  0.9958980E+00
       560      4  0.2928701E+00  0.0000000E+00  0.9561523E+00

       570      0  0.0000000E+00  0.0000000E+00  0.0000000E+00
       570      1 -0.4974150E-01  0.0000000E+00  0.9987621E+00
       570      2  0.2131404E-01  0.0000000E+00  0.9997728E+00
       570      3  0.9209259E-01  0.0000000E+00  0.9957504E+00
       570      4  0.2978153E+00  0.0000000E+00  0.9546235E+00

       580      0  0.0000000E+00  0.0000000E+00  0.0000000E+00
       580      1 -0.5061342E-01  0.0000000E+00  0.9987183E+00
       580      2  0.2169006E-01  0.0000000E+00  0.9997647E+00
       580      3  0.9370062E-01  0.0000000E+00  0.9956004E+00
       580      4  0.3027456E+00  0.0000000E+00  0.9530714E+00

       590      0  0.0000000E+00  0.0000000E+00  0.0000000E+00
       590      1 -0.5148530E-01  0.0000000E+00  0.9986738E+00
       590      2  0.2206658E-01  0.0000000E+00  0.9997565E+00
       590      3  0.9530809E-01  0.0000000E+00  0.9954478E+00
       590      4  0.3076584E+00  0.0000000E+00  0.9514969E+00

       600      0  0.0000000E+00  0.0000000E+00  0.0000000E+00
       600      1 -0.5235714E-01  0.0000000E+00  0.9986284E+00
       600      2  0.2244299E-01  0.0000000E+00  0.9997481E+00
       600      3  0.9691546E-01  0.0000000E+00  0.9952926E+00
       600      4  0.3125540E+00  0.0000000E+00  0.9499000E+00

       610      0  0.0000000E+00  0.0000000E+00  0.0000000E+00
       610      1 -0.5322894E-01  0.0000000E+00  0.9985823E+00
       610      2  0.2281913E-01  0.0000000E+00  0.9997396E+00
       610      3  0.9852107E-01  0.0000000E+00  0.9951350E+00
       610      4  0.3174332E+00  0.0000000E+00  0.9482806E+00

       620      0  0.0000000E+00  0.0000000E+00  0.0000000E+00
       620      1 -0.5410070E-01  0.0000000E+00  0.9985355E+00
       620      2  0.2319584E-01  0.0000000E+00  0.9997309E+00
       620      3  0.1001270E+00  0.0000000E+00  0.9949747E+00
       620      4  0.3222931E+00  0.0000000E+00  0.9466399E+00

       630      0  0.0000000E+00  0.0000000E+00  0.0000000E+00
       630      1 -0.5497242E-01  0.0000000E+00  0.9984879E+00
       630      2  0.2357202E-01  0.0000000E+00  0.9997221E+00
       630      3  0.1017316E+00  0.0000000E+00  0.9948119E+00
       630      4  0.3271371E+00  0.0000000E+00  0.9449769E+00

       640      0  0.0000000E+00  0.0000000E+00  0.0000000E+00
       640      1 -0.5584410E-01  0.0000000E+00  0.9984395E+00
       640      2  0.2394846E-01  0.0000000E+00  0.9997132E+00
       640      3  0.1033353E+00  0.0000000E+00  0.9946466E+00
       640      4  0.3319605E+00  0.0000000E+00  0.9432933E+00

       650      0  0.0000000E+00  0.0000000E+00  0.0000000E+00
       650      1 -0.5671573E-01  0.0000000E+00  0.9983904E+00
       650      2  0.2432507E-01  0.0000000E+00  0.9997041E+00
       650      3  0.1049389E+00  0.0000000E+00  0.9944787E+00
       650      4  0.3367675E+00  0.0000000E+00  0.9415878E+00

       660      0  0.0000000E+00  0.0000000E+00  0.0000000E+00
       660      1 -0.5758732E-01  0.0000000E+00  0.9983405E+00
       660      2  0.2470119E-01  0.0000000E+00  0.9996949E+00
       660      3  0.1065407E+00  0.0000000E+00  0.9943083E+00
       660      4  0.3415540E+00  0.0000000E+00  0.9398621E+00

       670      0  0.0000000E+00  0.0000000E+00  0.0000000E+00
       670      1 -0.5845887E-01  0.0000000E+00  0.9982898E+00
       670      2  0.2507787E-01  0.0000000E+00  0.9996855E+00
       670      3  0.1081426E+00  0.0000000E+00  0.9941354E+00
       670      4  0.3463223E+00  0.0000000E+00  0.9381156E+00

       680      0  0.0000000E+00  0.0000000E+00  0.0000000E+00
       680      1 -0.5933037E-01  0.0000000E+00  0.9982384E+00
       680      2  0.2545421E-01  0.0000000E+00  0.9996760E+00
       680      3  0.1097431E+00  0.0000000E+00  0.9939600E+00
       680      4  0.3510711E+00  0.0000000E+00  0.9363488E+00

       690      0  0.0000000E+00  0.0000000E+00  0.0000000E+00
       690      1 -0.6020183E-01  0.0000000E+00  0.9981862E+00
       690      2  0.2583047E-01  0.0000000E+00  0.9996663E+00
       690      3  0.1113426E+00  0.0000000E+00  0.9937821E+00
       690      4  0.3557994E+00  0.0000000E+00  0.9345623E+00

       700      0  0.0000000E+00  0.0000000E+00  0.0000000E+00
       700      1 -0.6107324E-01  0.0000000E+00  0.9981333E+00
       700      2  0.2620716E-01  0.0000000E+00  0.9996565E+00
       700      3  0.1129419E+00  0.0000000E+00  0.9936016E+00
       700      4  0.3605092E+00  0.0000000E+00  0.9327556E+00

       710      0  0.0000000E+00  0.0000000E+00  0.0000000E+00
       710      1 -0.6194461E-01  0.0000000E+00  0.9980796E+00
       710      2  0.2658326E-01  0.0000000E+00  0.9996466E+00
       710      3  0.1145392E+00  0.0000000E+00  0.9934187E+00
       710      4  0.3651969E+00  0.0000000E+00  0.9309303E+00

       720      0  0.0000000E+00  0.0000000E+00  0.0000000E+00
       720      1 -0.6281593E-01  0.0000000E+00  0.9980251E+00
       720      2  0.2695976E-01  0.0000000E+00  0.9996365E+00
       720      3  0.1161365E+00  0.0000000E+00  0.9932333E+00
       720      4  0.3698662E+00  0.0000000E+00  0.9290850E+00

       730      0  0.0000000E+00  0.0000000E+00  0.0000000E+00
       730      1 -0.6368720E-01  0.0000000E+00  0.9979699E+00
       730      2  0.2733619E-01  0.0000000E+00  0.9996263E+00
       730      3  0.1177324E+00  0.0000000E+00  0.9930454E+00
       730      4  0.3745127E+00  0.0000000E+00  0.9272218E+00

       740      0  0.0000000E+00  0.0000000E+00  0.0000000E+00
       740      1 -0.6455842E-01  0.0000000E+00  0.9979139E+00
       740      2  0.2771226E-01  0.0000000E+00  0.9996159E+00
       740      3  0.1193270E+00  0.0000000E+00  0.9928550E+00
       740      4  0.3791399E+00  0.0000000E+00  0.9253394E+00

       750      0  0.0000000E+00  0.0000000E+00  0.0000000E+00
       750      1 -0.6542959E-01  0.0000000E+00  0.9978572E+00
       750      2  0.2808886E-01  0.0000000E+00  0.9996054E+00
       750      3  0.1209215E+00  0.0000000E+00  0.9926621E+00
       750      4  0.3837448E+00  0.0000000E+00  0.9234392E+00

       760      0  0.0000000E+00  0.0000000E+00  0.0000000E+00
       760      1 -0.6630071E-01  0.0000000E+00  0.9977997E+00
       760      2  0.2846494E-01  0.0000000E+00  0.9995948E+00
       760      3  0.1225138E+00  0.0000000E+00  0.9924668E+00
       760      4  0.3883285E+00  0.0000000E+00  0.9215210E+00

       770      0  0.0000000E+00  0.0000000E+00  0.0000000E+00
       770      1 -0.6717178E-01  0.0000000E+00  0.9977414E+00
       770      2  0.2884116E-01  0.0000000E+00  0.9995840E+00
       770      3  0.1241060E+00  0.0000000E+00  0.9922690E+00
       770      4  0.3928910E+00  0.0000000E+00  0.9195850E+00

       780      0  0.0000000E+00  0.0000000E+00  0.0000000E+00
       780      1 -0.6804280E-01  0.0000000E+00  0.9976824E+00
       780      2  0.2921759E-01  0.0000000E+00  0.9995731E+00
       780      3  0.1256967E+00  0.0000000E+00  0.9920687E+00
       780      4  0.3974303E+00  0.0000000E+00  0.9176324E+00

       790      0  0.0000000E+00  0.0000000E+00  0.0000000E+00
       790      1 -0.6891377E-01  0.0000000E+00  0.9976226E+00
       790      2  0.2959344E-01  0.0000000E+00  0.9995620E+00
       790      3  0.1272861E+00  0.0000000E+00  0.9918660E+00
       790      4  0.4019493E+00  0.0000000E+00  0.9156619E+00

       800      0  0.0000000E+00  0.0000000E+00  0.0000000E+00
       800      1 -0.6978469E-01  0.0000000E+00  0.9975621E+00
       800      2  0.2996980E-01  0.0000000E+00  0.9995508E+00
       800      3  0.1288751E+00  0.0000000E+00  0.9916608E+00
       800      4  0.4064438E+00  0.0000000E+00  0.9136758E+00

       810      0  0.0000000E+00  0.0000000E+00  0.0000000E+00
       810      1 -0.7065555E-01  0.0000000E+00  0.9975008E+00
       810      2  0.3034585E-01  0.0000000E+00  0.9995395E+00
       810      3  0.1304619E+00  0.0000000E+00  0.9914533E+00
       810      4  0.4109178E+00  0.0000000E+00  0.9116724E+00

       820      0  0.0000000E+00  0.0000000E+00  0.0000000E+00
       820      1 -0.7152636E-01  0.0000000E+00  0.9974387E+00
       820      2  0.3072170E-01  0.0000000E+00  0.9995280E+00
       820      3  0.1320485E+00  0.0000000E+00  0.9912433E+00
       820      4  0.4153673E+00  0.0000000E+00  0.9096538E+00

       830      0  0.0000000E+00  0.0000000E+00  0.0000000E+00
       830      1 -0.7239712E-01  0.0000000E+00  0.9973759E+00
       830      2  0.3109799E-01  0.0000000E+00  0.9995163E+00
       830      3  0.1336335E+00  0.0000000E+00  0.9910308E+00
       830      4  0.4197948E+00  0.0000000E+00  0.9076190E+00

       840      0  0.0000000E+00  0.0000000E+00  0.0000000E+00
       840      1 -0.7326782E-01  0.0000000E+00  0.9973123E+00
       840      2  0.3147366E-01  0.0000000E+00  0.9995046E+00
       840      3  0.1352169E+00  0.0000000E+00  0.9908160E+00
       840      4  0.4241990E+00  0.0000000E+00  0.9055690E+00

       850      0  0.0000000E+00  0.0000000E+00  0.0000000E+00
       850      1 -0.7413846E-01  0.0000000E+00  0.9972480E+00
       850      2  0.3184963E-01  0.0000000E+00  0.9994927E+00
       850      3  0.1368000E+00  0.0000000E+00  0.9905987E+00
       850      4  0.4285791E+00  0.0000000E+00  0.9035043E+00

       860      0  0.0000000E+00  0.0000000E+00  0.0000000E+00
       860      1 -0.7500905E-01  0.0000000E+00  0.9971829E+00
       860      2  0.3222558E-01  0.0000000E+00  0.9994806E+00
       860      3  0.1383808E+00  0.0000000E+00  0.9903791E+00
       860      4  0.4329371E+00  0.0000000E+00  0.9014241E+00

       870      0  0.0000000E+00  0.0000000E+00  0.0000000E+00
       870      1 -0.7587958E-01  0.0000000E+00  0.9971170E+00
       870      2  0.3260105E-01  0.0000000E+00  0.9994684E+00
       870      3  0.1399611E+00  0.0000000E+00  0.9901570E+00
       870      4  0.4372694E+00  0.0000000E+00  0.8993306E+00

       880      0  0.0000000E+00  0.0000000E+00  0.0000000E+00
       880      1 -0.7675005E-01  0.0000000E+00  0.9970504E+00
       880      2  0.3297704E-01  0.0000000E+00  0.9994561E+00
       880      3  0.1415399E+00  0.0000000E+00  0.9899326E+00
       880      4  0.4415800E+00  0.0000000E+00  0.8972219E+00

       890      0  0.0000000E+00  0.0000000E+00  0.0000000E+00
       890      1 -0.7762046E-01  0.0000000E+00  0.9969830E+00
       890      2  0.3335251E-01  0.0000000E+00  0.9994437E+00
       890      3  0.1431169E+00  0.0000000E+00  0.9897058E+00
       890      4  0.4458645E+00  0.0000000E+00  0.8951005E+00

       900      0  0.0000000E+00  0.0000000E+00  0.0000000E+00
       900      1 -0.7849082E-01  0.0000000E+00  0.9969148E+00
       900      2  0.3372800E-01  0.0000000E+00  0.9994310E+00
       900      3  0.1446936E+00  0.0000000E+00  0.9894765E+00
       900      4  0.4501263E+00  0.0000000E+00  0.8929649E+00

       910      0  0.0000000E+00  0.0000000E+00  0.0000000E+00
       910      1 -0.7936111E-01  0.0000000E+00  0.9968459E+00
       910      2  0.3410374E-01  0.0000000E+00  0.9994183E+00
       910      3  0.1462677E+00  0.0000000E+00  0.9892450E+00
       910      4  0.4543629E+00  0.0000000E+00  0.8908167E+00

       920      0  0.0000000E+00  0.0000000E+00  0.0000000E+00
       920      1 -0.8023135E-01  0.0000000E+00  0.9967763E+00
       920      2  0.3447884E-01  0.0000000E+00  0.9994054E+00
       920      3  0.1478414E+00  0.0000000E+00  0.9890111E+00
       920      4  0.4585751E+00  0.0000000E+00  0.8886557E+00

       930      0  0.0000000E+00  0.0000000E+00  0.0000000E+00
       930      1 -0.8110152E-01  0.0000000E+00  0.9967058E+00
       930      2  0.3485437E-01  0.0000000E+00  0.9993924E+00
       930      3  0.1494134E+00  0.0000000E+00  0.9887748E+00
       930      4  0.4627634E+00  0.0000000E+00  0.8864819E+00

       940      0  0.0000000E+00  0.0000000E+00  0.0000000E+00
       940      1 -0.8197163E-01  0.0000000E+00  0.9966347E+00
       940      2  0.3522963E-01  0.0000000E+00  0.9993792E+00
       940      3  0.1509835E+00  0.0000000E+00  0.9885363E+00
       940      4  0.4669253E+00  0.0000000E+00  0.8842967E+00

       950      0  0.0000000E+00  0.0000000E+00  0.0000000E+00
       950      1 -0.8284168E-01  0.0000000E+00  0.9965627E+00
       950      2  0.3560458E-01  0.0000000E+00  0.9993660E+00
       950      3  0.1525532E+00  0.0000000E+00  0.9882953E+00
       950      4  0.4710644E+00  0.0000000E+00  0.8820988E+00

       960      0  0.0000000E+00  0.0000000E+00  0.0000000E+00
       960      1 -0.8371167E-01  0.0000000E+00  0.9964900E+00
       960      2  0.3597997E-01  0.0000000E+00  0.9993525E+00
       960      3  0.1541203E+00  0.0000000E+00  0.9880521E+00
       960      4  0.4751763E+00  0.0000000E+00  0.8798906E+00

       970      0  0.0000000E+00  0.0000000E+00  0.0000000E+00
       970      1 -0.8458159E-01  0.0000000E+00  0.9964166E+00
       970      2  0.3635471E-01  0.0000000E+00  0.9993389E+00
       970      3  0.1556867E+00  0.0000000E+00  0.9878065E+00
       970      4  0.4792649E+00  0.0000000E+00  0.8776703E+00

       980      0  0.0000000E+00  0.0000000E+00  0.0000000E+00
       980      1 -0.8545144E-01  0.0000000E+00  0.9963423E+00
       980      2  0.3672966E-01  0.0000000E+00  0.9993252E+00
       980      3  0.1572515E+00  0.0000000E+00  0.9875586E+00
       980      4  0.4833270E+00  0.0000000E+00  0.8754399E+00

       990      0  0.0000000E+00  0.0000000E+00  0.0000000E+00
       990      1 -0.8632124E-01  0.0000000E+00  0.9962674E+00
       990      2  0.3710462E-01  0.0000000E+00  0.9993114E+00
       990      3  0.1588142E+00  0.0000000E+00  0.9873085E+00
       990      4  0.4873642E+00  0.0000000E+00  0.8731988E+00

      1000      0  0.0000000E+00  0.0000000E+00  0.0000000E+00
      1000      1 -0.8719096E-01  0.0000000E+00  0.9961916E+00
      1000      2  0.3747903E-01  0.0000000E+00  0.9992974E+00
      1000      3  0.1603763E+00  0.0000000E+00  0.9870559E+00
      1000      4  0.4913764E+00  0.0000000E+00  0.8709473E+00
