# number of rays:       5
# iteration   ray    X              A              Y              B              T              D
         0      0  0.0000000E+00  0.0000000E+00  0.0000000E+00  0.0000000E+00  0.0000000E+00  0.0000000E+00
         0      1  0.0000000E+00  0.0000000E+00  0.0000000E+00  0.0000000E+00  0.0000000E+00  0.0000000E+00
         0      2  0.1000000E-02  0.0000000E+00  0.0000000E+00  0.0000000E+00  0.0000000E+00  0.0000000E+00
         0      3  0.2000000E-02  0.0000000E+00  0.0000000E+00  0.0000000E+00  0.0000000E+00  0.0000000E+00
         0      4  0.5000000E-02  0.0000000E+00  0.0000000E+00  0.0000000E+00  0.0000000E+00  0.0000000E+00

        10      0  0.0000000E+00  0.0000000E+00  0.0000000E+00  0.0000000E+00  0.0000000E+00  0.0000000E+00
        10      1  0.0000000E+00  0.0000000E+00  0.0000000E+00  0.0000000E+00  0.0000000E+00  0.0000000E+00
        10      2  0.7366488E-03 -0.4788215E-03  0.0000000E+00  0.0000000E+00 -0.2367458E-03 -0.4193019E-09
        10      3  0.1462926E-02 -0.9600053E-03  0.0000000E+00  0.0000000E+00 -0.9518688E-03 -0.1675150E-08
        10      4  0.3473476E-02 -0.2431163E-02  0.0000000E+00  0.0000000E+00 -0.5975880E-02 -0.1038815E-07

        20      0  0.0000000E+00  0.0000000E+00  0.0000000E+00  0.0000000E+00  0.0000000E+00  0.0000000E+00
        20      1  0.0000000E+00  0.0000000E+00  0.0000000E+00  0.0000000E+00  0.0000000E+00  0.0000000E+00
        20      2 -0.6174452E-03 -0.2484221E-03  0.0000000E+00  0.0000000E+00 -0.4720633E-03 -0.7872562E-09
        20      3 -0.1258467E-02 -0.4856833E-03  0.0000000E+00  0.0000000E+00 -0.1893540E-02 -0.3151992E-08
        20      4 -0.3537562E-02 -0.1019550E-02  0.0000000E+00  0.0000000E+00 -0.1187127E-01 -0.1982845E-07

        30      0  0.0000000E+00  0.0000000E+00  0.0000000E+00  0.0000000E+00  0.0000000E+00  0.0000000E+00
        30      1  0.0000000E+00  0.0000000E+00  0.0000000E+00  0.0000000E+00  0.0000000E+00  0.0000000E+00
        30      2 -0.1057967E-02  0.3491963E-03  0.0000000E+00  0.0000000E+00 -0.7089412E-03 -0.1269619E-08
        30      3 -0.2103505E-02  0.7113056E-03  0.0000000E+00  0.0000000E+00 -0.2837048E-02 -0.5079765E-08
        30      4 -0.4980549E-02  0.1983740E-02  0.0000000E+00  0.0000000E+00 -0.1776036E-01 -0.3171578E-07

        40      0  0.0000000E+00  0.0000000E+00  0.0000000E+00  0.0000000E+00  0.0000000E+00  0.0000000E+00
        40      1  0.0000000E+00  0.0000000E+00  0.0000000E+00  0.0000000E+00  0.0000000E+00  0.0000000E+00
        40      2  0.6793258E-04  0.4302643E-03  0.0000000E+00  0.0000000E+00 -0.9414196E-03 -0.1605465E-08
        40      3  0.1916916E-03  0.8483615E-03  0.0000000E+00  0.0000000E+00 -0.3764948E-02 -0.6420741E-08
        40      4  0.1426574E-02  0.1874638E-02  0.0000000E+00  0.0000000E+00 -0.2355576E-01 -0.4012113E-07

        50      0  0.0000000E+00  0.0000000E+00  0.0000000E+00  0.0000000E+00  0.0000000E+00  0.0000000E+00
        50      1  0.0000000E+00  0.0000000E+00  0.0000000E+00  0.0000000E+00  0.0000000E+00  0.0000000E+00
        50      2  0.1092160E-02 -0.1254185E-03  0.0000000E+00  0.0000000E+00 -0.1169466E-02 -0.2080151E-08
        50      3  0.2196470E-02 -0.2800434E-03  0.0000000E+00  0.0000000E+00 -0.4680915E-02 -0.8331245E-08
        50      4  0.5564068E-02 -0.1190647E-02  0.0000000E+00  0.0000000E+00 -0.2930839E-01 -0.5236961E-07

        60      0  0.0000000E+00  0.0000000E+00  0.0000000E+00  0.0000000E+00  0.0000000E+00  0.0000000E+00
        60      1  0.0000000E+00  0.0000000E+00  0.0000000E+00  0.0000000E+00  0.0000000E+00  0.0000000E+00
        60      2  0.5010121E-03 -0.4957693E-03  0.0000000E+00  0.0000000E+00 -0.1395412E-02 -0.2461467E-08
        60      3  0.9288991E-03 -0.9917456E-03  0.0000000E+00  0.0000000E+00 -0.5588964E-02 -0.9838757E-08
        60      4  0.9681778E-03 -0.2382525E-02  0.0000000E+00  0.0000000E+00 -0.3499786E-01 -0.6114383E-07

        70      0  0.0000000E+00  0.0000000E+00  0.0000000E+00  0.0000000E+00  0.0000000E+00  0.0000000E+00
        70      1  0.0000000E+00  0.0000000E+00  0.0000000E+00  0.0000000E+00  0.0000000E+00  0.0000000E+00
        70      2 -0.8325946E-03 -0.1318719E-03  0.0000000E+00  0.0000000E+00 -0.1620814E-02 -0.2865394E-08
        70      3 -0.1728380E-02 -0.2220712E-03  0.0000000E+00  0.0000000E+00 -0.6490089E-02 -0.1147835E-07
        70      4 -0.5184520E-02  0.1845205E-03  0.0000000E+00  0.0000000E+00 -0.4064683E-01 -0.7241180E-07

        80      0  0.0000000E+00  0.0000000E+00  0.0000000E+00  0.0000000E+00  0.0000000E+00  0.0000000E+00
        80      1  0.0000000E+00  0.0000000E+00  0.0000000E+00  0.0000000E+00  0.0000000E+00  0.0000000E+00
        80      2 -0.9336332E-03  0.4266602E-03  0.0000000E+00  0.0000000E+00 -0.1847321E-02 -0.3323436E-08
        80      3 -0.1805737E-02  0.8766944E-03  0.0000000E+00  0.0000000E+00 -0.7391859E-02 -0.1328945E-07
        80      4 -0.3149633E-02  0.2449131E-02  0.0000000E+00  0.0000000E+00 -0.4626757E-01 -0.8256145E-07

        90      0  0.0000000E+00  0.0000000E+00  0.0000000E+00  0.0000000E+00  0.0000000E+00  0.0000000E+00
        90      1  0.0000000E+00  0.0000000E+00  0.0000000E+00  0.0000000E+00  0.0000000E+00  0.0000000E+00
        90      2  0.3472050E-03  0.3542044E-03  0.0000000E+00  0.0000000E+00 -0.2068544E-02 -0.3665395E-08
        90      3  0.8104736E-03  0.6697036E-03  0.0000000E+00  0.0000000E+00 -0.8275618E-02 -0.1467101E-07
        90      4  0.3822799E-02  0.8731855E-03  0.0000000E+00  0.0000000E+00 -0.5179048E-01 -0.9227882E-07

       100      0  0.0000000E+00  0.0000000E+00  0.0000000E+00  0.0000000E+00  0.0000000E+00  0.0000000E+00
       100      1  0.0000000E+00  0.0000000E+00  0.0000000E+00  0.0000000E+00  0.0000000E+00  0.0000000E+00
       100      2  0.1113387E-02 -0.2427060E-03  0.0000000E+00  0.0000000E+00 -0.2286295E-02 -0.4153874E-08
       100      3  0.2214924E-02 -0.5374460E-03  0.0000000E+00  0.0000000E+00 -0.9151223E-02 -0.1662801E-07
       100      4  0.4780636E-02 -0.2091511E-02  0.0000000E+00  0.0000000E+00 -0.5729636E-01 -0.1039079E-06

       110      0  0.0000000E+00  0.0000000E+00  0.0000000E+00  0.0000000E+00  0.0000000E+00  0.0000000E+00
       110      1  0.0000000E+00  0.0000000E+00  0.0000000E+00  0.0000000E+00  0.0000000E+00  0.0000000E+00
       110      2  0.2327178E-03 -0.4804355E-03  0.0000000E+00  0.0000000E+00 -0.2501957E-02 -0.4505157E-08
       110      3  0.3189985E-03 -0.9427103E-03  0.0000000E+00  0.0000000E+00 -0.1001728E-01 -0.1801325E-07
       110      4 -0.1782976E-02 -0.1751532E-02  0.0000000E+00  0.0000000E+00 -0.6271809E-01 -0.1124610E-06

       120      0  0.0000000E+00  0.0000000E+00  0.0000000E+00  0.0000000E+00  0.0000000E+00  0.0000000E+00
       120      1  0.0000000E+00  0.0000000E+00  0.0000000E+00  0.0000000E+00  0.0000000E+00  0.0000000E+00
       120      2 -0.9935709E-03 -0.6792433E-05  0.0000000E+00  0.0000000E+00 -0.2718052E-02 -0.4947299E-08
       120      3 -0.2057677E-02  0.5934793E-04  0.0000000E+00  0.0000000E+00 -0.1088046E-01 -0.1981982E-07
       120      4 -0.5561517E-02  0.1339649E-02  0.0000000E+00  0.0000000E+00 -0.6813453E-01 -0.1247320E-06

       130      0  0.0000000E+00  0.0000000E+00  0.0000000E+00  0.0000000E+00  0.0000000E+00  0.0000000E+00
       130      1  0.0000000E+00  0.0000000E+00  0.0000000E+00  0.0000000E+00  0.0000000E+00  0.0000000E+00
       130      2 -0.7485747E-03  0.4764187E-03  0.0000000E+00  0.0000000E+00 -0.2934308E-02 -0.5369232E-08
       130      3 -0.1361249E-02  0.9710702E-03  0.0000000E+00  0.0000000E+00 -0.1174102E-01 -0.2146199E-07
       130      4 -0.5579759E-03  0.2322560E-02  0.0000000E+00  0.0000000E+00 -0.7348511E-01 -0.1332854E-06

       140      0  0.0000000E+00  0.0000000E+00  0.0000000E+00  0.0000000E+00  0.0000000E+00  0.0000000E+00
       140      1  0.0000000E+00  0.0000000E+00  0.0000000E+00  0.0000000E+00  0.0000000E+00  0.0000000E+00
       140      2  0.6038372E-03  0.2550905E-03  0.0000000E+00  0.0000000E+00 -0.3144885E-02 -0.5735396E-08
       140      3  0.1363154E-02  0.4365097E-03  0.0000000E+00  0.0000000E+00 -0.1258337E-01 -0.2297024E-07
       140      4  0.5291218E-02 -0.3452990E-03  0.0000000E+00  0.0000000E+00 -0.7876803E-01 -0.1448506E-06

       150      0  0.0000000E+00  0.0000000E+00  0.0000000E+00  0.0000000E+00  0.0000000E+00  0.0000000E+00
       150      1  0.0000000E+00  0.0000000E+00  0.0000000E+00  0.0000000E+00  0.0000000E+00  0.0000000E+00
       150      2  0.1062295E-02 -0.3442133E-03  0.0000000E+00  0.0000000E+00 -0.3352826E-02 -0.6218207E-08
       150      3  0.2053808E-02 -0.7511670E-03  0.0000000E+00  0.0000000E+00 -0.1342016E-01 -0.2487633E-07
       150      4  0.2836062E-02 -0.2479778E-02  0.0000000E+00  0.0000000E+00 -0.8401946E-01 -0.1547059E-06

       160      0  0.0000000E+00  0.0000000E+00  0.0000000E+00  0.0000000E+00  0.0000000E+00  0.0000000E+00
       160      1  0.0000000E+00  0.0000000E+00  0.0000000E+00  0.0000000E+00  0.0000000E+00  0.0000000E+00
       160      2 -0.5080909E-04 -0.4338321E-03  0.0000000E+00  0.0000000E+00 -0.3558776E-02 -0.6555024E-08
       160      3 -0.3173332E-03 -0.8169703E-03  0.0000000E+00  0.0000000E+00 -0.1424651E-01 -0.2622287E-07
       160      4 -0.4107002E-02 -0.6955977E-03  0.0000000E+00  0.0000000E+00 -0.8920591E-01 -0.1646278E-06

       170      0  0.0000000E+00  0.0000000E+00  0.0000000E+00  0.0000000E+00  0.0000000E+00  0.0000000E+00
       170      1  0.0000000E+00  0.0000000E+00  0.0000000E+00  0.0000000E+00  0.0000000E+00  0.0000000E+00
       170      2 -0.1089865E-02  0.1186871E-03  0.0000000E+00  0.0000000E+00 -0.3766041E-02 -0.7027871E-08
       170      3 -0.2219392E-02  0.3357497E-03  0.0000000E+00  0.0000000E+00 -0.1507367E-01 -0.2814762E-07
       170      4 -0.4576707E-02  0.2169241E-02  0.0000000E+00  0.0000000E+00 -0.9438917E-01 -0.1761092E-06

       180      0  0.0000000E+00  0.0000000E+00  0.0000000E+00  0.0000000E+00  0.0000000E+00  0.0000000E+00
       180      1  0.0000000E+00  0.0000000E+00  0.0000000E+00  0.0000000E+00  0.0000000E+00  0.0000000E+00
       180      2 -0.5148738E-03  0.4952434E-03  0.0000000E+00  0.0000000E+00 -0.3972176E-02 -0.7411175E-08
       180      3 -0.8064198E-03  0.9867865E-03  0.0000000E+00  0.0000000E+00 -0.1589371E-01 -0.2962286E-07
       180      4  0.2159247E-02  0.1632271E-02  0.0000000E+00  0.0000000E+00 -0.9948027E-01 -0.1847107E-06

       190      0  0.0000000E+00  0.0000000E+00  0.0000000E+00  0.0000000E+00  0.0000000E+00  0.0000000E+00
       190      1  0.0000000E+00  0.0000000E+00  0.0000000E+00  0.0000000E+00  0.0000000E+00  0.0000000E+00
       190      2  0.8211851E-03  0.1393497E-03  0.0000000E+00  0.0000000E+00 -0.4172764E-02 -0.7813372E-08
       190      3  0.1805091E-02  0.1676355E-03  0.0000000E+00  0.0000000E+00 -0.1669751E-01 -0.3130273E-07
       190      4  0.5478720E-02 -0.1482981E-02  0.0000000E+00  0.0000000E+00 -0.1045453E+00 -0.1969462E-06

       200      0  0.0000000E+00  0.0000000E+00  0.0000000E+00  0.0000000E+00  0.0000000E+00  0.0000000E+00
       200      1  0.0000000E+00  0.0000000E+00  0.0000000E+00  0.0000000E+00  0.0000000E+00  0.0000000E+00
       200      2  0.9421795E-03 -0.4233165E-03  0.0000000E+00  0.0000000E+00 -0.4371298E-02 -0.8272574E-08
       200      3  0.1726038E-02 -0.9037203E-03  0.0000000E+00  0.0000000E+00 -0.1749660E-01 -0.3307739E-07
       200      4  0.1951695E-03 -0.2260507E-02  0.0000000E+00  0.0000000E+00 -0.1095443E+00 -0.2054565E-06

       210      0  0.0000000E+00  0.0000000E+00  0.0000000E+00  0.0000000E+00  0.0000000E+00  0.0000000E+00
       210      1  0.0000000E+00  0.0000000E+00  0.0000000E+00  0.0000000E+00  0.0000000E+00  0.0000000E+00
       210      2 -0.3311284E-03 -0.3590111E-03  0.0000000E+00  0.0000000E+00 -0.4568160E-02 -0.8614164E-08
       210      3 -0.9283429E-03 -0.6248631E-03  0.0000000E+00  0.0000000E+00 -0.1828590E-01 -0.3448097E-07
       210      4 -0.5428086E-02  0.5250082E-03  0.0000000E+00  0.0000000E+00 -0.1145210E+00 -0.2171264E-06

       220      0  0.0000000E+00  0.0000000E+00  0.0000000E+00  0.0000000E+00  0.0000000E+00  0.0000000E+00
       220      1  0.0000000E+00  0.0000000E+00  0.0000000E+00  0.0000000E+00  0.0000000E+00  0.0000000E+00
       220      2 -0.1115193E-02  0.2364223E-03  0.0000000E+00  0.0000000E+00 -0.4766918E-02 -0.9102317E-08
       220      3 -0.2200305E-02  0.5847842E-03  0.0000000E+00  0.0000000E+00 -0.1907826E-01 -0.3643691E-07
       220      4 -0.2476587E-02  0.2474812E-02  0.0000000E+00  0.0000000E+00 -0.1194656E+00 -0.2267022E-06

       230      0  0.0000000E+00  0.0000000E+00  0.0000000E+00  0.0000000E+00  0.0000000E+00  0.0000000E+00
       230      1  0.0000000E+00  0.0000000E+00  0.0000000E+00  0.0000000E+00  0.0000000E+00  0.0000000E+00
       230      2 -0.2477674E-03  0.4819054E-03  0.0000000E+00  0.0000000E+00 -0.4963133E-02 -0.9454432E-08
       230      3 -0.1865170E-03  0.9225123E-03  0.0000000E+00  0.0000000E+00 -0.1985888E-01 -0.3780119E-07
       230      4  0.4346926E-02  0.5421364E-03  0.0000000E+00  0.0000000E+00 -0.1243237E+00 -0.2369290E-06

       240      0  0.0000000E+00  0.0000000E+00  0.0000000E+00  0.0000000E+00  0.0000000E+00  0.0000000E+00
       240      1  0.0000000E+00  0.0000000E+00  0.0000000E+00  0.0000000E+00  0.0000000E+00  0.0000000E+00
       240      2  0.9851614E-03  0.1450037E-04  0.0000000E+00  0.0000000E+00 -0.5154375E-02 -0.9895198E-08
       240      3  0.2100617E-02 -0.1150947E-03  0.0000000E+00  0.0000000E+00 -0.2062676E-01 -0.3964234E-07
       240      4  0.4338392E-02 -0.2258424E-02  0.0000000E+00  0.0000000E+00 -0.1291709E+00 -0.2480799E-06

       250      0  0.0000000E+00  0.0000000E+00  0.0000000E+00  0.0000000E+00  0.0000000E+00  0.0000000E+00
       250      1  0.0000000E+00  0.0000000E+00  0.0000000E+00  0.0000000E+00  0.0000000E+00  0.0000000E+00
       250      2  0.7608073E-03 -0.4748534E-03  0.0000000E+00  0.0000000E+00 -0.5343865E-02 -0.1031892E-07
       250      3  0.1257989E-02 -0.9826313E-03  0.0000000E+00  0.0000000E+00 -0.2138920E-01 -0.4124691E-07
       250      4 -0.2503841E-02 -0.1489283E-02  0.0000000E+00  0.0000000E+00 -0.1339411E+00 -0.2568435E-06

       260      0  0.0000000E+00  0.0000000E+00  0.0000000E+00  0.0000000E+00  0.0000000E+00  0.0000000E+00
       260      1  0.0000000E+00  0.0000000E+00  0.0000000E+00  0.0000000E+00  0.0000000E+00  0.0000000E+00
       260      2 -0.5899841E-03 -0.2608607E-03  0.0000000E+00  0.0000000E+00 -0.5532281E-02 -0.1068333E-07
       260      3 -0.1464183E-02 -0.3821178E-03  0.0000000E+00  0.0000000E+00 -0.2214418E-01 -0.4278563E-07
       260      4 -0.5418744E-02  0.1614837E-02  0.0000000E+00  0.0000000E+00 -0.1387164E+00 -0.2690308E-06

       270      0  0.0000000E+00  0.0000000E+00  0.0000000E+00  0.0000000E+00  0.0000000E+00  0.0000000E+00
       270      1  0.0000000E+00  0.0000000E+00  0.0000000E+00  0.0000000E+00  0.0000000E+00  0.0000000E+00
       270      2 -0.1067910E-02  0.3387792E-03  0.0000000E+00  0.0000000E+00 -0.5722715E-02 -0.1116740E-07
       270      3 -0.2002042E-02  0.7863532E-03  0.0000000E+00  0.0000000E+00 -0.2290235E-01 -0.4467496E-07
       270      4  0.2185516E-03  0.2181522E-02  0.0000000E+00  0.0000000E+00 -0.1434222E+00 -0.2773492E-06

       280      0  0.0000000E+00  0.0000000E+00  0.0000000E+00  0.0000000E+00  0.0000000E+00  0.0000000E+00
       280      1  0.0000000E+00  0.0000000E+00  0.0000000E+00  0.0000000E+00  0.0000000E+00  0.0000000E+00
       280      2  0.3535487E-04  0.4372560E-03  0.0000000E+00  0.0000000E+00 -0.5909312E-02 -0.1150382E-07
       280      3  0.4480514E-03  0.7833580E-03  0.0000000E+00  0.0000000E+00 -0.2364523E-01 -0.4602019E-07
       280      4  0.5480844E-02 -0.6847408E-03  0.0000000E+00  0.0000000E+00 -0.1480783E+00 -0.2892227E-06

       290      0  0.0000000E+00  0.0000000E+00  0.0000000E+00  0.0000000E+00  0.0000000E+00  0.0000000E+00
       290      1  0.0000000E+00  0.0000000E+00  0.0000000E+00  0.0000000E+00  0.0000000E+00  0.0000000E+00
       290      2  0.1085140E-02 -0.1113347E-03  0.0000000E+00  0.0000000E+00 -0.6091798E-02 -0.1197579E-07
       290      3  0.2225865E-02 -0.3886526E-03  0.0000000E+00  0.0000000E+00 -0.2437933E-01 -0.4796085E-07
       290      4  0.2142001E-02 -0.2480037E-02  0.0000000E+00  0.0000000E+00 -0.1526993E+00 -0.2985300E-06

       300      0  0.0000000E+00  0.0000000E+00  0.0000000E+00  0.0000000E+00  0.0000000E+00  0.0000000E+00
       300      1  0.0000000E+00  0.0000000E+00  0.0000000E+00  0.0000000E+00  0.0000000E+00  0.0000000E+00
       300      2  0.5299248E-03 -0.4954635E-03  0.0000000E+00  0.0000000E+00 -0.6272609E-02 -0.1236121E-07
       300      3  0.6874270E-03 -0.9814717E-03  0.0000000E+00  0.0000000E+00 -0.2510635E-01 -0.4941022E-07
       300      4 -0.4597468E-02 -0.3579628E-03  0.0000000E+00  0.0000000E+00 -0.1572723E+00 -0.3089130E-06

       310      0  0.0000000E+00  0.0000000E+00  0.0000000E+00  0.0000000E+00  0.0000000E+00  0.0000000E+00
       310      1  0.0000000E+00  0.0000000E+00  0.0000000E+00  0.0000000E+00  0.0000000E+00  0.0000000E+00
       310      2 -0.8104984E-03 -0.1457820E-03  0.0000000E+00  0.0000000E+00 -0.6453189E-02 -0.1276072E-07
       310      3 -0.1881028E-02 -0.1085370E-03  0.0000000E+00  0.0000000E+00 -0.2582954E-01 -0.5111997E-07
       310      4 -0.4083080E-02  0.2313336E-02  0.0000000E+00  0.0000000E+00 -0.1618422E+00 -0.3198369E-06

       320      0  0.0000000E+00  0.0000000E+00  0.0000000E+00  0.0000000E+00  0.0000000E+00  0.0000000E+00
       320      1  0.0000000E+00  0.0000000E+00  0.0000000E+00  0.0000000E+00  0.0000000E+00  0.0000000E+00
       320      2 -0.9511167E-03  0.4191249E-03  0.0000000E+00  0.0000000E+00 -0.6635375E-02 -0.1322228E-07
       320      3 -0.1640915E-02  0.9241955E-03  0.0000000E+00  0.0000000E+00 -0.2655376E-01 -0.5286544E-07
       320      4  0.2851155E-02  0.1357501E-02  0.0000000E+00  0.0000000E+00 -0.1663235E+00 -0.3287112E-06

       330      0  0.0000000E+00  0.0000000E+00  0.0000000E+00  0.0000000E+00  0.0000000E+00  0.0000000E+00
       330      1  0.0000000E+00  0.0000000E+00  0.0000000E+00  0.0000000E+00  0.0000000E+00  0.0000000E+00
       330      2  0.3160859E-03  0.3641761E-03  0.0000000E+00  0.0000000E+00 -0.6812769E-02 -0.1356255E-07
       330      3  0.1045841E-02  0.5804931E-03  0.0000000E+00  0.0000000E+00 -0.2726109E-01 -0.5428953E-07
       330      4  0.5287219E-02 -0.1747014E-02  0.0000000E+00  0.0000000E+00 -0.1707927E+00 -0.3407255E-06

       340      0  0.0000000E+00  0.0000000E+00  0.0000000E+00  0.0000000E+00  0.0000000E+00  0.0000000E+00
       340      1  0.0000000E+00  0.0000000E+00  0.0000000E+00  0.0000000E+00  0.0000000E+00  0.0000000E+00
       340      2  0.1114638E-02 -0.2299574E-03  0.0000000E+00  0.0000000E+00 -0.6986997E-02 -0.1405041E-07
       340      3  0.2170670E-02 -0.6306959E-03  0.0000000E+00  0.0000000E+00 -0.2796295E-01 -0.5623687E-07
       340      4 -0.5843083E-03 -0.2094136E-02  0.0000000E+00  0.0000000E+00 -0.1751945E+00 -0.3490429E-06

       350      0  0.0000000E+00  0.0000000E+00  0.0000000E+00  0.0000000E+00  0.0000000E+00  0.0000000E+00
       350      1  0.0000000E+00  0.0000000E+00  0.0000000E+00  0.0000000E+00  0.0000000E+00  0.0000000E+00
       350      2  0.2645046E-03 -0.4838092E-03  0.0000000E+00  0.0000000E+00 -0.7159540E-02 -0.1440444E-07
       350      3  0.6052326E-04 -0.9003840E-03  0.0000000E+00  0.0000000E+00 -0.2865622E-01 -0.5759445E-07
       350      4 -0.5565900E-02  0.8558225E-03  0.0000000E+00  0.0000000E+00 -0.1795902E+00 -0.3609470E-06

       360      0  0.0000000E+00  0.0000000E+00  0.0000000E+00  0.0000000E+00  0.0000000E+00  0.0000000E+00
       360      1  0.0000000E+00  0.0000000E+00  0.0000000E+00  0.0000000E+00  0.0000000E+00  0.0000000E+00
       360      2 -0.9782802E-03 -0.2126767E-04  0.0000000E+00  0.0000000E+00 -0.7332811E-02 -0.1484241E-07
       360      3 -0.2144732E-02  0.1736413E-03  0.0000000E+00  0.0000000E+00 -0.2934964E-01 -0.5945711E-07
       360      4 -0.1754402E-02  0.2452732E-02  0.0000000E+00  0.0000000E+00 -0.1839485E+00 -0.3699362E-06

       370      0  0.0000000E+00  0.0000000E+00  0.0000000E+00  0.0000000E+00  0.0000000E+00  0.0000000E+00
       370      1  0.0000000E+00  0.0000000E+00  0.0000000E+00  0.0000000E+00  0.0000000E+00  0.0000000E+00
       370      2 -0.7724513E-03  0.4722525E-03  0.0000000E+00  0.0000000E+00 -0.7506773E-02 -0.1526878E-07
       370      3 -0.1146533E-02  0.9871699E-03  0.0000000E+00  0.0000000E+00 -0.3004013E-01 -0.6102734E-07
       370      4  0.4788200E-02  0.1992851E-03  0.0000000E+00  0.0000000E+00 -0.1882339E+00 -0.3806069E-06

       380      0  0.0000000E+00  0.0000000E+00  0.0000000E+00  0.0000000E+00  0.0000000E+00  0.0000000E+00
       380      1  0.0000000E+00  0.0000000E+00  0.0000000E+00  0.0000000E+00  0.0000000E+00  0.0000000E+00
       380      2  0.5761966E-03  0.2673941E-03  0.0000000E+00  0.0000000E+00 -0.7675472E-02 -0.1563141E-07
       380      3  0.1558504E-02  0.3302811E-03  0.0000000E+00  0.0000000E+00 -0.3071438E-01 -0.6260239E-07
       380      4  0.3810562E-02 -0.2381477E-02  0.0000000E+00  0.0000000E+00 -0.1925104E+00 -0.3911445E-06

       390      0  0.0000000E+00  0.0000000E+00  0.0000000E+00  0.0000000E+00  0.0000000E+00  0.0000000E+00
       390      1  0.0000000E+00  0.0000000E+00  0.0000000E+00  0.0000000E+00  0.0000000E+00  0.0000000E+00
       390      2  0.1071732E-02 -0.3336314E-03  0.0000000E+00  0.0000000E+00 -0.7841843E-02 -0.1611584E-07
       390      3  0.1939399E-02 -0.8214218E-03  0.0000000E+00  0.0000000E+00 -0.3138502E-01 -0.6446222E-07
       390      4 -0.3178266E-02 -0.1197534E-02  0.0000000E+00  0.0000000E+00 -0.1967199E+00 -0.4001623E-06

       400      0  0.0000000E+00  0.0000000E+00  0.0000000E+00  0.0000000E+00  0.0000000E+00  0.0000000E+00
       400      1  0.0000000E+00  0.0000000E+00  0.0000000E+00  0.0000000E+00  0.0000000E+00  0.0000000E+00
       400      2 -0.1821700E-04 -0.4406613E-03  0.0000000E+00  0.0000000E+00 -0.8006593E-02 -0.1645336E-07
       400      3 -0.5718253E-03 -0.7460574E-03  0.0000000E+00  0.0000000E+00 -0.3204666E-01 -0.6582009E-07
       400      4 -0.5169377E-02  0.1859506E-02  0.0000000E+00  0.0000000E+00 -0.2009412E+00 -0.4120407E-06

       410      0  0.0000000E+00  0.0000000E+00  0.0000000E+00  0.0000000E+00  0.0000000E+00  0.0000000E+00
       410      1  0.0000000E+00  0.0000000E+00  0.0000000E+00  0.0000000E+00  0.0000000E+00  0.0000000E+00
       410      2 -0.1082374E-02  0.1045879E-03  0.0000000E+00  0.0000000E+00 -0.8172954E-02 -0.1692334E-07
       410      3 -0.2233692E-02  0.4415560E-03  0.0000000E+00  0.0000000E+00 -0.3271162E-01 -0.6776864E-07
       410      4  0.9922547E-03  0.1997604E-02  0.0000000E+00  0.0000000E+00 -0.2050900E+00 -0.4202034E-06

       420      0  0.0000000E+00  0.0000000E+00  0.0000000E+00  0.0000000E+00  0.0000000E+00  0.0000000E+00
       420      1  0.0000000E+00  0.0000000E+00  0.0000000E+00  0.0000000E+00  0.0000000E+00  0.0000000E+00
       420      2 -0.5435802E-03  0.4947149E-03  0.0000000E+00  0.0000000E+00 -0.8338728E-02 -0.1731085E-07
       420      3 -0.5593116E-03  0.9701432E-03  0.0000000E+00  0.0000000E+00 -0.3336889E-01 -0.6918866E-07
       420      4  0.5564730E-02 -0.1012025E-02  0.0000000E+00  0.0000000E+00 -0.2092067E+00 -0.4321817E-06

       430      0  0.0000000E+00  0.0000000E+00  0.0000000E+00  0.0000000E+00  0.0000000E+00  0.0000000E+00
       430      1  0.0000000E+00  0.0000000E+00  0.0000000E+00  0.0000000E+00  0.0000000E+00  0.0000000E+00
       430      2  0.7988137E-03  0.1531846E-03  0.0000000E+00  0.0000000E+00 -0.8499293E-02 -0.1770860E-07
       430      3  0.1944632E-02  0.5298860E-04  0.0000000E+00  0.0000000E+00 -0.3401255E-01 -0.7093784E-07
       430      4  0.1403289E-02 -0.2431610E-02  0.0000000E+00  0.0000000E+00 -0.2132832E+00 -0.4409337E-06

       440      0  0.0000000E+00  0.0000000E+00  0.0000000E+00  0.0000000E+00  0.0000000E+00  0.0000000E+00
       440      1  0.0000000E+00  0.0000000E+00  0.0000000E+00  0.0000000E+00  0.0000000E+00  0.0000000E+00
       440      2  0.9591869E-03 -0.4155908E-03  0.0000000E+00  0.0000000E+00 -0.8658129E-02 -0.1817123E-07
       440      3  0.1550622E-02 -0.9452178E-03  0.0000000E+00  0.0000000E+00 -0.3465269E-01 -0.7264423E-07
       440      4 -0.4999232E-02 -0.1269741E-04  0.0000000E+00  0.0000000E+00 -0.2173291E+00 -0.4516920E-06

       450      0  0.0000000E+00  0.0000000E+00  0.0000000E+00  0.0000000E+00  0.0000000E+00  0.0000000E+00
       450      1  0.0000000E+00  0.0000000E+00  0.0000000E+00  0.0000000E+00  0.0000000E+00  0.0000000E+00
       450      2 -0.2998538E-03 -0.3688461E-03  0.0000000E+00  0.0000000E+00 -0.8815615E-02 -0.1851129E-07
       450      3 -0.1158107E-02 -0.5311556E-03  0.0000000E+00  0.0000000E+00 -0.3528512E-01 -0.7409447E-07
       450      4 -0.3508198E-02  0.2413089E-02  0.0000000E+00  0.0000000E+00 -0.2213690E+00 -0.4619192E-06

       460      0  0.0000000E+00  0.0000000E+00  0.0000000E+00  0.0000000E+00  0.0000000E+00  0.0000000E+00
       460      1  0.0000000E+00  0.0000000E+00  0.0000000E+00  0.0000000E+00  0.0000000E+00  0.0000000E+00
       460      2 -0.1115985E-02  0.2236139E-03  0.0000000E+00  0.0000000E+00 -0.8975320E-02 -0.1899862E-07
       460      3 -0.2140647E-02  0.6735560E-03  0.0000000E+00  0.0000000E+00 -0.3592226E-01 -0.7603374E-07
       460      4  0.3489566E-02  0.1054990E-02  0.0000000E+00  0.0000000E+00 -0.2253262E+00 -0.4710918E-06

       470      0  0.0000000E+00  0.0000000E+00  0.0000000E+00  0.0000000E+00  0.0000000E+00  0.0000000E+00
       470      1  0.0000000E+00  0.0000000E+00  0.0000000E+00  0.0000000E+00  0.0000000E+00  0.0000000E+00
       470      2 -0.2794284E-03  0.4850471E-03  0.0000000E+00  0.0000000E+00 -0.9133008E-02 -0.1935362E-07
       470      3  0.7289598E-04  0.8744133E-03  0.0000000E+00  0.0000000E+00 -0.3654732E-01 -0.7737718E-07
       470      4  0.4992098E-02 -0.1977585E-02  0.0000000E+00  0.0000000E+00 -0.2292815E+00 -0.4826650E-06

       480      0  0.0000000E+00  0.0000000E+00  0.0000000E+00  0.0000000E+00  0.0000000E+00  0.0000000E+00
       480      1  0.0000000E+00  0.0000000E+00  0.0000000E+00  0.0000000E+00  0.0000000E+00  0.0000000E+00
       480      2  0.9695053E-03  0.2896559E-04  0.0000000E+00  0.0000000E+00 -0.9286002E-02 -0.1979016E-07
       480      3  0.2173043E-02 -0.2288380E-03  0.0000000E+00  0.0000000E+00 -0.3716254E-01 -0.7926771E-07
       480      4 -0.1355953E-02 -0.1886166E-02  0.0000000E+00  0.0000000E+00 -0.2331702E+00 -0.4908485E-06

       490      0  0.0000000E+00  0.0000000E+00  0.0000000E+00  0.0000000E+00  0.0000000E+00  0.0000000E+00
       490      1  0.0000000E+00  0.0000000E+00  0.0000000E+00  0.0000000E+00  0.0000000E+00  0.0000000E+00
       490      2  0.7842778E-03 -0.4704857E-03  0.0000000E+00  0.0000000E+00 -0.9437581E-02 -0.2021825E-07
       490      3  0.1035659E-02 -0.9919622E-03  0.0000000E+00  0.0000000E+00 -0.3777297E-01 -0.8080329E-07
       490      4 -0.5594471E-02  0.1170919E-02  0.0000000E+00  0.0000000E+00 -0.2370663E+00 -0.5027720E-06

       500      0  0.0000000E+00  0.0000000E+00  0.0000000E+00  0.0000000E+00  0.0000000E+00  0.0000000E+00
       500      1  0.0000000E+00  0.0000000E+00  0.0000000E+00  0.0000000E+00  0.0000000E+00  0.0000000E+00
       500      2 -0.5620649E-03 -0.2730567E-03  0.0000000E+00  0.0000000E+00 -0.9588360E-02 -0.2057927E-07
       500      3 -0.1650419E-02 -0.2732500E-03  0.0000000E+00  0.0000000E+00 -0.3837858E-01 -0.8240921E-07
       500      4 -0.9960625E-03  0.2382798E-02  0.0000000E+00  0.0000000E+00 -0.2409189E+00 -0.5111827E-06

       510      0  0.0000000E+00  0.0000000E+00  0.0000000E+00  0.0000000E+00  0.0000000E+00  0.0000000E+00
       510      1  0.0000000E+00  0.0000000E+00  0.0000000E+00  0.0000000E+00  0.0000000E+00  0.0000000E+00
       510      2 -0.1076924E-02  0.3280911E-03  0.0000000E+00  0.0000000E+00 -0.9741522E-02 -0.2106478E-07
       510      3 -0.1873282E-02  0.8509159E-03  0.0000000E+00  0.0000000E+00 -0.3898801E-01 -0.8424605E-07
       510      4  0.5137803E-02 -0.1491388E-03  0.0000000E+00  0.0000000E+00 -0.2447135E+00 -0.5221715E-06

       520      0  0.0000000E+00  0.0000000E+00  0.0000000E+00  0.0000000E+00  0.0000000E+00  0.0000000E+00
       520      1  0.0000000E+00  0.0000000E+00  0.0000000E+00  0.0000000E+00  0.0000000E+00  0.0000000E+00
       520      2  0.2802883E-05  0.4438626E-03  0.0000000E+00  0.0000000E+00 -0.9891330E-02 -0.2140202E-07
       520      3  0.6987312E-03  0.7076295E-03  0.0000000E+00  0.0000000E+00 -0.3958247E-01 -0.8561126E-07
       520      4  0.3205856E-02 -0.2457957E-02  0.0000000E+00  0.0000000E+00 -0.2484973E+00 -0.5319815E-06

       530      0  0.0000000E+00  0.0000000E+00  0.0000000E+00  0.0000000E+00  0.0000000E+00  0.0000000E+00
       530      1  0.0000000E+00  0.0000000E+00  0.0000000E+00  0.0000000E+00  0.0000000E+00  0.0000000E+00
       530      2  0.1077208E-02 -0.9718191E-04  0.0000000E+00  0.0000000E+00 -0.1003727E-01 -0.2187106E-07
       530      3  0.2225253E-02 -0.4922077E-03  0.0000000E+00  0.0000000E+00 -0.4017086E-01 -0.8756551E-07
       530      4 -0.3793037E-02 -0.8814869E-03  0.0000000E+00  0.0000000E+00 -0.2522267E+00 -0.5412559E-06

       540      0  0.0000000E+00  0.0000000E+00  0.0000000E+00  0.0000000E+00  0.0000000E+00  0.0000000E+00
       540      1  0.0000000E+00  0.0000000E+00  0.0000000E+00  0.0000000E+00  0.0000000E+00  0.0000000E+00
       540      2  0.5583307E-03 -0.4947353E-03  0.0000000E+00  0.0000000E+00 -0.1018187E-01 -0.2226067E-07
       540      3  0.4361168E-03 -0.9578613E-03  0.0000000E+00  0.0000000E+00 -0.4075268E-01 -0.8896644E-07
       540      4 -0.4817104E-02  0.2068900E-02  0.0000000E+00  0.0000000E+00 -0.2559708E+00 -0.5525977E-06

       550      0  0.0000000E+00  0.0000000E+00  0.0000000E+00  0.0000000E+00  0.0000000E+00  0.0000000E+00
       550      1  0.0000000E+00  0.0000000E+00  0.0000000E+00  0.0000000E+00  0.0000000E+00  0.0000000E+00
       550      2 -0.7877532E-03 -0.1595416E-03  0.0000000E+00  0.0000000E+00 -0.1032648E-01 -0.2265579E-07
       550      3 -0.2008443E-02  0.6645524E-05  0.0000000E+00  0.0000000E+00 -0.4133354E-01 -0.9074245E-07
       550      4  0.1748883E-02  0.1773672E-02  0.0000000E+00  0.0000000E+00 -0.2596408E+00 -0.5606742E-06

       560      0  0.0000000E+00  0.0000000E+00  0.0000000E+00  0.0000000E+00  0.0000000E+00  0.0000000E+00
       560      1  0.0000000E+00  0.0000000E+00  0.0000000E+00  0.0000000E+00  0.0000000E+00  0.0000000E+00
       560      2 -0.9677548E-03  0.4112479E-03  0.0000000E+00  0.0000000E+00 -0.1047310E-01 -0.2312069E-07
       560      3 -0.1453557E-02  0.9593128E-03  0.0000000E+00  0.0000000E+00 -0.4191516E-01 -0.9241590E-07
       560      4  0.5540160E-02 -0.1320813E-02  0.0000000E+00  0.0000000E+00 -0.2632945E+00 -0.5725233E-06

       570      0  0.0000000E+00  0.0000000E+00  0.0000000E+00  0.0000000E+00  0.0000000E+00  0.0000000E+00
       570      1  0.0000000E+00  0.0000000E+00  0.0000000E+00  0.0000000E+00  0.0000000E+00  0.0000000E+00
       570      2  0.2847597E-03  0.3738170E-03  0.0000000E+00  0.0000000E+00 -0.1061535E-01 -0.2345949E-07
       570      3  0.1267491E-02  0.4832095E-03  0.0000000E+00  0.0000000E+00 -0.4248107E-01 -0.9389387E-07
       570      4  0.6330649E-03 -0.2334916E-02  0.0000000E+00  0.0000000E+00 -0.2669026E+00 -0.5807324E-06

       580      0  0.0000000E+00  0.0000000E+00  0.0000000E+00  0.0000000E+00  0.0000000E+00  0.0000000E+00
       580      1  0.0000000E+00  0.0000000E+00  0.0000000E+00  0.0000000E+00  0.0000000E+00  0.0000000E+00
       580      2  0.1114937E-02 -0.2170396E-03  0.0000000E+00  0.0000000E+00 -0.1075466E-01 -0.2394645E-07
       580      3  0.2096966E-02 -0.7155825E-03  0.0000000E+00  0.0000000E+00 -0.4304366E-01 -0.9581459E-07
       580      4 -0.5303646E-02  0.3338654E-03  0.0000000E+00  0.0000000E+00 -0.2704970E+00 -0.5917301E-06

       590      0  0.0000000E+00  0.0000000E+00  0.0000000E+00  0.0000000E+00  0.0000000E+00  0.0000000E+00
       590      1  0.0000000E+00  0.0000000E+00  0.0000000E+00  0.0000000E+00  0.0000000E+00  0.0000000E+00
       590      2  0.2959970E-03 -0.4867631E-03  0.0000000E+00  0.0000000E+00 -0.1089262E-01 -0.2430342E-07
       590      3 -0.1994107E-03 -0.8457544E-03  0.0000000E+00  0.0000000E+00 -0.4359846E-01 -0.9715906E-07
       590      4 -0.2862151E-02  0.2466122E-02  0.0000000E+00  0.0000000E+00 -0.2740802E+00 -0.6011542E-06

       600      0  0.0000000E+00  0.0000000E+00  0.0000000E+00  0.0000000E+00  0.0000000E+00  0.0000000E+00
       600      1  0.0000000E+00  0.0000000E+00  0.0000000E+00  0.0000000E+00  0.0000000E+00  0.0000000E+00
       600      2 -0.9621887E-03 -0.3569361E-04  0.0000000E+00  0.0000000E+00 -0.1103152E-01 -0.2473712E-07
       600      3 -0.2202826E-02  0.2858033E-03  0.0000000E+00  0.0000000E+00 -0.4415602E-01 -0.9906553E-07
       600      4  0.4062114E-02  0.7300195E-03  0.0000000E+00  0.0000000E+00 -0.2775886E+00 -0.6106065E-06

       610      0  0.0000000E+00  0.0000000E+00  0.0000000E+00  0.0000000E+00  0.0000000E+00  0.0000000E+00
       610      1  0.0000000E+00  0.0000000E+00  0.0000000E+00  0.0000000E+00  0.0000000E+00  0.0000000E+00
       610      2 -0.7956170E-03  0.4676941E-03  0.0000000E+00  0.0000000E+00 -0.1117155E-01 -0.2516785E-07
       610      3 -0.9158514E-03  0.9899602E-03  0.0000000E+00  0.0000000E+00 -0.4470987E-01 -0.1005669E-06
       610      4  0.4597566E-02 -0.2169895E-02  0.0000000E+00  0.0000000E+00 -0.2811013E+00 -0.6215315E-06

       620      0  0.0000000E+00  0.0000000E+00  0.0000000E+00  0.0000000E+00  0.0000000E+00  0.0000000E+00
       620      1  0.0000000E+00  0.0000000E+00  0.0000000E+00  0.0000000E+00  0.0000000E+00  0.0000000E+00
       620      2  0.5481285E-03  0.2794413E-03  0.0000000E+00  0.0000000E+00 -0.1130667E-01 -0.2552712E-07
       620      3  0.1733184E-02  0.2192913E-03  0.0000000E+00  0.0000000E+00 -0.4524949E-01 -0.1022118E-06
       620      4 -0.2104987E-02 -0.1640118E-02  0.0000000E+00  0.0000000E+00 -0.2845507E+00 -0.6296321E-06

       630      0  0.0000000E+00  0.0000000E+00  0.0000000E+00  0.0000000E+00  0.0000000E+00  0.0000000E+00
       630      1  0.0000000E+00  0.0000000E+00  0.0000000E+00  0.0000000E+00  0.0000000E+00  0.0000000E+00
       630      2  0.1080236E-02 -0.3227902E-03  0.0000000E+00  0.0000000E+00 -0.1143969E-01 -0.2601290E-07
       630      3  0.1798437E-02 -0.8806695E-03  0.0000000E+00  0.0000000E+00 -0.4578686E-01 -0.1040131E-06
       630      4 -0.5511965E-02  0.1464293E-02  0.0000000E+00  0.0000000E+00 -0.2880176E+00 -0.6413359E-06

       640      0  0.0000000E+00  0.0000000E+00  0.0000000E+00  0.0000000E+00  0.0000000E+00  0.0000000E+00
       640      1  0.0000000E+00  0.0000000E+00  0.0000000E+00  0.0000000E+00  0.0000000E+00  0.0000000E+00
       640      2  0.1431132E-04 -0.4470990E-03  0.0000000E+00  0.0000000E+00 -0.1157138E-01 -0.2635135E-07
       640      3 -0.8192333E-03 -0.6648649E-03  0.0000000E+00  0.0000000E+00 -0.4631664E-01 -0.1053969E-06
       640      4 -0.2155236E-03  0.2265669E-02  0.0000000E+00  0.0000000E+00 -0.2914347E+00 -0.6492041E-06

       650      0  0.0000000E+00  0.0000000E+00  0.0000000E+00  0.0000000E+00  0.0000000E+00  0.0000000E+00
       650      1  0.0000000E+00  0.0000000E+00  0.0000000E+00  0.0000000E+00  0.0000000E+00  0.0000000E+00
       650      2 -0.1073980E-02  0.9043381E-04  0.0000000E+00  0.0000000E+00 -0.1170491E-01 -0.2681827E-07
       650      3 -0.2217634E-02  0.5416224E-03  0.0000000E+00  0.0000000E+00 -0.4685167E-01 -0.1073521E-06
       650      4  0.5388023E-02 -0.4965470E-03  0.0000000E+00  0.0000000E+00 -0.2948096E+00 -0.6603405E-06

       660      0  0.0000000E+00  0.0000000E+00  0.0000000E+00  0.0000000E+00  0.0000000E+00  0.0000000E+00
       660      1  0.0000000E+00  0.0000000E+00  0.0000000E+00  0.0000000E+00  0.0000000E+00  0.0000000E+00
       660      2 -0.5717536E-03  0.4937674E-03  0.0000000E+00  0.0000000E+00 -0.1183832E-01 -0.2721004E-07
       660      3 -0.3040805E-03  0.9403163E-03  0.0000000E+00  0.0000000E+00 -0.4737818E-01 -0.1087282E-06
       660      4  0.2534541E-02 -0.2485827E-02  0.0000000E+00  0.0000000E+00 -0.2981689E+00 -0.6693440E-06

       670      0  0.0000000E+00  0.0000000E+00  0.0000000E+00  0.0000000E+00  0.0000000E+00  0.0000000E+00
       670      1  0.0000000E+00  0.0000000E+00  0.0000000E+00  0.0000000E+00  0.0000000E+00  0.0000000E+00
       670      2  0.7758201E-03  0.1668534E-03  0.0000000E+00  0.0000000E+00 -0.1196679E-01 -0.2760338E-07
       670      3  0.2058180E-02 -0.6270565E-04  0.0000000E+00  0.0000000E+00 -0.4789363E-01 -0.1105402E-06
       670      4 -0.4335430E-02 -0.5469066E-03  0.0000000E+00  0.0000000E+00 -0.3014879E+00 -0.6788413E-06

       680      0  0.0000000E+00  0.0000000E+00  0.0000000E+00  0.0000000E+00  0.0000000E+00  0.0000000E+00
       680      1  0.0000000E+00  0.0000000E+00  0.0000000E+00  0.0000000E+00  0.0000000E+00  0.0000000E+00
       680      2  0.9753350E-03 -0.4075313E-03  0.0000000E+00  0.0000000E+00 -0.1209377E-01 -0.2806926E-07
       680      3  0.1353672E-02 -0.9739485E-03  0.0000000E+00  0.0000000E+00 -0.4840624E-01 -0.1121742E-06
       680      4 -0.4367483E-02  0.2238636E-02  0.0000000E+00  0.0000000E+00 -0.3048210E+00 -0.6894395E-06

       690      0  0.0000000E+00  0.0000000E+00  0.0000000E+00  0.0000000E+00  0.0000000E+00  0.0000000E+00
       690      1  0.0000000E+00  0.0000000E+00  0.0000000E+00  0.0000000E+00  0.0000000E+00  0.0000000E+00
       690      2 -0.2684080E-03 -0.3783419E-03  0.0000000E+00  0.0000000E+00 -0.1221967E-01 -0.2840800E-07
       690      3 -0.1372769E-02 -0.4300174E-03  0.0000000E+00  0.0000000E+00 -0.4891320E-01 -0.1136809E-06
       690      4  0.2473986E-02  0.1513359E-02  0.0000000E+00  0.0000000E+00 -0.3080802E+00 -0.6974887E-06

       700      0  0.0000000E+00  0.0000000E+00  0.0000000E+00  0.0000000E+00  0.0000000E+00  0.0000000E+00
       700      1  0.0000000E+00  0.0000000E+00  0.0000000E+00  0.0000000E+00  0.0000000E+00  0.0000000E+00
       700      2 -0.1115825E-02  0.2106500E-03  0.0000000E+00  0.0000000E+00 -0.1234802E-01 -0.2889425E-07
       700      3 -0.2051690E-02  0.7534321E-03  0.0000000E+00  0.0000000E+00 -0.4942583E-01 -0.1155865E-06
       700      4  0.5406103E-02 -0.1604833E-02  0.0000000E+00  0.0000000E+00 -0.3113366E+00 -0.7089655E-06

       710      0  0.0000000E+00  0.0000000E+00  0.0000000E+00  0.0000000E+00  0.0000000E+00  0.0000000E+00
       710      1  0.0000000E+00  0.0000000E+00  0.0000000E+00  0.0000000E+00  0.0000000E+00  0.0000000E+00
       710      2 -0.3107666E-03  0.4877686E-03  0.0000000E+00  0.0000000E+00 -0.1247482E-01 -0.2925231E-07
       710      3  0.3319453E-03  0.8143053E-03  0.0000000E+00  0.0000000E+00 -0.4992602E-01 -0.1169247E-06
       710      4 -0.1544216E-03 -0.2191212E-02  0.0000000E+00  0.0000000E+00 -0.3145426E+00 -0.7166686E-06

       720      0  0.0000000E+00  0.0000000E+00  0.0000000E+00  0.0000000E+00  0.0000000E+00  0.0000000E+00
       720      1  0.0000000E+00  0.0000000E+00  0.0000000E+00  0.0000000E+00  0.0000000E+00  0.0000000E+00
       720      2  0.9530701E-03  0.4336527E-04  0.0000000E+00  0.0000000E+00 -0.1259714E-01 -0.2968453E-07
       720      3  0.2216202E-02 -0.3398090E-03  0.0000000E+00  0.0000000E+00 -0.5041900E-01 -0.1188505E-06
       720      4 -0.5503431E-02  0.6751676E-03  0.0000000E+00  0.0000000E+00 -0.3177502E+00 -0.7277314E-06

       730      0  0.0000000E+00  0.0000000E+00  0.0000000E+00  0.0000000E+00  0.0000000E+00  0.0000000E+00
       730      1  0.0000000E+00  0.0000000E+00  0.0000000E+00  0.0000000E+00  0.0000000E+00  0.0000000E+00
       730      2  0.8070155E-03 -0.4657303E-03  0.0000000E+00  0.0000000E+00 -0.1271830E-01 -0.3011690E-07
       730      3  0.7985576E-03 -0.9877965E-03  0.0000000E+00  0.0000000E+00 -0.5090748E-01 -0.1203219E-06
       730      4 -0.2156603E-02  0.2470735E-02  0.0000000E+00  0.0000000E+00 -0.3209396E+00 -0.7362924E-06

       740      0  0.0000000E+00  0.0000000E+00  0.0000000E+00  0.0000000E+00  0.0000000E+00  0.0000000E+00
       740      1  0.0000000E+00  0.0000000E+00  0.0000000E+00  0.0000000E+00  0.0000000E+00  0.0000000E+00
       740      2 -0.5337492E-03 -0.2849863E-03  0.0000000E+00  0.0000000E+00 -0.1283888E-01 -0.3047470E-07
       740      3 -0.1814716E-02 -0.1603943E-03  0.0000000E+00  0.0000000E+00 -0.5139366E-01 -0.1219966E-06
       740      4  0.4557032E-02  0.3884918E-03  0.0000000E+00  0.0000000E+00 -0.3240643E+00 -0.7459650E-06

       750      0  0.0000000E+00  0.0000000E+00  0.0000000E+00  0.0000000E+00  0.0000000E+00  0.0000000E+00
       750      1  0.0000000E+00  0.0000000E+00  0.0000000E+00  0.0000000E+00  0.0000000E+00  0.0000000E+00
       750      2 -0.1084997E-02  0.3171562E-03  0.0000000E+00  0.0000000E+00 -0.1296212E-01 -0.3096139E-07
       750      3 -0.1718651E-02  0.9041260E-03  0.0000000E+00  0.0000000E+00 -0.5188366E-01 -0.1237693E-06
       750      4  0.4109671E-02 -0.2319641E-02  0.0000000E+00  0.0000000E+00 -0.3271953E+00 -0.7560659E-06

       760      0  0.0000000E+00  0.0000000E+00  0.0000000E+00  0.0000000E+00  0.0000000E+00  0.0000000E+00
       760      1  0.0000000E+00  0.0000000E+00  0.0000000E+00  0.0000000E+00  0.0000000E+00  0.0000000E+00
       760      2 -0.2965614E-04  0.4500730E-03  0.0000000E+00  0.0000000E+00 -0.1308244E-01 -0.3129968E-07
       760      3  0.9405923E-03  0.6220313E-03  0.0000000E+00  0.0000000E+00 -0.5235909E-01 -0.1251690E-06
       760      4 -0.2816375E-02 -0.1360313E-02  0.0000000E+00  0.0000000E+00 -0.3302692E+00 -0.7641263E-06

       770      0  0.0000000E+00  0.0000000E+00  0.0000000E+00  0.0000000E+00  0.0000000E+00  0.0000000E+00
       770      1  0.0000000E+00  0.0000000E+00  0.0000000E+00  0.0000000E+00  0.0000000E+00  0.0000000E+00
       770      2  0.1068387E-02 -0.8298985E-04  0.0000000E+00  0.0000000E+00 -0.1319906E-01 -0.3176559E-07
       770      3  0.2194419E-02 -0.5893755E-03  0.0000000E+00  0.0000000E+00 -0.5283072E-01 -0.1271192E-06
       770      4 -0.5318456E-02  0.1730072E-02  0.0000000E+00  0.0000000E+00 -0.3333671E+00 -0.7753664E-06

       780      0  0.0000000E+00  0.0000000E+00  0.0000000E+00  0.0000000E+00  0.0000000E+00  0.0000000E+00
       780      1  0.0000000E+00  0.0000000E+00  0.0000000E+00  0.0000000E+00  0.0000000E+00  0.0000000E+00
       780      2  0.5861754E-03 -0.4935893E-03  0.0000000E+00  0.0000000E+00 -0.1331462E-01 -0.3215942E-07
       780      3  0.1780178E-03 -0.9211159E-03  0.0000000E+00  0.0000000E+00 -0.5329615E-01 -0.1284838E-06
       780      4  0.5724135E-03  0.2102840E-02  0.0000000E+00  0.0000000E+00 -0.3364093E+00 -0.7827556E-06

       790      0  0.0000000E+00  0.0000000E+00  0.0000000E+00  0.0000000E+00  0.0000000E+00  0.0000000E+00
       790      1  0.0000000E+00  0.0000000E+00  0.0000000E+00  0.0000000E+00  0.0000000E+00  0.0000000E+00
       790      2 -0.7644104E-03 -0.1731238E-03  0.0000000E+00  0.0000000E+00 -0.1343035E-01 -0.3255022E-07
       790      3 -0.2108835E-02  0.1220568E-03  0.0000000E+00  0.0000000E+00 -0.5376317E-01 -0.1303184E-06
       790      4  0.5532545E-02 -0.8360753E-03  0.0000000E+00  0.0000000E+00 -0.3394250E+00 -0.7938384E-06

       800      0  0.0000000E+00  0.0000000E+00  0.0000000E+00  0.0000000E+00  0.0000000E+00  0.0000000E+00
       800      1  0.0000000E+00  0.0000000E+00  0.0000000E+00  0.0000000E+00  0.0000000E+00  0.0000000E+00
       800      2 -0.9835199E-03  0.4030476E-03  0.0000000E+00  0.0000000E+00 -0.1354844E-01 -0.3301824E-07
       800      3 -0.1245848E-02  0.9815133E-03  0.0000000E+00  0.0000000E+00 -0.5423020E-01 -0.1319170E-06
       800      4  0.1808479E-02 -0.2463843E-02  0.0000000E+00  0.0000000E+00 -0.3424184E+00 -0.8020004E-06

       810      0  0.0000000E+00  0.0000000E+00  0.0000000E+00  0.0000000E+00  0.0000000E+00  0.0000000E+00
       810      1  0.0000000E+00  0.0000000E+00  0.0000000E+00  0.0000000E+00  0.0000000E+00  0.0000000E+00
       810      2  0.2532912E-03  0.3831101E-03  0.0000000E+00  0.0000000E+00 -0.1366251E-01 -0.3335582E-07
       810      3  0.1472565E-02  0.3789989E-03  0.0000000E+00  0.0000000E+00 -0.5468282E-01 -0.1334572E-06
       810      4 -0.4793541E-02 -0.2000812E-03  0.0000000E+00  0.0000000E+00 -0.3453866E+00 -0.8116529E-06

       820      0  0.0000000E+00  0.0000000E+00  0.0000000E+00  0.0000000E+00  0.0000000E+00  0.0000000E+00
       820      1  0.0000000E+00  0.0000000E+00  0.0000000E+00  0.0000000E+00  0.0000000E+00  0.0000000E+00
       820      2  0.1114292E-02 -0.2039799E-03  0.0000000E+00  0.0000000E+00 -0.1377381E-01 -0.3384162E-07
       820      3  0.1994487E-02 -0.7909684E-03  0.0000000E+00  0.0000000E+00 -0.5513371E-01 -0.1353355E-06
       820      4 -0.3828068E-02  0.2364830E-02  0.0000000E+00  0.0000000E+00 -0.3483652E+00 -0.8213394E-06

       830      0  0.0000000E+00  0.0000000E+00  0.0000000E+00  0.0000000E+00  0.0000000E+00  0.0000000E+00
       830      1  0.0000000E+00  0.0000000E+00  0.0000000E+00  0.0000000E+00  0.0000000E+00  0.0000000E+00
       830      2  0.3271342E-03 -0.4892948E-03  0.0000000E+00  0.0000000E+00 -0.1388402E-01 -0.3420168E-07
       830      3 -0.4575539E-03 -0.7794145E-03  0.0000000E+00  0.0000000E+00 -0.5557762E-01 -0.1366820E-06
       830      4  0.3153129E-02  0.1221110E-02  0.0000000E+00  0.0000000E+00 -0.3512722E+00 -0.8294045E-06

       840      0  0.0000000E+00  0.0000000E+00  0.0000000E+00  0.0000000E+00  0.0000000E+00  0.0000000E+00
       840      1  0.0000000E+00  0.0000000E+00  0.0000000E+00  0.0000000E+00  0.0000000E+00  0.0000000E+00
       840      2 -0.9453352E-03 -0.5004197E-04  0.0000000E+00  0.0000000E+00 -0.1399532E-01 -0.3463104E-07
       840      3 -0.2230986E-02  0.3944176E-03  0.0000000E+00  0.0000000E+00 -0.5602643E-01 -0.1386174E-06
       840      4  0.5163446E-02 -0.1858024E-02  0.0000000E+00  0.0000000E+00 -0.3541865E+00 -0.8402763E-06

       850      0  0.0000000E+00  0.0000000E+00  0.0000000E+00  0.0000000E+00  0.0000000E+00  0.0000000E+00
       850      1  0.0000000E+00  0.0000000E+00  0.0000000E+00  0.0000000E+00  0.0000000E+00  0.0000000E+00
       850      2 -0.8180318E-03  0.4627560E-03  0.0000000E+00  0.0000000E+00 -0.1410814E-01 -0.3506603E-07
       850      3 -0.6719791E-03  0.9792899E-03  0.0000000E+00  0.0000000E+00 -0.5647045E-01 -0.1400567E-06
       850      4 -0.9439400E-03 -0.2002681E-02  0.0000000E+00  0.0000000E+00 -0.3570477E+00 -0.8475326E-06

       860      0  0.0000000E+00  0.0000000E+00  0.0000000E+00  0.0000000E+00  0.0000000E+00  0.0000000E+00
       860      1  0.0000000E+00  0.0000000E+00  0.0000000E+00  0.0000000E+00  0.0000000E+00  0.0000000E+00
       860      2  0.5196917E-03  0.2912106E-03  0.0000000E+00  0.0000000E+00 -0.1421634E-01 -0.3542211E-07
       860      3  0.1884838E-02  0.1048942E-03  0.0000000E+00  0.0000000E+00 -0.5690228E-01 -0.1417706E-06
       860      4 -0.5592987E-02  0.1004517E-02  0.0000000E+00  0.0000000E+00 -0.3599233E+00 -0.8584601E-06

       870      0  0.0000000E+00  0.0000000E+00  0.0000000E+00  0.0000000E+00  0.0000000E+00  0.0000000E+00
       870      1  0.0000000E+00  0.0000000E+00  0.0000000E+00  0.0000000E+00  0.0000000E+00  0.0000000E+00
       870      2  0.1087797E-02 -0.3117132E-03  0.0000000E+00  0.0000000E+00 -0.1432260E-01 -0.3590898E-07
       870      3  0.1632446E-02 -0.9280635E-03  0.0000000E+00  0.0000000E+00 -0.5733270E-01 -0.1435038E-06
       870      4 -0.1404733E-02  0.2426033E-02  0.0000000E+00  0.0000000E+00 -0.3627726E+00 -0.8661497E-06

       880      0  0.0000000E+00  0.0000000E+00  0.0000000E+00  0.0000000E+00  0.0000000E+00  0.0000000E+00
       880      1  0.0000000E+00  0.0000000E+00  0.0000000E+00  0.0000000E+00  0.0000000E+00  0.0000000E+00
       880      2  0.4671288E-04 -0.4531360E-03  0.0000000E+00  0.0000000E+00 -0.1442778E-01 -0.3624859E-07
       880      3 -0.1056361E-02 -0.5743338E-03  0.0000000E+00  0.0000000E+00 -0.5775700E-01 -0.1449269E-06
       880      4  0.4963462E-02  0.3689477E-04  0.0000000E+00  0.0000000E+00 -0.3655693E+00 -0.8759456E-06

       890      0  0.0000000E+00  0.0000000E+00  0.0000000E+00  0.0000000E+00  0.0000000E+00  0.0000000E+00
       890      1  0.0000000E+00  0.0000000E+00  0.0000000E+00  0.0000000E+00  0.0000000E+00  0.0000000E+00
       890      2 -0.1064705E-02  0.7625289E-04  0.0000000E+00  0.0000000E+00 -0.1453494E-01 -0.3671225E-07
       890      3 -0.2171158E-02  0.6346447E-03  0.0000000E+00  0.0000000E+00 -0.5818788E-01 -0.1468709E-06
       890      4  0.3536400E-02 -0.2423164E-02  0.0000000E+00  0.0000000E+00 -0.3683703E+00 -0.8850909E-06

       900      0  0.0000000E+00  0.0000000E+00  0.0000000E+00  0.0000000E+00  0.0000000E+00  0.0000000E+00
       900      1  0.0000000E+00  0.0000000E+00  0.0000000E+00  0.0000000E+00  0.0000000E+00  0.0000000E+00
       900      2 -0.5993443E-03  0.4924068E-03  0.0000000E+00  0.0000000E+00 -0.1464239E-01 -0.3710832E-07
       900      3 -0.4387952E-04  0.8975548E-03  0.0000000E+00  0.0000000E+00 -0.5860934E-01 -0.1482168E-06
       900      4 -0.3475145E-02 -0.1051874E-02  0.0000000E+00  0.0000000E+00 -0.3711231E+00 -0.8931408E-06

       910      0  0.0000000E+00  0.0000000E+00  0.0000000E+00  0.0000000E+00  0.0000000E+00  0.0000000E+00
       910      1  0.0000000E+00  0.0000000E+00  0.0000000E+00  0.0000000E+00  0.0000000E+00  0.0000000E+00
       910      2  0.7522543E-03  0.1803314E-03  0.0000000E+00  0.0000000E+00 -0.1474512E-01 -0.3749732E-07
       910      3  0.2144070E-02 -0.1779890E-03  0.0000000E+00  0.0000000E+00 -0.5902215E-01 -0.1500817E-06
       910      4 -0.5016153E-02  0.1962649E-02  0.0000000E+00  0.0000000E+00 -0.3739028E+00 -0.9036865E-06

       920      0  0.0000000E+00  0.0000000E+00  0.0000000E+00  0.0000000E+00  0.0000000E+00  0.0000000E+00
       920      1  0.0000000E+00  0.0000000E+00  0.0000000E+00  0.0000000E+00  0.0000000E+00  0.0000000E+00
       920      2  0.9906008E-03 -0.3991567E-03  0.0000000E+00  0.0000000E+00 -0.1484656E-01 -0.3796623E-07
       920      3  0.1137463E-02 -0.9894286E-03  0.0000000E+00  0.0000000E+00 -0.5943238E-01 -0.1516427E-06
       920      4  0.1352304E-02  0.1896719E-02  0.0000000E+00  0.0000000E+00 -0.3766221E+00 -0.9106809E-06

       930      0  0.0000000E+00  0.0000000E+00  0.0000000E+00  0.0000000E+00  0.0000000E+00  0.0000000E+00
       930      1  0.0000000E+00  0.0000000E+00  0.0000000E+00  0.0000000E+00  0.0000000E+00  0.0000000E+00
       930      2 -0.2368524E-03 -0.3874834E-03  0.0000000E+00  0.0000000E+00 -0.1494710E-01 -0.3830390E-07
       930      3 -0.1569444E-02 -0.3226658E-03  0.0000000E+00  0.0000000E+00 -0.5983905E-01 -0.1532127E-06
       930      4  0.5566779E-02 -0.1160712E-02  0.0000000E+00  0.0000000E+00 -0.3793297E+00 -0.9214924E-06

       940      0  0.0000000E+00  0.0000000E+00  0.0000000E+00  0.0000000E+00  0.0000000E+00  0.0000000E+00
       940      1  0.0000000E+00  0.0000000E+00  0.0000000E+00  0.0000000E+00  0.0000000E+00  0.0000000E+00
       940      2 -0.1114723E-02  0.1975565E-03  0.0000000E+00  0.0000000E+00 -0.1505029E-01 -0.3878880E-07
       940      3 -0.1934297E-02  0.8233213E-03  0.0000000E+00  0.0000000E+00 -0.6025173E-01 -0.1550693E-06
       940      4  0.1041093E-02 -0.2391678E-02  0.0000000E+00  0.0000000E+00 -0.3820073E+00 -0.9288239E-06

       950      0  0.0000000E+00  0.0000000E+00  0.0000000E+00  0.0000000E+00  0.0000000E+00  0.0000000E+00
       950      1  0.0000000E+00  0.0000000E+00  0.0000000E+00  0.0000000E+00  0.0000000E+00  0.0000000E+00
       950      2 -0.3417260E-03  0.4900687E-03  0.0000000E+00  0.0000000E+00 -0.1515232E-01 -0.3915007E-07
       950      3  0.5873444E-03  0.7428257E-03  0.0000000E+00  0.0000000E+00 -0.6065168E-01 -0.1564182E-06
       950      4 -0.5156651E-02  0.1522600E-03  0.0000000E+00  0.0000000E+00 -0.3846751E+00 -0.9385319E-06

       960      0  0.0000000E+00  0.0000000E+00  0.0000000E+00  0.0000000E+00  0.0000000E+00  0.0000000E+00
       960      1  0.0000000E+00  0.0000000E+00  0.0000000E+00  0.0000000E+00  0.0000000E+00  0.0000000E+00
       960      2  0.9358945E-03  0.5767300E-04  0.0000000E+00  0.0000000E+00 -0.1525003E-01 -0.3957792E-07
       960      3  0.2229260E-02 -0.4465602E-03  0.0000000E+00  0.0000000E+00 -0.6104675E-01 -0.1583630E-06
       960      4 -0.3208461E-02  0.2444254E-02  0.0000000E+00  0.0000000E+00 -0.3873470E+00 -0.9471902E-06

       970      0  0.0000000E+00  0.0000000E+00  0.0000000E+00  0.0000000E+00  0.0000000E+00  0.0000000E+00
       970      1  0.0000000E+00  0.0000000E+00  0.0000000E+00  0.0000000E+00  0.0000000E+00  0.0000000E+00
       970      2  0.8289852E-03 -0.4606000E-03  0.0000000E+00  0.0000000E+00 -0.1534680E-01 -0.4001447E-07
       970      3  0.5495442E-03 -0.9700568E-03  0.0000000E+00  0.0000000E+00 -0.6143739E-01 -0.1597786E-06
       970      4  0.3772184E-02  0.9021761E-03  0.0000000E+00  0.0000000E+00 -0.3899520E+00 -0.9552926E-06

       980      0  0.0000000E+00  0.0000000E+00  0.0000000E+00  0.0000000E+00  0.0000000E+00  0.0000000E+00
       980      1  0.0000000E+00  0.0000000E+00  0.0000000E+00  0.0000000E+00  0.0000000E+00  0.0000000E+00
       980      2 -0.5050939E-03 -0.2966299E-03  0.0000000E+00  0.0000000E+00 -0.1544313E-01 -0.4036923E-07
       980      3 -0.1954741E-02 -0.4494972E-04  0.0000000E+00  0.0000000E+00 -0.6182813E-01 -0.1615199E-06
       980      4  0.4815186E-02 -0.2074704E-02  0.0000000E+00  0.0000000E+00 -0.3925706E+00 -0.9653525E-06

       990      0  0.0000000E+00  0.0000000E+00  0.0000000E+00  0.0000000E+00  0.0000000E+00  0.0000000E+00
       990      1  0.0000000E+00  0.0000000E+00  0.0000000E+00  0.0000000E+00  0.0000000E+00  0.0000000E+00
       990      2 -0.1092123E-02  0.3059971E-03  0.0000000E+00  0.0000000E+00 -0.1554237E-01 -0.4085681E-07
       990      3 -0.1539879E-02  0.9451920E-03  0.0000000E+00  0.0000000E+00 -0.6222211E-01 -0.1632202E-06
       990      4 -0.1719516E-02 -0.1772482E-02  0.0000000E+00  0.0000000E+00 -0.3951359E+00 -0.9722379E-06

      1000      0  0.0000000E+00  0.0000000E+00  0.0000000E+00  0.0000000E+00  0.0000000E+00  0.0000000E+00
      1000      1  0.0000000E+00  0.0000000E+00  0.0000000E+00  0.0000000E+00  0.0000000E+00  0.0000000E+00
      1000      2 -0.6196322E-04  0.4558800E-03  0.0000000E+00  0.0000000E+00 -0.1563904E-01 -0.4119638E-07
      1000      3  0.1170469E-02  0.5275471E-03  0.0000000E+00  0.0000000E+00 -0.6260211E-01 -0.1646670E-06
      1000      4 -0.5568703E-02  0.1315206E-02  0.0000000E+00  0.0000000E+00 -0.3977257E+00 -0.9828150E-06
