# number of rays:       5
# iteration   ray    X              A              Y              B              T              D
         0      0  0.0000000E+00  0.0000000E+00  0.0000000E+00  0.0000000E+00  0.0000000E+00  0.0000000E+00
         0      1  0.0000000E+00  0.0000000E+00  0.0000000E+00  0.0000000E+00  0.0000000E+00  0.0000000E+00
         0      2  0.1000000E-02  0.0000000E+00  0.0000000E+00  0.0000000E+00  0.0000000E+00  0.0000000E+00
         0      3  0.2000000E-02  0.0000000E+00  0.0000000E+00  0.0000000E+00  0.0000000E+00  0.0000000E+00
         0      4  0.5000000E-02  0.0000000E+00  0.0000000E+00  0.0000000E+00  0.0000000E+00  0.0000000E+00

         1      0  0.0000000E+00  0.0000000E+00  0.0000000E+00  0.0000000E+00  0.0000000E+00  0.0000000E+00
         1      1  0.0000000E+00  0.0000000E+00  0.0000000E+00  0.0000000E+00  0.0000000E+00  0.0000000E+00
         1      2  0.1354037E-04 -0.4469955E-03  0.0000000E+00  0.0000000E+00 -0.2448945E-04  0.1126871E-12
         1      3  0.2216688E-04 -0.8932664E-03  0.0000000E+00  0.0000000E+00 -0.1031612E-03  0.1025493E-11
         1      4  0.2907227E-05 -0.2224789E-02  0.0000000E+00  0.0000000E+00 -0.6646382E-03  0.2187471E-10

         2      0  0.0000000E+00  0.0000000E+00  0.0000000E+00  0.0000000E+00  0.0000000E+00  0.0000000E+00
         2      1  0.0000000E+00  0.0000000E+00  0.0000000E+00  0.0000000E+00  0.0000000E+00  0.0000000E+00
         2      2 -0.1013517E-02  0.3851099E-03  0.0000000E+00  0.0000000E+00 -0.5454664E-04 -0.1259727E-09
         2      3 -0.2026558E-02  0.7713430E-03  0.0000000E+00  0.0000000E+00 -0.2177649E-03 -0.5034161E-09
         2      4 -0.5049309E-02  0.1945475E-02  0.0000000E+00  0.0000000E+00 -0.1360158E-02 -0.3133008E-08

         3      0  0.0000000E+00  0.0000000E+00  0.0000000E+00  0.0000000E+00  0.0000000E+00  0.0000000E+00
         3      1  0.0000000E+00  0.0000000E+00  0.0000000E+00  0.0000000E+00  0.0000000E+00  0.0000000E+00
         3      2  0.8564762E-03  0.1158447E-03  0.0000000E+00  0.0000000E+00 -0.8092670E-04 -0.1189839E-09
         3      3  0.1715054E-02  0.2297733E-03  0.0000000E+00  0.0000000E+00 -0.3229701E-03 -0.4763236E-09
         3      4  0.4332926E-02  0.5396706E-03  0.0000000E+00  0.0000000E+00 -0.2016499E-02 -0.3000618E-08

         4      0  0.0000000E+00  0.0000000E+00  0.0000000E+00  0.0000000E+00  0.0000000E+00  0.0000000E+00
         4      1  0.0000000E+00  0.0000000E+00  0.0000000E+00  0.0000000E+00  0.0000000E+00  0.0000000E+00
         4      2  0.2737963E-03 -0.4844022E-03  0.0000000E+00  0.0000000E+00 -0.1052272E-03 -0.1534070E-09
         4      3  0.5383027E-03 -0.9676954E-03  0.0000000E+00  0.0000000E+00 -0.4261088E-03 -0.6124026E-09
         4      4  0.1214912E-02 -0.2404448E-02  0.0000000E+00  0.0000000E+00 -0.2683267E-02 -0.3781649E-08

         5      0  0.0000000E+00  0.0000000E+00  0.0000000E+00  0.0000000E+00  0.0000000E+00  0.0000000E+00
         5      1  0.0000000E+00  0.0000000E+00  0.0000000E+00  0.0000000E+00  0.0000000E+00  0.0000000E+00
         5      2 -0.1094057E-02  0.3014522E-03  0.0000000E+00  0.0000000E+00 -0.1345006E-03 -0.2688111E-09
         5      3 -0.2186673E-02  0.6056764E-03  0.0000000E+00  0.0000000E+00 -0.5384615E-03 -0.1075269E-08
         5      4 -0.5438471E-02  0.1561820E-02  0.0000000E+00  0.0000000E+00 -0.3368366E-02 -0.6719805E-08

         6      0  0.0000000E+00  0.0000000E+00  0.0000000E+00  0.0000000E+00  0.0000000E+00  0.0000000E+00
         6      1  0.0000000E+00  0.0000000E+00  0.0000000E+00  0.0000000E+00  0.0000000E+00  0.0000000E+00
         6      2  0.6654090E-03  0.2253049E-03  0.0000000E+00  0.0000000E+00 -0.1616387E-03 -0.2409583E-09
         6      3  0.1336362E-02  0.4471740E-03  0.0000000E+00  0.0000000E+00 -0.6451827E-03 -0.9650968E-09
         6      4  0.3455870E-02  0.1054449E-02  0.0000000E+00  0.0000000E+00 -0.4027794E-02 -0.6078517E-08

         7      0  0.0000000E+00  0.0000000E+00  0.0000000E+00  0.0000000E+00  0.0000000E+00  0.0000000E+00
         7      1  0.0000000E+00  0.0000000E+00  0.0000000E+00  0.0000000E+00  0.0000000E+00  0.0000000E+00
         7      2  0.5190045E-03 -0.4950030E-03  0.0000000E+00  0.0000000E+00 -0.1858202E-03 -0.3125547E-09
         7      3  0.1025620E-02 -0.9895631E-03  0.0000000E+00  0.0000000E+00 -0.7482541E-03 -0.1248950E-08
         7      4  0.2371882E-02 -0.2469640E-02  0.0000000E+00  0.0000000E+00 -0.4695494E-02 -0.7733804E-08

         8      0  0.0000000E+00  0.0000000E+00  0.0000000E+00  0.0000000E+00  0.0000000E+00  0.0000000E+00
         8      1  0.0000000E+00  0.0000000E+00  0.0000000E+00  0.0000000E+00  0.0000000E+00  0.0000000E+00
         8      2 -0.1114182E-02  0.2011193E-03  0.0000000E+00  0.0000000E+00 -0.2141594E-03 -0.4022272E-09
         8      3 -0.2228519E-02  0.4071326E-03  0.0000000E+00  0.0000000E+00 -0.8580230E-03 -0.1610790E-08
         8      4 -0.5571328E-02  0.1103711E-02  0.0000000E+00  0.0000000E+00 -0.5369144E-02 -0.1011903E-07

         9      0  0.0000000E+00  0.0000000E+00  0.0000000E+00  0.0000000E+00  0.0000000E+00  0.0000000E+00
         9      1  0.0000000E+00  0.0000000E+00  0.0000000E+00  0.0000000E+00  0.0000000E+00  0.0000000E+00
         9      2  0.4374604E-03  0.3223057E-03  0.0000000E+00  0.0000000E+00 -0.2421244E-03 -0.3697596E-09
         9      3  0.8848442E-03  0.6403218E-03  0.0000000E+00  0.0000000E+00 -0.9666361E-03 -0.1481121E-08
         9      4  0.2412453E-02  0.1519367E-02  0.0000000E+00  0.0000000E+00 -0.6034274E-02 -0.9309939E-08

        10      0  0.0000000E+00  0.0000000E+00  0.0000000E+00  0.0000000E+00  0.0000000E+00  0.0000000E+00
        10      1  0.0000000E+00  0.0000000E+00  0.0000000E+00  0.0000000E+00  0.0000000E+00  0.0000000E+00
        10      2  0.7355417E-03 -0.4782099E-03  0.0000000E+00  0.0000000E+00 -0.2662332E-03 -0.4730290E-09
        10      3  0.1457437E-02 -0.9576764E-03  0.0000000E+00  0.0000000E+00 -0.1069482E-02 -0.1891565E-08
        10      4  0.3417483E-02 -0.2417194E-02  0.0000000E+00  0.0000000E+00 -0.6701101E-02 -0.1174376E-07

        11      0  0.0000000E+00  0.0000000E+00  0.0000000E+00  0.0000000E+00  0.0000000E+00  0.0000000E+00
        11      1  0.0000000E+00  0.0000000E+00  0.0000000E+00  0.0000000E+00  0.0000000E+00  0.0000000E+00
        11      2 -0.1072806E-02  0.8967991E-04  0.0000000E+00  0.0000000E+00 -0.2935836E-03 -0.5275256E-09
        11      3 -0.2149921E-02  0.1865624E-03  0.0000000E+00  0.0000000E+00 -0.1176649E-02 -0.2114492E-08
        11      4 -0.5442001E-02  0.5933980E-03  0.0000000E+00  0.0000000E+00 -0.7363783E-02 -0.1334264E-07

        12      0  0.0000000E+00  0.0000000E+00  0.0000000E+00  0.0000000E+00  0.0000000E+00  0.0000000E+00
        12      1  0.0000000E+00  0.0000000E+00  0.0000000E+00  0.0000000E+00  0.0000000E+00  0.0000000E+00
        12      2  0.1853308E-03  0.4014592E-03  0.0000000E+00  0.0000000E+00 -0.3223607E-03 -0.5076912E-09
        12      3  0.3853678E-03  0.7986450E-03  0.0000000E+00  0.0000000E+00 -0.1287281E-02 -0.2033025E-08
        12      4  0.1254413E-02  0.1911744E-02  0.0000000E+00  0.0000000E+00 -0.8036281E-02 -0.1273769E-07

        13      0  0.0000000E+00  0.0000000E+00  0.0000000E+00  0.0000000E+00  0.0000000E+00  0.0000000E+00
        13      1  0.0000000E+00  0.0000000E+00  0.0000000E+00  0.0000000E+00  0.0000000E+00  0.0000000E+00
        13      2  0.9113465E-03 -0.4349459E-03  0.0000000E+00  0.0000000E+00 -0.3464379E-03 -0.6302079E-09
        13      3  0.1809987E-02 -0.8737429E-03  0.0000000E+00  0.0000000E+00 -0.1389718E-02 -0.2521651E-08
        13      4  0.4300105E-02 -0.2249504E-02  0.0000000E+00  0.0000000E+00 -0.8700223E-02 -0.1570611E-07

        14      0  0.0000000E+00  0.0000000E+00  0.0000000E+00  0.0000000E+00  0.0000000E+00  0.0000000E+00
        14      1  0.0000000E+00  0.0000000E+00  0.0000000E+00  0.0000000E+00  0.0000000E+00  0.0000000E+00
        14      2 -0.9722080E-03 -0.2668772E-04  0.0000000E+00  0.0000000E+00 -0.3728361E-03 -0.6477652E-09
        14      3 -0.1955120E-02 -0.4400459E-04  0.0000000E+00  0.0000000E+00 -0.1494548E-02 -0.2597566E-08
        14      4 -0.5056685E-02  0.5559305E-04  0.0000000E+00  0.0000000E+00 -0.9353733E-02 -0.1643342E-07

        15      0  0.0000000E+00  0.0000000E+00  0.0000000E+00  0.0000000E+00  0.0000000E+00  0.0000000E+00
        15      1  0.0000000E+00  0.0000000E+00  0.0000000E+00  0.0000000E+00  0.0000000E+00  0.0000000E+00
        15      2 -0.7696040E-04  0.4583669E-03  0.0000000E+00  0.0000000E+00 -0.4023158E-03 -0.6550547E-09
        15      3 -0.1346666E-03  0.9134706E-03  0.0000000E+00  0.0000000E+00 -0.1607022E-02 -0.2621666E-08
        15      4  0.3869426E-04  0.2212417E-02  0.0000000E+00  0.0000000E+00 -0.1003391E-01 -0.1636579E-07

        16      0  0.0000000E+00  0.0000000E+00  0.0000000E+00  0.0000000E+00  0.0000000E+00  0.0000000E+00
        16      1  0.0000000E+00  0.0000000E+00  0.0000000E+00  0.0000000E+00  0.0000000E+00  0.0000000E+00
        16      2  0.1036602E-02 -0.3675947E-03  0.0000000E+00  0.0000000E+00 -0.4264166E-03 -0.7801957E-09
        16      3  0.2063773E-02 -0.7422834E-03  0.0000000E+00  0.0000000E+00 -0.1708933E-02 -0.3123340E-08
        16      4  0.4975754E-02 -0.1974430E-02  0.0000000E+00  0.0000000E+00 -0.1069318E-01 -0.1952420E-07

        17      0  0.0000000E+00  0.0000000E+00  0.0000000E+00  0.0000000E+00  0.0000000E+00  0.0000000E+00
        17      1  0.0000000E+00  0.0000000E+00  0.0000000E+00  0.0000000E+00  0.0000000E+00  0.0000000E+00
        17      2 -0.8179173E-03 -0.1415392E-03  0.0000000E+00  0.0000000E+00 -0.4519720E-03 -0.7671295E-09
        17      3 -0.1654556E-02 -0.2720228E-03  0.0000000E+00  0.0000000E+00 -0.1811898E-02 -0.3075774E-08
        17      4 -0.4433328E-02 -0.4838237E-03  0.0000000E+00  0.0000000E+00 -0.1134021E-01 -0.1946022E-07

        18      0  0.0000000E+00  0.0000000E+00  0.0000000E+00  0.0000000E+00  0.0000000E+00  0.0000000E+00
        18      1  0.0000000E+00  0.0000000E+00  0.0000000E+00  0.0000000E+00  0.0000000E+00  0.0000000E+00
        18      2 -0.3348635E-03  0.4898661E-03  0.0000000E+00  0.0000000E+00 -0.4819535E-03 -0.8101213E-09
        18      3 -0.6468698E-03  0.9785091E-03  0.0000000E+00  0.0000000E+00 -0.1925730E-02 -0.3240242E-08
        18      4 -0.1175703E-02  0.2406762E-02  0.0000000E+00  0.0000000E+00 -0.1202686E-01 -0.2016224E-07

        19      0  0.0000000E+00  0.0000000E+00  0.0000000E+00  0.0000000E+00  0.0000000E+00  0.0000000E+00
        19      1  0.0000000E+00  0.0000000E+00  0.0000000E+00  0.0000000E+00  0.0000000E+00  0.0000000E+00
        19      2  0.1104297E-02 -0.2798721E-03  0.0000000E+00  0.0000000E+00 -0.5061634E-03 -0.9207085E-09
        19      3  0.2204697E-02 -0.5703946E-03  0.0000000E+00  0.0000000E+00 -0.2027144E-02 -0.3687171E-08
        19      4  0.5410544E-02 -0.1604920E-02  0.0000000E+00  0.0000000E+00 -0.1268032E-01 -0.2313190E-07

        20      0  0.0000000E+00  0.0000000E+00  0.0000000E+00  0.0000000E+00  0.0000000E+00  0.0000000E+00
        20      1  0.0000000E+00  0.0000000E+00  0.0000000E+00  0.0000000E+00  0.0000000E+00  0.0000000E+00
        20      2 -0.6184110E-03 -0.2485212E-03  0.0000000E+00  0.0000000E+00 -0.5310299E-03 -0.8900417E-09
        20      3 -0.1264326E-02 -0.4851141E-03  0.0000000E+00  0.0000000E+00 -0.2128811E-02 -0.3566289E-08
        20      4 -0.3600735E-02 -0.9991250E-03  0.0000000E+00  0.0000000E+00 -0.1332387E-01 -0.2250786E-07

        21      0  0.0000000E+00  0.0000000E+00  0.0000000E+00  0.0000000E+00  0.0000000E+00  0.0000000E+00
        21      1  0.0000000E+00  0.0000000E+00  0.0000000E+00  0.0000000E+00  0.0000000E+00  0.0000000E+00
        21      2 -0.5741092E-03  0.4942077E-03  0.0000000E+00  0.0000000E+00 -0.5612412E-03 -0.9695322E-09
        21      3 -0.1123429E-02  0.9902044E-03  0.0000000E+00  0.0000000E+00 -0.2243270E-02 -0.3875934E-08
        21      4 -0.2330784E-02  0.2485411E-02  0.0000000E+00  0.0000000E+00 -0.1401441E-01 -0.2406788E-07

        22      0  0.0000000E+00  0.0000000E+00  0.0000000E+00  0.0000000E+00  0.0000000E+00  0.0000000E+00
        22      1  0.0000000E+00  0.0000000E+00  0.0000000E+00  0.0000000E+00  0.0000000E+00  0.0000000E+00
        22      2  0.1110631E-02 -0.1766226E-03  0.0000000E+00  0.0000000E+00 -0.5856812E-03 -0.1051588E-08
        22      3  0.2224887E-02 -0.3673736E-03  0.0000000E+00  0.0000000E+00 -0.2344402E-02 -0.4212239E-08
        22      4  0.5582546E-02 -0.1158365E-02  0.0000000E+00  0.0000000E+00 -0.1466185E-01 -0.2650805E-07

        23      0  0.0000000E+00  0.0000000E+00  0.0000000E+00  0.0000000E+00  0.0000000E+00  0.0000000E+00
        23      1  0.0000000E+00  0.0000000E+00  0.0000000E+00  0.0000000E+00  0.0000000E+00  0.0000000E+00
        23      2 -0.3846609E-03 -0.3417209E-03  0.0000000E+00  0.0000000E+00 -0.6100273E-03 -0.1020204E-08
        23      3 -0.8053574E-03 -0.6717352E-03  0.0000000E+00  0.0000000E+00 -0.2445318E-02 -0.4084068E-08
        23      4 -0.2597236E-02 -0.1465960E-02  0.0000000E+00  0.0000000E+00 -0.1530469E-01 -0.2566245E-07

        24      0  0.0000000E+00  0.0000000E+00  0.0000000E+00  0.0000000E+00  0.0000000E+00  0.0000000E+00
        24      1  0.0000000E+00  0.0000000E+00  0.0000000E+00  0.0000000E+00  0.0000000E+00  0.0000000E+00
        24      2 -0.7814953E-03  0.4711534E-03  0.0000000E+00  0.0000000E+00 -0.6401573E-03 -0.1129030E-08
        24      3 -0.1538604E-02  0.9479286E-03  0.0000000E+00  0.0000000E+00 -0.2559528E-02 -0.4512641E-08
        24      4 -0.3372278E-02  0.2444652E-02  0.0000000E+00  0.0000000E+00 -0.1599556E-01 -0.2800841E-07

        25      0  0.0000000E+00  0.0000000E+00  0.0000000E+00  0.0000000E+00  0.0000000E+00  0.0000000E+00
        25      1  0.0000000E+00  0.0000000E+00  0.0000000E+00  0.0000000E+00  0.0000000E+00  0.0000000E+00
        25      2  0.1055236E-02 -0.6355489E-04  0.0000000E+00  0.0000000E+00 -0.6649789E-03 -0.1174824E-08
        25      3  0.2123165E-02 -0.1442238E-03  0.0000000E+00  0.0000000E+00 -0.2660776E-02 -0.4706310E-08
        25      4  0.5482929E-02 -0.6557914E-03  0.0000000E+00  0.0000000E+00 -0.1663786E-01 -0.2968028E-07

        26      0  0.0000000E+00  0.0000000E+00  0.0000000E+00  0.0000000E+00  0.0000000E+00  0.0000000E+00
        26      1  0.0000000E+00  0.0000000E+00  0.0000000E+00  0.0000000E+00  0.0000000E+00  0.0000000E+00
        26      2 -0.1295427E-03 -0.4159916E-03  0.0000000E+00  0.0000000E+00 -0.6889603E-03 -0.1159771E-08
        26      3 -0.3023386E-03 -0.8217929E-03  0.0000000E+00  0.0000000E+00 -0.2761369E-02 -0.4638496E-08
        26      4 -0.1469083E-02 -0.1862422E-02  0.0000000E+00  0.0000000E+00 -0.1728203E-01 -0.2899442E-07

        27      0  0.0000000E+00  0.0000000E+00  0.0000000E+00  0.0000000E+00  0.0000000E+00  0.0000000E+00
        27      1  0.0000000E+00  0.0000000E+00  0.0000000E+00  0.0000000E+00  0.0000000E+00  0.0000000E+00
        27      2 -0.9456065E-03  0.4219889E-03  0.0000000E+00  0.0000000E+00 -0.7186981E-03 -0.1284360E-08
        27      3 -0.1870084E-02  0.8540133E-03  0.0000000E+00  0.0000000E+00 -0.2874448E-02 -0.5134246E-08
        27      4 -0.4251918E-02  0.2286547E-02  0.0000000E+00  0.0000000E+00 -0.1796929E-01 -0.3190683E-07

        28      0  0.0000000E+00  0.0000000E+00  0.0000000E+00  0.0000000E+00  0.0000000E+00  0.0000000E+00
        28      1  0.0000000E+00  0.0000000E+00  0.0000000E+00  0.0000000E+00  0.0000000E+00  0.0000000E+00
        28      2  0.9411978E-03  0.5307268E-04  0.0000000E+00  0.0000000E+00 -0.7440651E-03 -0.1294087E-08
        28      3  0.1905130E-02  0.8693289E-04  0.0000000E+00  0.0000000E+00 -0.2976338E-02 -0.5183905E-08
        28      4  0.5116400E-02 -0.1209433E-03  0.0000000E+00  0.0000000E+00 -0.1860838E-01 -0.3271750E-07

        29      0  0.0000000E+00  0.0000000E+00  0.0000000E+00  0.0000000E+00  0.0000000E+00  0.0000000E+00
        29      1  0.0000000E+00  0.0000000E+00  0.0000000E+00  0.0000000E+00  0.0000000E+00  0.0000000E+00
        29      2  0.1328614E-03 -0.4672333E-03  0.0000000E+00  0.0000000E+00 -0.7678068E-03 -0.1308837E-08
        29      3  0.2175637E-03 -0.9271783E-03  0.0000000E+00  0.0000000E+00 -0.3076858E-02 -0.5231099E-08
        29      4 -0.2686269E-03 -0.2169954E-02  0.0000000E+00  0.0000000E+00 -0.1925493E-01 -0.3254268E-07

        30      0  0.0000000E+00  0.0000000E+00  0.0000000E+00  0.0000000E+00  0.0000000E+00  0.0000000E+00
        30      1  0.0000000E+00  0.0000000E+00  0.0000000E+00  0.0000000E+00  0.0000000E+00  0.0000000E+00
        30      2 -0.1057431E-02  0.3494503E-03  0.0000000E+00  0.0000000E+00 -0.7968816E-03 -0.1432164E-08
        30      3 -0.2100137E-02  0.7136167E-03  0.0000000E+00  0.0000000E+00 -0.3188050E-02 -0.5727772E-08
        30      4 -0.4929321E-02  0.2018801E-02  0.0000000E+00  0.0000000E+00 -0.1993495E-01 -0.3569473E-07

        31      0  0.0000000E+00  0.0000000E+00  0.0000000E+00  0.0000000E+00  0.0000000E+00  0.0000000E+00
        31      1  0.0000000E+00  0.0000000E+00  0.0000000E+00  0.0000000E+00  0.0000000E+00  0.0000000E+00
        31      2  0.7748854E-03  0.1667972E-03  0.0000000E+00  0.0000000E+00 -0.8229436E-03 -0.1413888E-08
        31      3  0.1582838E-02  0.3135096E-03  0.0000000E+00  0.0000000E+00 -0.3291145E-02 -0.5662889E-08
        31      4  0.4501004E-02  0.4207443E-03  0.0000000E+00  0.0000000E+00 -0.2057351E-01 -0.3571359E-07

        32      0  0.0000000E+00  0.0000000E+00  0.0000000E+00  0.0000000E+00  0.0000000E+00  0.0000000E+00
        32      1  0.0000000E+00  0.0000000E+00  0.0000000E+00  0.0000000E+00  0.0000000E+00  0.0000000E+00
        32      2  0.3880318E-03 -0.4926173E-03  0.0000000E+00  0.0000000E+00 -0.8465339E-03 -0.1465387E-08
        32      3  0.7261315E-03 -0.9821954E-03  0.0000000E+00  0.0000000E+00 -0.3391650E-02 -0.5854936E-08
        32      4  0.9477336E-03 -0.2374122E-02  0.0000000E+00  0.0000000E+00 -0.2122238E-01 -0.3630379E-07

        33      0  0.0000000E+00  0.0000000E+00  0.0000000E+00  0.0000000E+00  0.0000000E+00  0.0000000E+00
        33      1  0.0000000E+00  0.0000000E+00  0.0000000E+00  0.0000000E+00  0.0000000E+00  0.0000000E+00
        33      2 -0.1110844E-02  0.2575703E-03  0.0000000E+00  0.0000000E+00 -0.8747467E-03 -0.1570683E-08
        33      3 -0.2216509E-02  0.5344346E-03  0.0000000E+00  0.0000000E+00 -0.3500437E-02 -0.6285925E-08
        33      4 -0.5373556E-02  0.1654409E-02  0.0000000E+00  0.0000000E+00 -0.2189247E-01 -0.3932170E-07

        34      0  0.0000000E+00  0.0000000E+00  0.0000000E+00  0.0000000E+00  0.0000000E+00  0.0000000E+00
        34      1  0.0000000E+00  0.0000000E+00  0.0000000E+00  0.0000000E+00  0.0000000E+00  0.0000000E+00
        34      2  0.5655842E-03  0.2713102E-03  0.0000000E+00  0.0000000E+00 -0.9016090E-03 -0.1538568E-08
        34      3  0.1174109E-02  0.5231405E-03  0.0000000E+00  0.0000000E+00 -0.3605220E-02 -0.6160436E-08
        34      4  0.3667270E-02  0.9432796E-03  0.0000000E+00  0.0000000E+00 -0.2253350E-01 -0.3876664E-07

        35      0  0.0000000E+00  0.0000000E+00  0.0000000E+00  0.0000000E+00  0.0000000E+00  0.0000000E+00
        35      1  0.0000000E+00  0.0000000E+00  0.0000000E+00  0.0000000E+00  0.0000000E+00  0.0000000E+00
        35      2  0.6218122E-03 -0.4907409E-03  0.0000000E+00  0.0000000E+00 -0.9251050E-03 -0.1625716E-08
        35      3  0.1195614E-02 -0.9838640E-03  0.0000000E+00  0.0000000E+00 -0.3705615E-02 -0.6495936E-08
        35      4  0.2121943E-02 -0.2465270E-02  0.0000000E+00  0.0000000E+00 -0.2318369E-01 -0.4022970E-07

        36      0  0.0000000E+00  0.0000000E+00  0.0000000E+00  0.0000000E+00  0.0000000E+00  0.0000000E+00
        36      1  0.0000000E+00  0.0000000E+00  0.0000000E+00  0.0000000E+00  0.0000000E+00  0.0000000E+00
        36      2 -0.1102930E-02  0.1514513E-03  0.0000000E+00  0.0000000E+00 -0.9523487E-03 -0.1700129E-08
        36      3 -0.2213042E-02  0.3262713E-03  0.0000000E+00  0.0000000E+00 -0.3811781E-02 -0.6808579E-08
        36      4 -0.5564423E-02  0.1211066E-02  0.0000000E+00  0.0000000E+00 -0.2384248E-01 -0.4276268E-07

        37      0  0.0000000E+00  0.0000000E+00  0.0000000E+00  0.0000000E+00  0.0000000E+00  0.0000000E+00
        37      1  0.0000000E+00  0.0000000E+00  0.0000000E+00  0.0000000E+00  0.0000000E+00  0.0000000E+00
        37      2  0.3249661E-03  0.3608088E-03  0.0000000E+00  0.0000000E+00 -0.9800443E-03 -0.1671351E-08
        37      3  0.7015000E-03  0.7043622E-03  0.0000000E+00  0.0000000E+00 -0.3918545E-02 -0.6689320E-08
        37      4  0.2656664E-02  0.1421362E-02  0.0000000E+00  0.0000000E+00 -0.2448874E-01 -0.4195875E-07

        38      0  0.0000000E+00  0.0000000E+00  0.0000000E+00  0.0000000E+00  0.0000000E+00  0.0000000E+00
        38      1  0.0000000E+00  0.0000000E+00  0.0000000E+00  0.0000000E+00  0.0000000E+00  0.0000000E+00
        38      2  0.8211990E-03 -0.4617043E-03  0.0000000E+00  0.0000000E+00 -0.1003487E-02 -0.1785244E-08
        38      3  0.1600254E-02 -0.9320808E-03  0.0000000E+00  0.0000000E+00 -0.4018651E-02 -0.7135972E-08
        38      4  0.3197027E-02 -0.2439010E-02  0.0000000E+00  0.0000000E+00 -0.2513854E-01 -0.4423565E-07

        39      0  0.0000000E+00  0.0000000E+00  0.0000000E+00  0.0000000E+00  0.0000000E+00  0.0000000E+00
        39      1  0.0000000E+00  0.0000000E+00  0.0000000E+00  0.0000000E+00  0.0000000E+00  0.0000000E+00
        39      2 -0.1034136E-02  0.3698031E-04  0.0000000E+00  0.0000000E+00 -0.1029750E-02 -0.1822662E-08
        39      3 -0.2089975E-02  0.1004948E-03  0.0000000E+00  0.0000000E+00 -0.4122291E-02 -0.7302918E-08
        39      4 -0.5493371E-02  0.7103078E-03  0.0000000E+00  0.0000000E+00 -0.2578618E-01 -0.4602264E-07

        40      0  0.0000000E+00  0.0000000E+00  0.0000000E+00  0.0000000E+00  0.0000000E+00  0.0000000E+00
        40      1  0.0000000E+00  0.0000000E+00  0.0000000E+00  0.0000000E+00  0.0000000E+00  0.0000000E+00
        40      2  0.6642614E-04  0.4303206E-03  0.0000000E+00  0.0000000E+00 -0.1058222E-02 -0.1813661E-08
        40      3  0.1910048E-03  0.8472516E-03  0.0000000E+00  0.0000000E+00 -0.4231052E-02 -0.7255347E-08
        40      4  0.1519355E-02  0.1831690E-02  0.0000000E+00  0.0000000E+00 -0.2643960E-01 -0.4534094E-07

        41      0  0.0000000E+00  0.0000000E+00  0.0000000E+00  0.0000000E+00  0.0000000E+00  0.0000000E+00
        41      1  0.0000000E+00  0.0000000E+00  0.0000000E+00  0.0000000E+00  0.0000000E+00  0.0000000E+00
        41      2  0.9750731E-03 -0.4071056E-03  0.0000000E+00  0.0000000E+00 -0.1081658E-02 -0.1939556E-08
        41      3  0.1917740E-02 -0.8296280E-03  0.0000000E+00  0.0000000E+00 -0.4330699E-02 -0.7756979E-08
        41      4  0.4120063E-02 -0.2296490E-02  0.0000000E+00  0.0000000E+00 -0.2708700E-01 -0.4821753E-07

        42      0  0.0000000E+00  0.0000000E+00  0.0000000E+00  0.0000000E+00  0.0000000E+00  0.0000000E+00
        42      1  0.0000000E+00  0.0000000E+00  0.0000000E+00  0.0000000E+00  0.0000000E+00  0.0000000E+00
        42      2 -0.9082462E-03 -0.7949956E-04  0.0000000E+00  0.0000000E+00 -0.1107012E-02 -0.1941948E-08
        42      3 -0.1853921E-02 -0.1305919E-03  0.0000000E+00  0.0000000E+00 -0.4432169E-02 -0.7782164E-08
        42      4 -0.5163912E-02  0.1764070E-03  0.0000000E+00  0.0000000E+00 -0.2772502E-01 -0.4913771E-07

        43      0  0.0000000E+00  0.0000000E+00  0.0000000E+00  0.0000000E+00  0.0000000E+00  0.0000000E+00
        43      1  0.0000000E+00  0.0000000E+00  0.0000000E+00  0.0000000E+00  0.0000000E+00  0.0000000E+00
        43      2 -0.1956750E-03  0.4759826E-03  0.0000000E+00  0.0000000E+00 -0.1136107E-02 -0.1964854E-08
        43      3 -0.3294207E-03  0.9439806E-03  0.0000000E+00  0.0000000E+00 -0.4542630E-02 -0.7856398E-08
        43      4  0.3113963E-03  0.2154222E-02  0.0000000E+00  0.0000000E+00 -0.2838623E-01 -0.4892588E-07

        44      0  0.0000000E+00  0.0000000E+00  0.0000000E+00  0.0000000E+00  0.0000000E+00  0.0000000E+00
        44      1  0.0000000E+00  0.0000000E+00  0.0000000E+00  0.0000000E+00  0.0000000E+00  0.0000000E+00
        44      2  0.1074833E-02 -0.3299553E-03  0.0000000E+00  0.0000000E+00 -0.1159603E-02 -0.2085396E-08
        44      3  0.2130483E-02 -0.6820290E-03  0.0000000E+00  0.0000000E+00 -0.4641750E-02 -0.8345129E-08
        44      4  0.4845127E-02 -0.2044380E-02  0.0000000E+00  0.0000000E+00 -0.2902937E-01 -0.5207470E-07

        45      0  0.0000000E+00  0.0000000E+00  0.0000000E+00  0.0000000E+00  0.0000000E+00  0.0000000E+00
        45      1  0.0000000E+00  0.0000000E+00  0.0000000E+00  0.0000000E+00  0.0000000E+00  0.0000000E+00
        45      2 -0.7321778E-03 -0.1915410E-03  0.0000000E+00  0.0000000E+00 -0.1184183E-02 -0.2062399E-08
        45      3 -0.1517524E-02 -0.3544260E-03  0.0000000E+00  0.0000000E+00 -0.4741570E-02 -0.8263018E-08
        45      4 -0.4591437E-02 -0.3649006E-03  0.0000000E+00  0.0000000E+00 -0.2966030E-01 -0.5217163E-07

        46      0  0.0000000E+00  0.0000000E+00  0.0000000E+00  0.0000000E+00  0.0000000E+00  0.0000000E+00
        46      1  0.0000000E+00  0.0000000E+00  0.0000000E+00  0.0000000E+00  0.0000000E+00  0.0000000E+00
        46      2 -0.4468152E-03  0.4952576E-03  0.0000000E+00  0.0000000E+00 -0.1213665E-02 -0.2122387E-08
        46      3 -0.8314219E-03  0.9892528E-03  0.0000000E+00  0.0000000E+00 -0.4853147E-02 -0.8483147E-08
        46      4 -0.9083963E-03  0.2373248E-02  0.0000000E+00  0.0000000E+00 -0.3032843E-01 -0.5268901E-07

        47      0  0.0000000E+00  0.0000000E+00  0.0000000E+00  0.0000000E+00  0.0000000E+00  0.0000000E+00
        47      1  0.0000000E+00  0.0000000E+00  0.0000000E+00  0.0000000E+00  0.0000000E+00  0.0000000E+00
        47      2  0.1114889E-02 -0.2345116E-03  0.0000000E+00  0.0000000E+00 -0.1237322E-02 -0.2221413E-08
        47      3  0.2226646E-02 -0.4972577E-03  0.0000000E+00  0.0000000E+00 -0.4951834E-02 -0.8894025E-08
        47      4  0.5335898E-02 -0.1694541E-02  0.0000000E+00  0.0000000E+00 -0.3096599E-01 -0.5573264E-07

        48      0  0.0000000E+00  0.0000000E+00  0.0000000E+00  0.0000000E+00  0.0000000E+00  0.0000000E+00
        48      1  0.0000000E+00  0.0000000E+00  0.0000000E+00  0.0000000E+00  0.0000000E+00  0.0000000E+00
        48      2 -0.5156072E-03 -0.2929488E-03  0.0000000E+00  0.0000000E+00 -0.1261291E-02 -0.2188226E-08
        48      3 -0.1098803E-02 -0.5588668E-03  0.0000000E+00  0.0000000E+00 -0.5050577E-02 -0.8762249E-08
        48      4 -0.3802435E-02 -0.8877434E-03  0.0000000E+00  0.0000000E+00 -0.3159283E-01 -0.5520680E-07

        49      0  0.0000000E+00  0.0000000E+00  0.0000000E+00  0.0000000E+00  0.0000000E+00  0.0000000E+00
        49      1  0.0000000E+00  0.0000000E+00  0.0000000E+00  0.0000000E+00  0.0000000E+00  0.0000000E+00
        49      2 -0.6731159E-03  0.4870765E-03  0.0000000E+00  0.0000000E+00 -0.1290866E-02 -0.2282386E-08
        49      3 -0.1287795E-02  0.9805975E-03  0.0000000E+00  0.0000000E+00 -0.5162468E-02 -0.9121180E-08
        49      4 -0.2081554E-02  0.2478184E-02  0.0000000E+00  0.0000000E+00 -0.3226558E-01 -0.5657625E-07

        50      0  0.0000000E+00  0.0000000E+00  0.0000000E+00  0.0000000E+00  0.0000000E+00  0.0000000E+00
        50      1  0.0000000E+00  0.0000000E+00  0.0000000E+00  0.0000000E+00  0.0000000E+00  0.0000000E+00
        50      2  0.1092984E-02 -0.1260481E-03  0.0000000E+00  0.0000000E+00 -0.1314821E-02 -0.2348452E-08
        50      3  0.2200834E-02 -0.2853153E-03  0.0000000E+00  0.0000000E+00 -0.5261011E-02 -0.9406120E-08
        50      4  0.5567660E-02 -0.1263438E-02  0.0000000E+00  0.0000000E+00 -0.3289712E-01 -0.5915944E-07

        51      0  0.0000000E+00  0.0000000E+00  0.0000000E+00  0.0000000E+00  0.0000000E+00  0.0000000E+00
        51      1  0.0000000E+00  0.0000000E+00  0.0000000E+00  0.0000000E+00  0.0000000E+00  0.0000000E+00
        51      2 -0.2704526E-03 -0.3781205E-03  0.0000000E+00  0.0000000E+00 -0.1338345E-02 -0.2322515E-08
        51      3 -0.6202383E-03 -0.7328470E-03  0.0000000E+00  0.0000000E+00 -0.5359189E-02 -0.9293074E-08
        51      4 -0.2833246E-02 -0.1367366E-02  0.0000000E+00  0.0000000E+00 -0.3352274E-01 -0.5833047E-07

        52      0  0.0000000E+00  0.0000000E+00  0.0000000E+00  0.0000000E+00  0.0000000E+00  0.0000000E+00
        52      1  0.0000000E+00  0.0000000E+00  0.0000000E+00  0.0000000E+00  0.0000000E+00  0.0000000E+00
        52      2 -0.8621038E-03  0.4518978E-03  0.0000000E+00  0.0000000E+00 -0.1367697E-02 -0.2440481E-08
        52      3 -0.1673939E-02  0.9185031E-03  0.0000000E+00  0.0000000E+00 -0.5470501E-02 -0.9754002E-08
        52      4 -0.3152764E-02  0.2464039E-02  0.0000000E+00  0.0000000E+00 -0.3419670E-01 -0.6051555E-07

        53      0  0.0000000E+00  0.0000000E+00  0.0000000E+00  0.0000000E+00  0.0000000E+00  0.0000000E+00
        53      1  0.0000000E+00  0.0000000E+00  0.0000000E+00  0.0000000E+00  0.0000000E+00  0.0000000E+00
        53      2  0.1010331E-02 -0.1056488E-04  0.0000000E+00  0.0000000E+00 -0.1392109E-02 -0.2469353E-08
        53      3  0.2054427E-02 -0.5769846E-04  0.0000000E+00  0.0000000E+00 -0.5569354E-02 -0.9892036E-08
        53      4  0.5528603E-02 -0.7713673E-03  0.0000000E+00  0.0000000E+00 -0.3482287E-01 -0.6237215E-07

        54      0  0.0000000E+00  0.0000000E+00  0.0000000E+00  0.0000000E+00  0.0000000E+00  0.0000000E+00
        54      1  0.0000000E+00  0.0000000E+00  0.0000000E+00  0.0000000E+00  0.0000000E+00  0.0000000E+00
        54      2 -0.1023013E-04 -0.4423536E-03  0.0000000E+00  0.0000000E+00 -0.1415332E-02 -0.2466522E-08
        54      3 -0.1076064E-03 -0.8669609E-03  0.0000000E+00  0.0000000E+00 -0.5667332E-02 -0.9862117E-08
        54      4 -0.1728507E-02 -0.1781234E-02  0.0000000E+00  0.0000000E+00 -0.3544949E-01 -0.6161802E-07

        55      0  0.0000000E+00  0.0000000E+00  0.0000000E+00  0.0000000E+00  0.0000000E+00  0.0000000E+00
        55      1  0.0000000E+00  0.0000000E+00  0.0000000E+00  0.0000000E+00  0.0000000E+00  0.0000000E+00
        55      2 -0.1003388E-02  0.3916809E-03  0.0000000E+00  0.0000000E+00 -0.1444163E-02 -0.2592722E-08
        55      3 -0.1969138E-02  0.8063869E-03  0.0000000E+00  0.0000000E+00 -0.5777214E-02 -0.1036632E-07
        55      4 -0.4072248E-02  0.2331594E-02  0.0000000E+00  0.0000000E+00 -0.3612077E-01 -0.6442948E-07

        56      0  0.0000000E+00  0.0000000E+00  0.0000000E+00  0.0000000E+00  0.0000000E+00  0.0000000E+00
        56      1  0.0000000E+00  0.0000000E+00  0.0000000E+00  0.0000000E+00  0.0000000E+00  0.0000000E+00
        56      2  0.8715424E-03  0.1055427E-03  0.0000000E+00  0.0000000E+00 -0.1469194E-02 -0.2588288E-08
        56      3  0.1795505E-02  0.1732174E-03  0.0000000E+00  0.0000000E+00 -0.5876929E-02 -0.1036800E-07
        56      4  0.5220415E-02 -0.2415506E-03  0.0000000E+00  0.0000000E+00 -0.3674326E-01 -0.6543162E-07

        57      0  0.0000000E+00  0.0000000E+00  0.0000000E+00  0.0000000E+00  0.0000000E+00  0.0000000E+00
        57      1  0.0000000E+00  0.0000000E+00  0.0000000E+00  0.0000000E+00  0.0000000E+00  0.0000000E+00
        57      2  0.2506810E-03 -0.4821027E-03  0.0000000E+00  0.0000000E+00 -0.1492224E-02 -0.2619358E-08
        57      3  0.4113571E-03 -0.9539619E-03  0.0000000E+00  0.0000000E+00 -0.5974885E-02 -0.1046769E-07
        57      4 -0.5393803E-03 -0.2109972E-02  0.0000000E+00  0.0000000E+00 -0.3737217E-01 -0.6511655E-07

        58      0  0.0000000E+00  0.0000000E+00  0.0000000E+00  0.0000000E+00  0.0000000E+00  0.0000000E+00
        58      1  0.0000000E+00  0.0000000E+00  0.0000000E+00  0.0000000E+00  0.0000000E+00  0.0000000E+00
        58      2 -0.1089218E-02  0.3097753E-03  0.0000000E+00  0.0000000E+00 -0.1520292E-02 -0.2736407E-08
        58      3 -0.2157627E-02  0.6504016E-03  0.0000000E+00  0.0000000E+00 -0.6082660E-02 -0.1094706E-07
        58      4 -0.4797721E-02  0.2087319E-02  0.0000000E+00  0.0000000E+00 -0.3803701E-01 -0.6824683E-07

        59      0  0.0000000E+00  0.0000000E+00  0.0000000E+00  0.0000000E+00  0.0000000E+00  0.0000000E+00
        59      1  0.0000000E+00  0.0000000E+00  0.0000000E+00  0.0000000E+00  0.0000000E+00  0.0000000E+00
        59      2  0.6843695E-03  0.2158374E-03  0.0000000E+00  0.0000000E+00 -0.1546075E-02 -0.2709817E-08
        59      3  0.1438390E-02  0.3948474E-03  0.0000000E+00  0.0000000E+00 -0.6183783E-02 -0.1085211E-07
        59      4  0.4658220E-02  0.3008598E-03  0.0000000E+00  0.0000000E+00 -0.3865838E-01 -0.6842790E-07

        60      0  0.0000000E+00  0.0000000E+00  0.0000000E+00  0.0000000E+00  0.0000000E+00  0.0000000E+00
        60      1  0.0000000E+00  0.0000000E+00  0.0000000E+00  0.0000000E+00  0.0000000E+00  0.0000000E+00
        60      2  0.4978267E-03 -0.4951728E-03  0.0000000E+00  0.0000000E+00 -0.1568984E-02 -0.2778161E-08
        60      3  0.9084294E-03 -0.9891454E-03  0.0000000E+00  0.0000000E+00 -0.6281711E-02 -0.1109992E-07
        60      4  0.6784445E-03 -0.2338170E-02  0.0000000E+00  0.0000000E+00 -0.3928976E-01 -0.6883261E-07

        61      0  0.0000000E+00  0.0000000E+00  0.0000000E+00  0.0000000E+00  0.0000000E+00  0.0000000E+00
        61      1  0.0000000E+00  0.0000000E+00  0.0000000E+00  0.0000000E+00  0.0000000E+00  0.0000000E+00
        61      2 -0.1114900E-02  0.2107323E-03  0.0000000E+00  0.0000000E+00 -0.1596132E-02 -0.2870651E-08
        61      3 -0.2229386E-02  0.4590919E-03  0.0000000E+00  0.0000000E+00 -0.6386970E-02 -0.1149149E-07
        61      4 -0.5296026E-02  0.1743073E-02  0.0000000E+00  0.0000000E+00 -0.3994522E-01 -0.7191248E-07

        62      0  0.0000000E+00  0.0000000E+00  0.0000000E+00  0.0000000E+00  0.0000000E+00  0.0000000E+00
        62      1  0.0000000E+00  0.0000000E+00  0.0000000E+00  0.0000000E+00  0.0000000E+00  0.0000000E+00
        62      2  0.4592577E-03  0.3141982E-03  0.0000000E+00  0.0000000E+00 -0.1622742E-02 -0.2837879E-08
        62      3  0.1002817E-02  0.5950861E-03  0.0000000E+00  0.0000000E+00 -0.6489926E-02 -0.1136026E-07
        62      4  0.3869877E-02  0.8298917E-03  0.0000000E+00  0.0000000E+00 -0.4056844E-01 -0.7145997E-07

        63      0  0.0000000E+00  0.0000000E+00  0.0000000E+00  0.0000000E+00  0.0000000E+00  0.0000000E+00
        63      1  0.0000000E+00  0.0000000E+00  0.0000000E+00  0.0000000E+00  0.0000000E+00  0.0000000E+00
        63      2  0.7174795E-03 -0.4808401E-03  0.0000000E+00  0.0000000E+00 -0.1645578E-02 -0.2938708E-08
        63      3  0.1356431E-02 -0.9706006E-03  0.0000000E+00  0.0000000E+00 -0.6587688E-02 -0.1174278E-07
        63      4  0.1867056E-02 -0.2455057E-02  0.0000000E+00  0.0000000E+00 -0.4120148E-01 -0.7272775E-07

        64      0  0.0000000E+00  0.0000000E+00  0.0000000E+00  0.0000000E+00  0.0000000E+00  0.0000000E+00
        64      1  0.0000000E+00  0.0000000E+00  0.0000000E+00  0.0000000E+00  0.0000000E+00  0.0000000E+00
        64      2 -0.1079038E-02  0.1000495E-03  0.0000000E+00  0.0000000E+00 -0.1671742E-02 -0.2996580E-08
        64      3 -0.2180640E-02  0.2429182E-03  0.0000000E+00  0.0000000E+00 -0.6690335E-02 -0.1200230E-07
        64      4 -0.5544480E-02  0.1315570E-02  0.0000000E+00  0.0000000E+00 -0.4184586E-01 -0.7539520E-07

        65      0  0.0000000E+00  0.0000000E+00  0.0000000E+00  0.0000000E+00  0.0000000E+00  0.0000000E+00
        65      1  0.0000000E+00  0.0000000E+00  0.0000000E+00  0.0000000E+00  0.0000000E+00  0.0000000E+00
        65      2  0.2087515E-03  0.3951622E-03  0.0000000E+00  0.0000000E+00 -0.1699173E-02 -0.2974941E-08
        65      3  0.5127962E-03  0.7629772E-03  0.0000000E+00  0.0000000E+00 -0.6795320E-02 -0.1190283E-07
        65      4  0.2894585E-02  0.1319978E-02  0.0000000E+00  0.0000000E+00 -0.4247381E-01 -0.7461505E-07

        66      0  0.0000000E+00  0.0000000E+00  0.0000000E+00  0.0000000E+00  0.0000000E+00  0.0000000E+00
        66      1  0.0000000E+00  0.0000000E+00  0.0000000E+00  0.0000000E+00  0.0000000E+00  0.0000000E+00
        66      2  0.8974071E-03 -0.4398916E-03  0.0000000E+00  0.0000000E+00 -0.1721977E-02 -0.3096363E-08
        66      3  0.1730736E-02 -0.8993146E-03  0.0000000E+00  0.0000000E+00 -0.6892730E-02 -0.1237764E-07
        66      4  0.2968986E-02 -0.2455039E-02  0.0000000E+00  0.0000000E+00 -0.4310692E-01 -0.7672417E-07

        67      0  0.0000000E+00  0.0000000E+00  0.0000000E+00  0.0000000E+00  0.0000000E+00  0.0000000E+00
        67      1  0.0000000E+00  0.0000000E+00  0.0000000E+00  0.0000000E+00  0.0000000E+00  0.0000000E+00
        67      2 -0.9836120E-03 -0.1613618E-04  0.0000000E+00  0.0000000E+00 -0.1747185E-02 -0.3117115E-08
        67      3 -0.2014041E-02  0.1367668E-04  0.0000000E+00  0.0000000E+00 -0.6992965E-02 -0.1248917E-07
        67      4 -0.5531881E-02  0.8255761E-03  0.0000000E+00  0.0000000E+00 -0.4374003E-01 -0.7869303E-07

        68      0  0.0000000E+00  0.0000000E+00  0.0000000E+00  0.0000000E+00  0.0000000E+00  0.0000000E+00
        68      1  0.0000000E+00  0.0000000E+00  0.0000000E+00  0.0000000E+00  0.0000000E+00  0.0000000E+00
        68      2 -0.5321718E-04  0.4542304E-03  0.0000000E+00  0.0000000E+00 -0.1775336E-02 -0.3121495E-08
        68      3 -0.4760877E-05  0.8893249E-03  0.0000000E+00  0.0000000E+00 -0.7099880E-02 -0.1248267E-07
        68      4  0.1780802E-02  0.1747261E-02  0.0000000E+00  0.0000000E+00 -0.4437486E-01 -0.7795200E-07

        69      0  0.0000000E+00  0.0000000E+00  0.0000000E+00  0.0000000E+00  0.0000000E+00  0.0000000E+00
        69      1  0.0000000E+00  0.0000000E+00  0.0000000E+00  0.0000000E+00  0.0000000E+00  0.0000000E+00
        69      2  0.1027565E-02 -0.3745834E-03  0.0000000E+00  0.0000000E+00 -0.1798161E-02 -0.3247124E-08
        69      3  0.2010668E-02 -0.7791242E-03  0.0000000E+00  0.0000000E+00 -0.7196796E-02 -0.1298758E-07
        69      4  0.3930150E-02 -0.2338025E-02  0.0000000E+00  0.0000000E+00 -0.4500608E-01 -0.8072020E-07

        70      0  0.0000000E+00  0.0000000E+00  0.0000000E+00  0.0000000E+00  0.0000000E+00  0.0000000E+00
        70      1  0.0000000E+00  0.0000000E+00  0.0000000E+00  0.0000000E+00  0.0000000E+00  0.0000000E+00
        70      2 -0.8338668E-03 -0.1313897E-03  0.0000000E+00  0.0000000E+00 -0.1822518E-02 -0.3236374E-08
        70      3 -0.1738524E-02 -0.2161517E-03  0.0000000E+00  0.0000000E+00 -0.7295049E-02 -0.1296697E-07
        70      4 -0.5259051E-02  0.2968618E-03  0.0000000E+00  0.0000000E+00 -0.4562918E-01 -0.8183529E-07

        71      0  0.0000000E+00  0.0000000E+00  0.0000000E+00  0.0000000E+00  0.0000000E+00  0.0000000E+00
        71      1  0.0000000E+00  0.0000000E+00  0.0000000E+00  0.0000000E+00  0.0000000E+00  0.0000000E+00
        71      2 -0.3121133E-03  0.4881199E-03  0.0000000E+00  0.0000000E+00 -0.1851196E-02 -0.3275983E-08
        71      3 -0.5215645E-03  0.9672077E-03  0.0000000E+00  0.0000000E+00 -0.7403483E-02 -0.1309479E-07
        71      4  0.5835348E-03  0.2090870E-02  0.0000000E+00  0.0000000E+00 -0.4627182E-01 -0.8149222E-07

        72      0  0.0000000E+00  0.0000000E+00  0.0000000E+00  0.0000000E+00  0.0000000E+00  0.0000000E+00
        72      1  0.0000000E+00  0.0000000E+00  0.0000000E+00  0.0000000E+00  0.0000000E+00  0.0000000E+00
        72      2  0.1100668E-02 -0.2885179E-03  0.0000000E+00  0.0000000E+00 -0.1874124E-02 -0.3388533E-08
        72      3  0.2180693E-02 -0.6165143E-03  0.0000000E+00  0.0000000E+00 -0.7499893E-02 -0.1356128E-07
        72      4  0.4702822E-02 -0.2109470E-02  0.0000000E+00  0.0000000E+00 -0.4689921E-01 -0.8461237E-07

        73      0  0.0000000E+00  0.0000000E+00  0.0000000E+00  0.0000000E+00  0.0000000E+00  0.0000000E+00
        73      1  0.0000000E+00  0.0000000E+00  0.0000000E+00  0.0000000E+00  0.0000000E+00  0.0000000E+00
        73      2 -0.6380295E-03 -0.2393349E-03  0.0000000E+00  0.0000000E+00 -0.1897780E-02 -0.3358796E-08
        73      3 -0.1368842E-02 -0.4340837E-03  0.0000000E+00  0.0000000E+00 -0.7596719E-02 -0.1345287E-07
        73      4 -0.4738781E-02 -0.2450483E-03  0.0000000E+00  0.0000000E+00 -0.4751465E-01 -0.8488016E-07

        74      0  0.0000000E+00  0.0000000E+00  0.0000000E+00  0.0000000E+00  0.0000000E+00  0.0000000E+00
        74      1  0.0000000E+00  0.0000000E+00  0.0000000E+00  0.0000000E+00  0.0000000E+00  0.0000000E+00
        74      2 -0.5536093E-03  0.4949487E-03  0.0000000E+00  0.0000000E+00 -0.1926718E-02 -0.3435169E-08
        74      3 -0.1009514E-02  0.9923641E-03  0.0000000E+00  0.0000000E+00 -0.7705994E-02 -0.1372765E-07
        74      4 -0.6387409E-03  0.2334051E-02  0.0000000E+00  0.0000000E+00 -0.4816459E-01 -0.8521897E-07

        75      0  0.0000000E+00  0.0000000E+00  0.0000000E+00  0.0000000E+00  0.0000000E+00  0.0000000E+00
        75      1  0.0000000E+00  0.0000000E+00  0.0000000E+00  0.0000000E+00  0.0000000E+00  0.0000000E+00
        75      2  0.1112616E-02 -0.1864480E-03  0.0000000E+00  0.0000000E+00 -0.1949868E-02 -0.3520231E-08
        75      3  0.2231331E-02 -0.4202759E-03  0.0000000E+00  0.0000000E+00 -0.7802064E-02 -0.1409559E-07
        75      4  0.5248347E-02 -0.1780123E-02  0.0000000E+00  0.0000000E+00 -0.4878668E-01 -0.8831861E-07

        76      0  0.0000000E+00  0.0000000E+00  0.0000000E+00  0.0000000E+00  0.0000000E+00  0.0000000E+00
        76      1  0.0000000E+00  0.0000000E+00  0.0000000E+00  0.0000000E+00  0.0000000E+00  0.0000000E+00
        76      2 -0.4068689E-03 -0.3340054E-03  0.0000000E+00  0.0000000E+00 -0.1972992E-02 -0.3488186E-08
        76      3 -0.9248124E-03 -0.6283079E-03  0.0000000E+00  0.0000000E+00 -0.7898024E-02 -0.1396271E-07
        76      4 -0.3995182E-02 -0.7742006E-03  0.0000000E+00  0.0000000E+00 -0.4939740E-01 -0.8790691E-07

        77      0  0.0000000E+00  0.0000000E+00  0.0000000E+00  0.0000000E+00  0.0000000E+00  0.0000000E+00
        77      1  0.0000000E+00  0.0000000E+00  0.0000000E+00  0.0000000E+00  0.0000000E+00  0.0000000E+00
        77      2 -0.7643756E-03  0.4743401E-03  0.0000000E+00  0.0000000E+00 -0.2001881E-02 -0.3594840E-08
        77      3 -0.1442220E-02  0.9634275E-03  0.0000000E+00  0.0000000E+00 -0.8007289E-02 -0.1436566E-07
        77      4 -0.1827223E-02  0.2465028E-02  0.0000000E+00  0.0000000E+00 -0.5005263E-01 -0.8908380E-07

        78      0  0.0000000E+00  0.0000000E+00  0.0000000E+00  0.0000000E+00  0.0000000E+00  0.0000000E+00
        78      1  0.0000000E+00  0.0000000E+00  0.0000000E+00  0.0000000E+00  0.0000000E+00  0.0000000E+00
        78      2  0.1062723E-02 -0.7401620E-04  0.0000000E+00  0.0000000E+00 -0.2025401E-02 -0.3644027E-08
        78      3  0.2159713E-02 -0.2010393E-03  0.0000000E+00  0.0000000E+00 -0.8103375E-02 -0.1459624E-07
        78      4  0.5539286E-02 -0.1365486E-02  0.0000000E+00  0.0000000E+00 -0.5066876E-01 -0.9179657E-07

        79      0  0.0000000E+00  0.0000000E+00  0.0000000E+00  0.0000000E+00  0.0000000E+00  0.0000000E+00
        79      1  0.0000000E+00  0.0000000E+00  0.0000000E+00  0.0000000E+00  0.0000000E+00  0.0000000E+00
        79      2 -0.1531158E-03 -0.4101728E-03  0.0000000E+00  0.0000000E+00 -0.2048151E-02 -0.3626866E-08
        79      3 -0.4302984E-03 -0.7883163E-03  0.0000000E+00  0.0000000E+00 -0.8198935E-02 -0.1450754E-07
        79      4 -0.3062528E-02 -0.1265490E-02  0.0000000E+00  0.0000000E+00 -0.5127770E-01 -0.9100309E-07

        80      0  0.0000000E+00  0.0000000E+00  0.0000000E+00  0.0000000E+00  0.0000000E+00  0.0000000E+00
        80      1  0.0000000E+00  0.0000000E+00  0.0000000E+00  0.0000000E+00  0.0000000E+00  0.0000000E+00
        80      2 -0.9328082E-03  0.4274438E-03  0.0000000E+00  0.0000000E+00 -0.2076679E-02 -0.3750704E-08
        80      3 -0.1796402E-02  0.8819985E-03  0.0000000E+00  0.0000000E+00 -0.8307295E-02 -0.1499241E-07
        80      4 -0.2925674E-02  0.2477539E-02  0.0000000E+00  0.0000000E+00 -0.5193502E-01 -0.9301760E-07

        81      0  0.0000000E+00  0.0000000E+00  0.0000000E+00  0.0000000E+00  0.0000000E+00  0.0000000E+00
        81      1  0.0000000E+00  0.0000000E+00  0.0000000E+00  0.0000000E+00  0.0000000E+00  0.0000000E+00
        81      2  0.9537708E-03  0.4255475E-04  0.0000000E+00  0.0000000E+00 -0.2100733E-02 -0.3763469E-08
        81      3  0.1969765E-02  0.2929323E-04  0.0000000E+00  0.0000000E+00 -0.8403899E-02 -0.1507632E-07
        81      4  0.5560879E-02 -0.8850739E-03  0.0000000E+00  0.0000000E+00 -0.5254559E-01 -0.9505245E-07

        82      0  0.0000000E+00  0.0000000E+00  0.0000000E+00  0.0000000E+00  0.0000000E+00  0.0000000E+00
        82      1  0.0000000E+00  0.0000000E+00  0.0000000E+00  0.0000000E+00  0.0000000E+00  0.0000000E+00
        82      2  0.1092257E-03 -0.4636324E-03  0.0000000E+00  0.0000000E+00 -0.2123237E-02 -0.3775127E-08
        82      3  0.8802174E-04 -0.9054612E-03  0.0000000E+00  0.0000000E+00 -0.8499356E-02 -0.1509095E-07
        82      4 -0.1983753E-02 -0.1695800E-02  0.0000000E+00  0.0000000E+00 -0.5315516E-01 -0.9424823E-07

        83      0  0.0000000E+00  0.0000000E+00  0.0000000E+00  0.0000000E+00  0.0000000E+00  0.0000000E+00
        83      1  0.0000000E+00  0.0000000E+00  0.0000000E+00  0.0000000E+00  0.0000000E+00  0.0000000E+00
        83      2 -0.1049656E-02  0.3568699E-03  0.0000000E+00  0.0000000E+00 -0.2151127E-02 -0.3899289E-08
        83      3 -0.2053090E-02  0.7525525E-03  0.0000000E+00  0.0000000E+00 -0.8606013E-02 -0.1559386E-07
        83      4 -0.3882900E-02  0.2371078E-02  0.0000000E+00  0.0000000E+00 -0.5381073E-01 -0.9694308E-07

        84      0  0.0000000E+00  0.0000000E+00  0.0000000E+00  0.0000000E+00  0.0000000E+00  0.0000000E+00
        84      1  0.0000000E+00  0.0000000E+00  0.0000000E+00  0.0000000E+00  0.0000000E+00  0.0000000E+00
        84      2  0.7918416E-03  0.1568058E-03  0.0000000E+00  0.0000000E+00 -0.2175867E-02 -0.3883033E-08
        84      3  0.1671984E-02  0.2581872E-03  0.0000000E+00  0.0000000E+00 -0.8703698E-02 -0.1555325E-07
        84      4  0.5311791E-02 -0.3615414E-03  0.0000000E+00  0.0000000E+00 -0.5441720E-01 -0.9813832E-07

        85      0  0.0000000E+00  0.0000000E+00  0.0000000E+00  0.0000000E+00  0.0000000E+00  0.0000000E+00
        85      1  0.0000000E+00  0.0000000E+00  0.0000000E+00  0.0000000E+00  0.0000000E+00  0.0000000E+00
        85      2  0.3656430E-03 -0.4914332E-03  0.0000000E+00  0.0000000E+00 -0.2198217E-02 -0.3931133E-08
        85      3  0.6020524E-03 -0.9734122E-03  0.0000000E+00  0.0000000E+00 -0.8799156E-02 -0.1570809E-07
        85      4 -0.8087294E-03 -0.2044981E-02  0.0000000E+00  0.0000000E+00 -0.5502892E-01 -0.9769698E-07

        86      0  0.0000000E+00  0.0000000E+00  0.0000000E+00  0.0000000E+00  0.0000000E+00  0.0000000E+00
        86      1  0.0000000E+00  0.0000000E+00  0.0000000E+00  0.0000000E+00  0.0000000E+00  0.0000000E+00
        86      2 -0.1108518E-02  0.2665424E-03  0.0000000E+00  0.0000000E+00 -0.2225262E-02 -0.4038668E-08
        86      3 -0.2198599E-02  0.5821880E-03  0.0000000E+00  0.0000000E+00 -0.8903524E-02 -0.1616113E-07
        86      4 -0.4654797E-02  0.2150867E-02  0.0000000E+00  0.0000000E+00 -0.5567889E-01 -0.1007867E-06

        87      0  0.0000000E+00  0.0000000E+00  0.0000000E+00  0.0000000E+00  0.0000000E+00  0.0000000E+00
        87      1  0.0000000E+00  0.0000000E+00  0.0000000E+00  0.0000000E+00  0.0000000E+00  0.0000000E+00
        87      2  0.5859771E-03  0.2623998E-03  0.0000000E+00  0.0000000E+00 -0.2250800E-02 -0.4007117E-08
        87      3  0.1282840E-02  0.4731572E-03  0.0000000E+00  0.0000000E+00 -0.9002805E-02 -0.1604475E-07
        87      4  0.4804191E-02  0.1802982E-03  0.0000000E+00  0.0000000E+00 -0.5628366E-01 -0.1011394E-06

        88      0  0.0000000E+00  0.0000000E+00  0.0000000E+00  0.0000000E+00  0.0000000E+00  0.0000000E+00
        88      1  0.0000000E+00  0.0000000E+00  0.0000000E+00  0.0000000E+00  0.0000000E+00  0.0000000E+00
        88      2  0.6019139E-03 -0.4920392E-03  0.0000000E+00  0.0000000E+00 -0.2273054E-02 -0.4091301E-08
        88      3  0.1083782E-02 -0.9884919E-03  0.0000000E+00  0.0000000E+00 -0.9098202E-02 -0.1634641E-07
        88      4  0.4076751E-03 -0.2296673E-02  0.0000000E+00  0.0000000E+00 -0.5689796E-01 -0.1013656E-06

        89      0  0.0000000E+00  0.0000000E+00  0.0000000E+00  0.0000000E+00  0.0000000E+00  0.0000000E+00
        89      1  0.0000000E+00  0.0000000E+00  0.0000000E+00  0.0000000E+00  0.0000000E+00  0.0000000E+00
        89      2 -0.1106178E-02  0.1614778E-03  0.0000000E+00  0.0000000E+00 -0.2299139E-02 -0.4168873E-08
        89      3 -0.2225211E-02  0.3802313E-03  0.0000000E+00  0.0000000E+00 -0.9199987E-02 -0.1669222E-07
        89      4 -0.5206048E-02  0.1827601E-02  0.0000000E+00  0.0000000E+00 -0.5753914E-01 -0.1044890E-06

        90      0  0.0000000E+00  0.0000000E+00  0.0000000E+00  0.0000000E+00  0.0000000E+00  0.0000000E+00
        90      1  0.0000000E+00  0.0000000E+00  0.0000000E+00  0.0000000E+00  0.0000000E+00  0.0000000E+00
        90      2  0.3476595E-03  0.3534743E-03  0.0000000E+00  0.0000000E+00 -0.2325514E-02 -0.4139078E-08
        90      3  0.8238210E-03  0.6624529E-03  0.0000000E+00  0.0000000E+00 -0.9301213E-02 -0.1656498E-07
        90      4  0.4063196E-02  0.7145534E-03  0.0000000E+00  0.0000000E+00 -0.5814515E-01 -0.1041544E-06

        91      0  0.0000000E+00  0.0000000E+00  0.0000000E+00  0.0000000E+00  0.0000000E+00  0.0000000E+00
        91      1  0.0000000E+00  0.0000000E+00  0.0000000E+00  0.0000000E+00  0.0000000E+00  0.0000000E+00
        91      2  0.8048992E-03 -0.4654135E-03  0.0000000E+00  0.0000000E+00 -0.2347715E-02 -0.4251093E-08
        91      3  0.1506818E-02 -0.9498735E-03  0.0000000E+00  0.0000000E+00 -0.9396381E-02 -0.1698845E-07
        91      4  0.1607826E-02 -0.2439023E-02  0.0000000E+00  0.0000000E+00 -0.5876141E-01 -0.1052256E-06

        92      0  0.0000000E+00  0.0000000E+00  0.0000000E+00  0.0000000E+00  0.0000000E+00  0.0000000E+00
        92      1  0.0000000E+00  0.0000000E+00  0.0000000E+00  0.0000000E+00  0.0000000E+00  0.0000000E+00
        92      2 -0.1042780E-02  0.4750535E-04  0.0000000E+00  0.0000000E+00 -0.2372821E-02 -0.4291897E-08
        92      3 -0.2131561E-02  0.1577169E-03  0.0000000E+00  0.0000000E+00 -0.9495604E-02 -0.1719257E-07
        92      4 -0.5511537E-02  0.1416974E-02  0.0000000E+00  0.0000000E+00 -0.5939181E-01 -0.1080130E-06

        93      0  0.0000000E+00  0.0000000E+00  0.0000000E+00  0.0000000E+00  0.0000000E+00  0.0000000E+00
        93      1  0.0000000E+00  0.0000000E+00  0.0000000E+00  0.0000000E+00  0.0000000E+00  0.0000000E+00
        93      2  0.9015781E-04  0.4249696E-03  0.0000000E+00  0.0000000E+00 -0.2399984E-02 -0.4280523E-08
        93      3  0.3201985E-03  0.8157121E-03  0.0000000E+00  0.0000000E+00 -0.9598865E-02 -0.1712164E-07
        93      4  0.3125638E-02  0.1215457E-02  0.0000000E+00  0.0000000E+00 -0.6000200E-01 -0.1072749E-06

        94      0  0.0000000E+00  0.0000000E+00  0.0000000E+00  0.0000000E+00  0.0000000E+00  0.0000000E+00
        94      1  0.0000000E+00  0.0000000E+00  0.0000000E+00  0.0000000E+00  0.0000000E+00  0.0000000E+00
        94      2  0.9632820E-03 -0.4130216E-03  0.0000000E+00  0.0000000E+00 -0.2422177E-02 -0.4406034E-08
        94      3  0.1847861E-02 -0.8596279E-03  0.0000000E+00  0.0000000E+00 -0.9693625E-02 -0.1761571E-07
        94      4  0.2733909E-02 -0.2465246E-02  0.0000000E+00  0.0000000E+00 -0.6061879E-01 -0.1092069E-06

        95      0  0.0000000E+00  0.0000000E+00  0.0000000E+00  0.0000000E+00  0.0000000E+00  0.0000000E+00
        95      1  0.0000000E+00  0.0000000E+00  0.0000000E+00  0.0000000E+00  0.0000000E+00  0.0000000E+00
        95      2 -0.9218114E-03 -0.6905893E-04  0.0000000E+00  0.0000000E+00 -0.2446368E-02 -0.4411300E-08
        95      3 -0.1922694E-02 -0.7322323E-04  0.0000000E+00  0.0000000E+00 -0.9790583E-02 -0.1767409E-07
        95      4 -0.5557439E-02  0.9389304E-03  0.0000000E+00  0.0000000E+00 -0.6123789E-01 -0.1113497E-06

        96      0  0.0000000E+00  0.0000000E+00  0.0000000E+00  0.0000000E+00  0.0000000E+00  0.0000000E+00
        96      1  0.0000000E+00  0.0000000E+00  0.0000000E+00  0.0000000E+00  0.0000000E+00  0.0000000E+00
        96      2 -0.1722218E-03  0.4729125E-03  0.0000000E+00  0.0000000E+00 -0.2474176E-02 -0.4430992E-08
        96      3 -0.2004164E-03  0.9245387E-03  0.0000000E+00  0.0000000E+00 -0.9895662E-02 -0.1771458E-07
        96      4  0.2038126E-02  0.1658655E-02  0.0000000E+00  0.0000000E+00 -0.6185460E-01 -0.1105672E-06

        97      0  0.0000000E+00  0.0000000E+00  0.0000000E+00  0.0000000E+00  0.0000000E+00  0.0000000E+00
        97      1  0.0000000E+00  0.0000000E+00  0.0000000E+00  0.0000000E+00  0.0000000E+00  0.0000000E+00
        97      2  0.1068211E-02 -0.3377517E-03  0.0000000E+00  0.0000000E+00 -0.2496424E-02 -0.4552727E-08
        97      3  0.2088040E-02 -0.7226178E-03  0.0000000E+00  0.0000000E+00 -0.9989912E-02 -0.1821297E-07
        97      4  0.3730826E-02 -0.2374011E-02  0.0000000E+00  0.0000000E+00 -0.6247000E-01 -0.1132114E-06

        98      0  0.0000000E+00  0.0000000E+00  0.0000000E+00  0.0000000E+00  0.0000000E+00  0.0000000E+00
        98      1  0.0000000E+00  0.0000000E+00  0.0000000E+00  0.0000000E+00  0.0000000E+00  0.0000000E+00
        98      2 -0.7499184E-03 -0.1817624E-03  0.0000000E+00  0.0000000E+00 -0.2519830E-02 -0.4531462E-08
        98      3 -0.1609802E-02 -0.3000267E-03  0.0000000E+00  0.0000000E+00 -0.1008509E-01 -0.1815291E-07
        98      4 -0.5341881E-02  0.4166750E-03  0.0000000E+00  0.0000000E+00 -0.6307874E-01 -0.1145215E-06

        99      0  0.0000000E+00  0.0000000E+00  0.0000000E+00  0.0000000E+00  0.0000000E+00  0.0000000E+00
        99      1  0.0000000E+00  0.0000000E+00  0.0000000E+00  0.0000000E+00  0.0000000E+00  0.0000000E+00
        99      2 -0.4249384E-03  0.4946389E-03  0.0000000E+00  0.0000000E+00 -0.2548053E-02 -0.4588097E-08
        99      3 -0.7096214E-03  0.9829725E-03  0.0000000E+00  0.0000000E+00 -0.1019147E-01 -0.1833612E-07
        99      4  0.8544669E-03  0.2022509E-02  0.0000000E+00  0.0000000E+00 -0.6370324E-01 -0.1140614E-06

       100      0  0.0000000E+00  0.0000000E+00  0.0000000E+00  0.0000000E+00  0.0000000E+00  0.0000000E+00
       100      1  0.0000000E+00  0.0000000E+00  0.0000000E+00  0.0000000E+00  0.0000000E+00  0.0000000E+00
       100      2  0.1113806E-02 -0.2437579E-03  0.0000000E+00  0.0000000E+00 -0.2570455E-02 -0.4689630E-08
       100      3  0.2214005E-02 -0.5462411E-03  0.0000000E+00  0.0000000E+00 -0.1028526E-01 -0.1877175E-07
       100      4  0.4549186E-02 -0.2169550E-02  0.0000000E+00  0.0000000E+00 -0.6431526E-01 -0.1171339E-06
