# number of rays:       5
# iteration   ray    X              A              Y              B              T              D
         0      0  0.0000000E+00  0.0000000E+00  0.0000000E+00  0.0000000E+00  0.0000000E+00  0.0000000E+00
         0      1  0.0000000E+00  0.0000000E+00  0.0000000E+00  0.0000000E+00  0.0000000E+00  0.0000000E+00
         0      2  0.1000000E-02  0.0000000E+00  0.0000000E+00  0.0000000E+00  0.0000000E+00  0.0000000E+00
         0      3  0.2000000E-02  0.0000000E+00  0.0000000E+00  0.0000000E+00  0.0000000E+00  0.0000000E+00
         0      4  0.5000000E-02  0.0000000E+00  0.0000000E+00  0.0000000E+00  0.0000000E+00  0.0000000E+00

         1      0  0.0000000E+00  0.0000000E+00  0.0000000E+00  0.0000000E+00  0.0000000E+00  0.0000000E+00
         1      1  0.0000000E+00  0.0000000E+00  0.0000000E+00  0.0000000E+00  0.0000000E+00  0.0000000E+00
         1      2 -0.2714139E-03 -0.3800995E-03  0.0000000E+00  0.0000000E+00 -0.8438529E-05 -0.5013804E-13
         1      3 -0.5258857E-03 -0.7653453E-03  0.0000000E+00  0.0000000E+00 -0.2806796E-04 -0.4029310E-12
         1      4 -0.1214982E-02 -0.1944000E-02  0.0000000E+00  0.0000000E+00 -0.1527982E-03 -0.6168353E-11

         2      0  0.0000000E+00  0.0000000E+00  0.0000000E+00  0.0000000E+00  0.0000000E+00  0.0000000E+00
         2      1  0.0000000E+00  0.0000000E+00  0.0000000E+00  0.0000000E+00  0.0000000E+00  0.0000000E+00
         2      2 -0.6351336E-03  0.4927012E-03  0.0000000E+00  0.0000000E+00 -0.8669856E-05 -0.1701425E-10
         2      3 -0.1270305E-02  0.9861628E-03  0.0000000E+00  0.0000000E+00 -0.3640594E-04 -0.6708326E-10
         2      4 -0.3124521E-02  0.2475283E-02  0.0000000E+00  0.0000000E+00 -0.2280146E-03 -0.3969742E-09

         3      0  0.0000000E+00  0.0000000E+00  0.0000000E+00  0.0000000E+00  0.0000000E+00  0.0000000E+00
         3      1  0.0000000E+00  0.0000000E+00  0.0000000E+00  0.0000000E+00  0.0000000E+00  0.0000000E+00
         3      2  0.1111618E-02 -0.2622776E-03  0.0000000E+00  0.0000000E+00 -0.1717485E-04 -0.3540491E-10
         3      3  0.2230808E-02 -0.5201591E-03  0.0000000E+00  0.0000000E+00 -0.6592154E-04 -0.1398824E-09
         3      4  0.5627144E-02 -0.1302334E-02  0.0000000E+00  0.0000000E+00 -0.3944222E-03 -0.8435699E-09

         4      0  0.0000000E+00  0.0000000E+00  0.0000000E+00  0.0000000E+00  0.0000000E+00  0.0000000E+00
         4      1  0.0000000E+00  0.0000000E+00  0.0000000E+00  0.0000000E+00  0.0000000E+00  0.0000000E+00
         4      2 -0.7998015E-03 -0.1517156E-03  0.0000000E+00  0.0000000E+00 -0.2523226E-04 -0.3618311E-10
         4      3 -0.1579608E-02 -0.3121823E-03  0.0000000E+00  0.0000000E+00 -0.9609938E-04 -0.1423684E-09
         4      4 -0.3884670E-02 -0.7929265E-03  0.0000000E+00  0.0000000E+00 -0.5730205E-03 -0.8537965E-09

         5      0  0.0000000E+00  0.0000000E+00  0.0000000E+00  0.0000000E+00  0.0000000E+00  0.0000000E+00
         5      1  0.0000000E+00  0.0000000E+00  0.0000000E+00  0.0000000E+00  0.0000000E+00  0.0000000E+00
         5      2 -0.5223325E-04  0.4547989E-03  0.0000000E+00  0.0000000E+00 -0.2644467E-04 -0.4094595E-10
         5      3 -0.1057294E-03  0.9061390E-03  0.0000000E+00  0.0000000E+00 -0.1075392E-03 -0.1609079E-09
         5      4 -0.1246906E-03  0.2213200E-02  0.0000000E+00  0.0000000E+00 -0.6664024E-03 -0.9489868E-09

         6      0  0.0000000E+00  0.0000000E+00  0.0000000E+00  0.0000000E+00  0.0000000E+00  0.0000000E+00
         6      1  0.0000000E+00  0.0000000E+00  0.0000000E+00  0.0000000E+00  0.0000000E+00  0.0000000E+00
         6      2  0.8769355E-03 -0.4439705E-03  0.0000000E+00  0.0000000E+00 -0.3459909E-04 -0.6231745E-10
         6      3  0.1753267E-02 -0.8795672E-03  0.0000000E+00  0.0000000E+00 -0.1330334E-03 -0.2464568E-09
         6      4  0.4267593E-02 -0.2173000E-02  0.0000000E+00  0.0000000E+00 -0.7982670E-03 -0.1480704E-08

         7      0  0.0000000E+00  0.0000000E+00  0.0000000E+00  0.0000000E+00  0.0000000E+00  0.0000000E+00
         7      1  0.0000000E+00  0.0000000E+00  0.0000000E+00  0.0000000E+00  0.0000000E+00  0.0000000E+00
         7      2 -0.1080538E-02  0.1263374E-03  0.0000000E+00  0.0000000E+00 -0.4035665E-04 -0.7470899E-10
         7      3 -0.2138049E-02  0.2495244E-03  0.0000000E+00  0.0000000E+00 -0.1581803E-03 -0.2956989E-09
         7      4 -0.5225174E-02  0.6932721E-03  0.0000000E+00  0.0000000E+00 -0.9572537E-03 -0.1802391E-08

         8      0  0.0000000E+00  0.0000000E+00  0.0000000E+00  0.0000000E+00  0.0000000E+00  0.0000000E+00
         8      1  0.0000000E+00  0.0000000E+00  0.0000000E+00  0.0000000E+00  0.0000000E+00  0.0000000E+00
         8      2  0.5514962E-03  0.2754227E-03  0.0000000E+00  0.0000000E+00 -0.4474834E-04 -0.7348745E-10
         8      3  0.1110452E-02  0.5393615E-03  0.0000000E+00  0.0000000E+00 -0.1794800E-03 -0.2912511E-09
         8      4  0.3028435E-02  0.1182002E-02  0.0000000E+00  0.0000000E+00 -0.1104388E-02 -0.1784770E-08

         9      0  0.0000000E+00  0.0000000E+00  0.0000000E+00  0.0000000E+00  0.0000000E+00  0.0000000E+00
         9      1  0.0000000E+00  0.0000000E+00  0.0000000E+00  0.0000000E+00  0.0000000E+00  0.0000000E+00
         9      2  0.3722105E-03 -0.4911289E-03  0.0000000E+00  0.0000000E+00 -0.5272721E-04 -0.8519833E-10
         9      3  0.7325194E-03 -0.9750439E-03  0.0000000E+00  0.0000000E+00 -0.2038158E-03 -0.3382248E-09
         9      4  0.1512543E-02 -0.2380717E-02  0.0000000E+00  0.0000000E+00 -0.1230233E-02 -0.2055569E-08

        10      0  0.0000000E+00  0.0000000E+00  0.0000000E+00  0.0000000E+00  0.0000000E+00  0.0000000E+00
        10      1  0.0000000E+00  0.0000000E+00  0.0000000E+00  0.0000000E+00  0.0000000E+00  0.0000000E+00
        10      2 -0.1028691E-02  0.3662053E-03  0.0000000E+00  0.0000000E+00 -0.5507217E-04 -0.1065622E-09
        10      3 -0.2033571E-02  0.7365490E-03  0.0000000E+00  0.0000000E+00 -0.2187702E-03 -0.4227699E-09
        10      4 -0.4817864E-02  0.1957045E-02  0.0000000E+00  0.0000000E+00 -0.1335191E-02 -0.2570136E-08

        11      0  0.0000000E+00  0.0000000E+00  0.0000000E+00  0.0000000E+00  0.0000000E+00  0.0000000E+00
        11      1  0.0000000E+00  0.0000000E+00  0.0000000E+00  0.0000000E+00  0.0000000E+00  0.0000000E+00
        11      2  0.9864888E-03  0.1293188E-04  0.0000000E+00  0.0000000E+00 -0.6242525E-04 -0.1123283E-09
        11      3  0.1987116E-02  0.1211010E-04  0.0000000E+00  0.0000000E+00 -0.2478345E-03 -0.4463757E-09
        11      4  0.5207853E-02 -0.1954285E-03  0.0000000E+00  0.0000000E+00 -0.1513345E-02 -0.2752744E-08

        12      0  0.0000000E+00  0.0000000E+00  0.0000000E+00  0.0000000E+00  0.0000000E+00  0.0000000E+00
        12      1  0.0000000E+00  0.0000000E+00  0.0000000E+00  0.0000000E+00  0.0000000E+00  0.0000000E+00
        12      2 -0.2432185E-03 -0.3882460E-03  0.0000000E+00  0.0000000E+00 -0.7079123E-04 -0.1126938E-09
        12      3 -0.4994456E-03 -0.7728906E-03  0.0000000E+00  0.0000000E+00 -0.2755827E-03 -0.4473906E-09
        12      4 -0.1640091E-02 -0.1820093E-02  0.0000000E+00  0.0000000E+00 -0.1669843E-02 -0.2734185E-08

        13      0  0.0000000E+00  0.0000000E+00  0.0000000E+00  0.0000000E+00  0.0000000E+00  0.0000000E+00
        13      1  0.0000000E+00  0.0000000E+00  0.0000000E+00  0.0000000E+00  0.0000000E+00  0.0000000E+00
        13      2 -0.6586184E-03  0.4905759E-03  0.0000000E+00  0.0000000E+00 -0.7099618E-04 -0.1301361E-09
        13      3 -0.1292342E-02  0.9842344E-03  0.0000000E+00  0.0000000E+00 -0.2837400E-03 -0.5149759E-09
        13      4 -0.2754765E-02  0.2494903E-02  0.0000000E+00  0.0000000E+00 -0.1742546E-02 -0.3085710E-08

        14      0  0.0000000E+00  0.0000000E+00  0.0000000E+00  0.0000000E+00  0.0000000E+00  0.0000000E+00
        14      1  0.0000000E+00  0.0000000E+00  0.0000000E+00  0.0000000E+00  0.0000000E+00  0.0000000E+00
        14      2  0.1114275E-02 -0.2513049E-03  0.0000000E+00  0.0000000E+00 -0.7943790E-04 -0.1480781E-09
        14      3  0.2233525E-02 -0.5099980E-03  0.0000000E+00  0.0000000E+00 -0.3130937E-03 -0.5869288E-09
        14      4  0.5550621E-02 -0.1456730E-02  0.0000000E+00  0.0000000E+00 -0.1902931E-02 -0.3565016E-08

        15      0  0.0000000E+00  0.0000000E+00  0.0000000E+00  0.0000000E+00  0.0000000E+00  0.0000000E+00
        15      1  0.0000000E+00  0.0000000E+00  0.0000000E+00  0.0000000E+00  0.0000000E+00  0.0000000E+00
        15      2 -0.7796705E-03 -0.1641071E-03  0.0000000E+00  0.0000000E+00 -0.8749458E-04 -0.1485083E-09
        15      3 -0.1560890E-02 -0.3238988E-03  0.0000000E+00  0.0000000E+00 -0.3430627E-03 -0.5887476E-09
        15      4 -0.4166624E-02 -0.5936391E-03  0.0000000E+00  0.0000000E+00 -0.2080633E-02 -0.3607840E-08

        16      0  0.0000000E+00  0.0000000E+00  0.0000000E+00  0.0000000E+00  0.0000000E+00  0.0000000E+00
        16      1  0.0000000E+00  0.0000000E+00  0.0000000E+00  0.0000000E+00  0.0000000E+00  0.0000000E+00
        16      2 -0.8137778E-04  0.4600086E-03  0.0000000E+00  0.0000000E+00 -0.8853888E-04 -0.1538055E-09
        16      3 -0.1332639E-03  0.9112894E-03  0.0000000E+00  0.0000000E+00 -0.3541058E-03 -0.6082622E-09
        16      4  0.3325438E-03  0.2107355E-02  0.0000000E+00  0.0000000E+00 -0.2179322E-02 -0.3669644E-08

        17      0  0.0000000E+00  0.0000000E+00  0.0000000E+00  0.0000000E+00  0.0000000E+00  0.0000000E+00
        17      1  0.0000000E+00  0.0000000E+00  0.0000000E+00  0.0000000E+00  0.0000000E+00  0.0000000E+00
        17      2  0.8948420E-03 -0.4382045E-03  0.0000000E+00  0.0000000E+00 -0.9665807E-04 -0.1753537E-09
        17      3  0.1770537E-02 -0.8742560E-03  0.0000000E+00  0.0000000E+00 -0.3794507E-03 -0.6941437E-09
        17      4  0.3945645E-02 -0.2245627E-02  0.0000000E+00  0.0000000E+00 -0.2306393E-02 -0.4182602E-08

        18      0  0.0000000E+00  0.0000000E+00  0.0000000E+00  0.0000000E+00  0.0000000E+00  0.0000000E+00
        18      1  0.0000000E+00  0.0000000E+00  0.0000000E+00  0.0000000E+00  0.0000000E+00  0.0000000E+00
        18      2 -0.1074544E-02  0.1135412E-03  0.0000000E+00  0.0000000E+00 -0.1025044E-03 -0.1871415E-09
        18      3 -0.2132637E-02  0.2373271E-03  0.0000000E+00  0.0000000E+00 -0.4045587E-03 -0.7422488E-09
        18      4 -0.5276869E-02  0.8965340E-03  0.0000000E+00  0.0000000E+00 -0.2457543E-02 -0.4548648E-08

        19      0  0.0000000E+00  0.0000000E+00  0.0000000E+00  0.0000000E+00  0.0000000E+00  0.0000000E+00
        19      1  0.0000000E+00  0.0000000E+00  0.0000000E+00  0.0000000E+00  0.0000000E+00  0.0000000E+00
        19      2  0.5257470E-03  0.2862051E-03  0.0000000E+00  0.0000000E+00 -0.1066754E-03 -0.1859071E-09
        19      3  0.1086094E-02  0.5496931E-03  0.0000000E+00  0.0000000E+00 -0.4254038E-03 -0.7377478E-09
        19      4  0.3416391E-02  0.9992905E-03  0.0000000E+00  0.0000000E+00 -0.2610250E-02 -0.4541625E-08

        20      0  0.0000000E+00  0.0000000E+00  0.0000000E+00  0.0000000E+00  0.0000000E+00  0.0000000E+00
        20      1  0.0000000E+00  0.0000000E+00  0.0000000E+00  0.0000000E+00  0.0000000E+00  0.0000000E+00
        20      2  0.3996265E-03 -0.4923097E-03  0.0000000E+00  0.0000000E+00 -0.1145877E-03 -0.1982272E-09
        20      3  0.7585417E-03 -0.9761619E-03  0.0000000E+00  0.0000000E+00 -0.4494783E-03 -0.7858816E-09
        20      4  0.1071542E-02 -0.2349155E-02  0.0000000E+00  0.0000000E+00 -0.2737502E-02 -0.4762810E-08

        21      0  0.0000000E+00  0.0000000E+00  0.0000000E+00  0.0000000E+00  0.0000000E+00  0.0000000E+00
        21      1  0.0000000E+00  0.0000000E+00  0.0000000E+00  0.0000000E+00  0.0000000E+00  0.0000000E+00
        21      2 -0.1038677E-02  0.3571038E-03  0.0000000E+00  0.0000000E+00 -0.1170256E-03 -0.2194306E-09
        21      3 -0.2043147E-02  0.7279513E-03  0.0000000E+00  0.0000000E+00 -0.4644267E-03 -0.8701687E-09
        21      4 -0.4620275E-02  0.2084676E-02  0.0000000E+00  0.0000000E+00 -0.2833912E-02 -0.5275133E-08

        22      0  0.0000000E+00  0.0000000E+00  0.0000000E+00  0.0000000E+00  0.0000000E+00  0.0000000E+00
        22      1  0.0000000E+00  0.0000000E+00  0.0000000E+00  0.0000000E+00  0.0000000E+00  0.0000000E+00
        22      2  0.9722921E-03  0.2586050E-04  0.0000000E+00  0.0000000E+00 -0.1242195E-03 -0.2246489E-09
        22      3  0.1973920E-02  0.2422330E-04  0.0000000E+00  0.0000000E+00 -0.4931691E-03 -0.8927433E-09
        22      4  0.5378505E-02 -0.3883982E-03  0.0000000E+00  0.0000000E+00 -0.3011010E-02 -0.5501913E-08

        23      0  0.0000000E+00  0.0000000E+00  0.0000000E+00  0.0000000E+00  0.0000000E+00  0.0000000E+00
        23      1  0.0000000E+00  0.0000000E+00  0.0000000E+00  0.0000000E+00  0.0000000E+00  0.0000000E+00
        23      2 -0.2148464E-03 -0.3961218E-03  0.0000000E+00  0.0000000E+00 -0.1325120E-03 -0.2253575E-09
        23      3 -0.4729210E-03 -0.7803137E-03  0.0000000E+00  0.0000000E+00 -0.5205993E-03 -0.8943954E-09
        23      4 -0.2052599E-02 -0.1682628E-02  0.0000000E+00  0.0000000E+00 -0.3171020E-02 -0.5466409E-08

        24      0  0.0000000E+00  0.0000000E+00  0.0000000E+00  0.0000000E+00  0.0000000E+00  0.0000000E+00
        24      1  0.0000000E+00  0.0000000E+00  0.0000000E+00  0.0000000E+00  0.0000000E+00  0.0000000E+00
        24      2 -0.6816410E-03  0.4881046E-03  0.0000000E+00  0.0000000E+00 -0.1326981E-03 -0.2432581E-09
        24      3 -0.1314172E-02  0.9821473E-03  0.0000000E+00  0.0000000E+00 -0.5285833E-03 -0.9628691E-09
        24      4 -0.2364334E-02  0.2495720E-02  0.0000000E+00  0.0000000E+00 -0.3242494E-02 -0.5776006E-08

        25      0  0.0000000E+00  0.0000000E+00  0.0000000E+00  0.0000000E+00  0.0000000E+00  0.0000000E+00
        25      1  0.0000000E+00  0.0000000E+00  0.0000000E+00  0.0000000E+00  0.0000000E+00  0.0000000E+00
        25      2  0.1116156E-02 -0.2401598E-03  0.0000000E+00  0.0000000E+00 -0.1410738E-03 -0.2607310E-09
        25      3  0.2235891E-02 -0.4997590E-03  0.0000000E+00  0.0000000E+00 -0.5577752E-03 -0.1033957E-08
        25      4  0.5434646E-02 -0.1601646E-02  0.0000000E+00  0.0000000E+00 -0.3396534E-02 -0.6282322E-08

        26      0  0.0000000E+00  0.0000000E+00  0.0000000E+00  0.0000000E+00  0.0000000E+00  0.0000000E+00
        26      1  0.0000000E+00  0.0000000E+00  0.0000000E+00  0.0000000E+00  0.0000000E+00  0.0000000E+00
        26      2 -0.7590014E-03 -0.1763786E-03  0.0000000E+00  0.0000000E+00 -0.1491258E-03 -0.2608405E-09
        26      3 -0.1541930E-02 -0.3355593E-03  0.0000000E+00  0.0000000E+00 -0.5875338E-03 -0.1035134E-08
        26      4 -0.4420162E-02 -0.3889229E-03  0.0000000E+00  0.0000000E+00 -0.3572310E-02 -0.6363561E-08

        27      0  0.0000000E+00  0.0000000E+00  0.0000000E+00  0.0000000E+00  0.0000000E+00  0.0000000E+00
        27      1  0.0000000E+00  0.0000000E+00  0.0000000E+00  0.0000000E+00  0.0000000E+00  0.0000000E+00
        27      2 -0.1104548E-03  0.4648989E-03  0.0000000E+00  0.0000000E+00 -0.1500079E-03 -0.2666855E-09
        27      3 -0.1607679E-03  0.9162973E-03  0.0000000E+00  0.0000000E+00 -0.5981862E-03 -0.1055636E-08
        27      4  0.7898680E-03  0.1987058E-02  0.0000000E+00  0.0000000E+00 -0.3676916E-02 -0.6396798E-08

        28      0  0.0000000E+00  0.0000000E+00  0.0000000E+00  0.0000000E+00  0.0000000E+00  0.0000000E+00
        28      1  0.0000000E+00  0.0000000E+00  0.0000000E+00  0.0000000E+00  0.0000000E+00  0.0000000E+00
        28      2  0.9121339E-03 -0.4321433E-03  0.0000000E+00  0.0000000E+00 -0.1580929E-03 -0.2883794E-09
        28      3  0.1787536E-02 -0.8688161E-03  0.0000000E+00  0.0000000E+00 -0.6233855E-03 -0.1141822E-08
        28      4  0.3598431E-02 -0.2304705E-02  0.0000000E+00  0.0000000E+00 -0.3799961E-02 -0.6883817E-08

        29      0  0.0000000E+00  0.0000000E+00  0.0000000E+00  0.0000000E+00  0.0000000E+00  0.0000000E+00
        29      1  0.0000000E+00  0.0000000E+00  0.0000000E+00  0.0000000E+00  0.0000000E+00  0.0000000E+00
        29      2 -0.1067814E-02  0.1006694E-03  0.0000000E+00  0.0000000E+00 -0.1640257E-03 -0.2995588E-09
        29      3 -0.2126899E-02  0.2250952E-03  0.0000000E+00  0.0000000E+00 -0.6484540E-03 -0.1188785E-08
        29      4 -0.5293234E-02  0.1093753E-02  0.0000000E+00  0.0000000E+00 -0.3942664E-02 -0.7290204E-08

        30      0  0.0000000E+00  0.0000000E+00  0.0000000E+00  0.0000000E+00  0.0000000E+00  0.0000000E+00
        30      1  0.0000000E+00  0.0000000E+00  0.0000000E+00  0.0000000E+00  0.0000000E+00  0.0000000E+00
        30      2  0.4996401E-03  0.2967951E-03  0.0000000E+00  0.0000000E+00 -0.1679761E-03 -0.2983427E-09
        30      3  0.1061574E-02  0.5599445E-03  0.0000000E+00  0.0000000E+00 -0.6688457E-03 -0.1184258E-08
        30      4  0.3781955E-02  0.8111180E-03  0.0000000E+00  0.0000000E+00 -0.4100305E-02 -0.7300292E-08

        31      0  0.0000000E+00  0.0000000E+00  0.0000000E+00  0.0000000E+00  0.0000000E+00  0.0000000E+00
        31      1  0.0000000E+00  0.0000000E+00  0.0000000E+00  0.0000000E+00  0.0000000E+00  0.0000000E+00
        31      2  0.4267777E-03 -0.4931560E-03  0.0000000E+00  0.0000000E+00 -0.1758241E-03 -0.3112663E-09
        31      3  0.7844566E-03 -0.9771335E-03  0.0000000E+00  0.0000000E+00 -0.6926638E-03 -0.1233547E-08
        31      4  0.6256859E-03 -0.2302186E-02  0.0000000E+00  0.0000000E+00 -0.4229709E-02 -0.7472553E-08

        32      0  0.0000000E+00  0.0000000E+00  0.0000000E+00  0.0000000E+00  0.0000000E+00  0.0000000E+00
        32      1  0.0000000E+00  0.0000000E+00  0.0000000E+00  0.0000000E+00  0.0000000E+00  0.0000000E+00
        32      2 -0.1047948E-02  0.3477509E-03  0.0000000E+00  0.0000000E+00 -0.1783581E-03 -0.3322784E-09
        32      3 -0.2052407E-02  0.7192366E-03  0.0000000E+00  0.0000000E+00 -0.7076101E-03 -0.1317548E-08
        32      4 -0.4390533E-02  0.2196560E-02  0.0000000E+00  0.0000000E+00 -0.4318219E-02 -0.7974939E-08

        33      0  0.0000000E+00  0.0000000E+00  0.0000000E+00  0.0000000E+00  0.0000000E+00  0.0000000E+00
        33      1  0.0000000E+00  0.0000000E+00  0.0000000E+00  0.0000000E+00  0.0000000E+00  0.0000000E+00
        33      2  0.9574200E-03  0.3877712E-04  0.0000000E+00  0.0000000E+00 -0.1853890E-03 -0.3369629E-09
        33      3  0.1960414E-02  0.3633779E-04  0.0000000E+00  0.0000000E+00 -0.7360289E-03 -0.1339103E-08
        33      4  0.5510500E-02 -0.5777474E-03  0.0000000E+00  0.0000000E+00 -0.4493238E-02 -0.8247000E-08

        34      0  0.0000000E+00  0.0000000E+00  0.0000000E+00  0.0000000E+00  0.0000000E+00  0.0000000E+00
        34      1  0.0000000E+00  0.0000000E+00  0.0000000E+00  0.0000000E+00  0.0000000E+00  0.0000000E+00
        34      2 -0.1863170E-03 -0.4037218E-03  0.0000000E+00  0.0000000E+00 -0.1936072E-03 -0.3380413E-09
        34      3 -0.4463158E-03 -0.7876137E-03  0.0000000E+00  0.0000000E+00 -0.7631429E-03 -0.1341417E-08
        34      4 -0.2449890E-02 -0.1532366E-02  0.0000000E+00  0.0000000E+00 -0.4656407E-02 -0.8202861E-08

        35      0  0.0000000E+00  0.0000000E+00  0.0000000E+00  0.0000000E+00  0.0000000E+00  0.0000000E+00
        35      1  0.0000000E+00  0.0000000E+00  0.0000000E+00  0.0000000E+00  0.0000000E+00  0.0000000E+00
        35      2 -0.7041857E-03  0.4852888E-03  0.0000000E+00  0.0000000E+00 -0.1937820E-03 -0.3563792E-09
        35      3 -0.1335793E-02  0.9799015E-03  0.0000000E+00  0.0000000E+00 -0.7709608E-03 -0.1410762E-08
        35      4 -0.1955759E-02  0.2477864E-02  0.0000000E+00  0.0000000E+00 -0.4727932E-02 -0.8469051E-08

        36      0  0.0000000E+00  0.0000000E+00  0.0000000E+00  0.0000000E+00  0.0000000E+00  0.0000000E+00
        36      1  0.0000000E+00  0.0000000E+00  0.0000000E+00  0.0000000E+00  0.0000000E+00  0.0000000E+00
        36      2  0.1117261E-02 -0.2288497E-03  0.0000000E+00  0.0000000E+00 -0.2020889E-03 -0.3733635E-09
        36      3  0.2237905E-02 -0.4894437E-03  0.0000000E+00  0.0000000E+00 -0.7999908E-03 -0.1480968E-08
        36      4  0.5280409E-02 -0.1736354E-02  0.0000000E+00  0.0000000E+00 -0.4875474E-02 -0.8995870E-08

        37      0  0.0000000E+00  0.0000000E+00  0.0000000E+00  0.0000000E+00  0.0000000E+00  0.0000000E+00
        37      1  0.0000000E+00  0.0000000E+00  0.0000000E+00  0.0000000E+00  0.0000000E+00  0.0000000E+00
        37      2 -0.7378079E-03 -0.1885217E-03  0.0000000E+00  0.0000000E+00 -0.2101323E-03 -0.3731807E-09
        37      3 -0.1522731E-02 -0.3471620E-03  0.0000000E+00  0.0000000E+00 -0.8295376E-03 -0.1481527E-08
        37      4 -0.4643737E-02 -0.1802991E-03  0.0000000E+00  0.0000000E+00 -0.5048271E-02 -0.9120134E-08

        38      0  0.0000000E+00  0.0000000E+00  0.0000000E+00  0.0000000E+00  0.0000000E+00  0.0000000E+00
        38      1  0.0000000E+00  0.0000000E+00  0.0000000E+00  0.0000000E+00  0.0000000E+00  0.0000000E+00
        38      2 -0.1394443E-03  0.4694660E-03  0.0000000E+00  0.0000000E+00 -0.2108582E-03 -0.3795856E-09
        38      3 -0.1882371E-03  0.9211617E-03  0.0000000E+00  0.0000000E+00 -0.8398052E-03 -0.1503030E-08
        38      4  0.1244115E-02  0.1853415E-02  0.0000000E+00  0.0000000E+00 -0.5159225E-02 -0.9130293E-08

        39      0  0.0000000E+00  0.0000000E+00  0.0000000E+00  0.0000000E+00  0.0000000E+00  0.0000000E+00
        39      1  0.0000000E+00  0.0000000E+00  0.0000000E+00  0.0000000E+00  0.0000000E+00  0.0000000E+00
        39      2  0.9287986E-03 -0.4257908E-03  0.0000000E+00  0.0000000E+00 -0.2189100E-03 -0.4013938E-09
        39      3  0.1804261E-02 -0.8632482E-03  0.0000000E+00  0.0000000E+00 -0.8648627E-03 -0.1589493E-08
        39      4  0.3228648E-02 -0.2349834E-02  0.0000000E+00  0.0000000E+00 -0.5279095E-02 -0.9584838E-08

        40      0  0.0000000E+00  0.0000000E+00  0.0000000E+00  0.0000000E+00  0.0000000E+00  0.0000000E+00
        40      1  0.0000000E+00  0.0000000E+00  0.0000000E+00  0.0000000E+00  0.0000000E+00  0.0000000E+00
        40      2 -0.1060352E-02  0.8773118E-04  0.0000000E+00  0.0000000E+00 -0.2249266E-03 -0.4119617E-09
        40      3 -0.2120837E-02  0.2128307E-03  0.0000000E+00  0.0000000E+00 -0.8898911E-03 -0.1635308E-08
        40      4 -0.5274081E-02  0.1283352E-02  0.0000000E+00  0.0000000E+00 -0.5412894E-02 -0.1002640E-07

        41      0  0.0000000E+00  0.0000000E+00  0.0000000E+00  0.0000000E+00  0.0000000E+00  0.0000000E+00
        41      1  0.0000000E+00  0.0000000E+00  0.0000000E+00  0.0000000E+00  0.0000000E+00  0.0000000E+00
        41      2  0.4731941E-03  0.3071852E-03  0.0000000E+00  0.0000000E+00 -0.2286569E-03 -0.4107952E-09
        41      3  0.1036894E-02  0.5701139E-03  0.0000000E+00  0.0000000E+00 -0.9098306E-03 -0.1630783E-08
        41      4  0.4122223E-02  0.6188238E-03  0.0000000E+00  0.0000000E+00 -0.5574698E-02 -0.1005976E-07

        42      0  0.0000000E+00  0.0000000E+00  0.0000000E+00  0.0000000E+00  0.0000000E+00  0.0000000E+00
        42      1  0.0000000E+00  0.0000000E+00  0.0000000E+00  0.0000000E+00  0.0000000E+00  0.0000000E+00
        42      2  0.4536449E-03 -0.4936675E-03  0.0000000E+00  0.0000000E+00 -0.2364428E-03 -0.4243146E-09
        42      3  0.8102600E-03 -0.9779586E-03  0.0000000E+00  0.0000000E+00 -0.9333972E-03 -0.1681221E-08
        42      4  0.1778941E-03 -0.2239817E-02  0.0000000E+00  0.0000000E+00 -0.5706884E-02 -0.1018518E-07

        43      0  0.0000000E+00  0.0000000E+00  0.0000000E+00  0.0000000E+00  0.0000000E+00  0.0000000E+00
        43      1  0.0000000E+00  0.0000000E+00  0.0000000E+00  0.0000000E+00  0.0000000E+00  0.0000000E+00
        43      2 -0.1056498E-02  0.3381534E-03  0.0000000E+00  0.0000000E+00 -0.2390759E-03 -0.4451052E-09
        43      3 -0.2061352E-02  0.7104063E-03  0.0000000E+00  0.0000000E+00 -0.9483452E-03 -0.1764909E-08
        43      4 -0.4129961E-02  0.2291777E-02  0.0000000E+00  0.0000000E+00 -0.5788309E-02 -0.1067034E-07

        44      0  0.0000000E+00  0.0000000E+00  0.0000000E+00  0.0000000E+00  0.0000000E+00  0.0000000E+00
        44      1  0.0000000E+00  0.0000000E+00  0.0000000E+00  0.0000000E+00  0.0000000E+00  0.0000000E+00
        44      2  0.9418830E-03  0.5167298E-04  0.0000000E+00  0.0000000E+00 -0.2459399E-03 -0.4492715E-09
        44      3  0.1946602E-02  0.4845178E-04  0.0000000E+00  0.0000000E+00 -0.9764387E-03 -0.1785456E-08
        44      4  0.5602731E-02 -0.7623664E-03  0.0000000E+00  0.0000000E+00 -0.5960283E-02 -0.1098764E-07

        45      0  0.0000000E+00  0.0000000E+00  0.0000000E+00  0.0000000E+00  0.0000000E+00  0.0000000E+00
        45      1  0.0000000E+00  0.0000000E+00  0.0000000E+00  0.0000000E+00  0.0000000E+00  0.0000000E+00
        45      2 -0.1576496E-03 -0.4110413E-03  0.0000000E+00  0.0000000E+00 -0.2540834E-03 -0.4507451E-09
        45      3 -0.4196340E-03 -0.7947897E-03  0.0000000E+00  0.0000000E+00 -0.1003238E-02 -0.1788456E-08
        45      4 -0.2829452E-02 -0.1370206E-02  0.0000000E+00  0.0000000E+00 -0.6126098E-02 -0.1094345E-07

        46      0  0.0000000E+00  0.0000000E+00  0.0000000E+00  0.0000000E+00  0.0000000E+00  0.0000000E+00
        46      1  0.0000000E+00  0.0000000E+00  0.0000000E+00  0.0000000E+00  0.0000000E+00  0.0000000E+00
        46      2 -0.7262374E-03  0.4821304E-03  0.0000000E+00  0.0000000E+00 -0.2542541E-03 -0.4694980E-09
        46      3 -0.1357201E-02  0.9774976E-03  0.0000000E+00  0.0000000E+00 -0.1010897E-02 -0.1858655E-08
        46      4 -0.1531715E-02  0.2441641E-02  0.0000000E+00  0.0000000E+00 -0.6198918E-02 -0.1116593E-07

        47      0  0.0000000E+00  0.0000000E+00  0.0000000E+00  0.0000000E+00  0.0000000E+00  0.0000000E+00
        47      1  0.0000000E+00  0.0000000E+00  0.0000000E+00  0.0000000E+00  0.0000000E+00  0.0000000E+00
        47      2  0.1117589E-02 -0.2173821E-03  0.0000000E+00  0.0000000E+00 -0.2624891E-03 -0.4859758E-09
        47      3  0.2239568E-02 -0.4790534E-03  0.0000000E+00  0.0000000E+00 -0.1039765E-02 -0.1927961E-08
        47      4  0.5089417E-02 -0.1860189E-02  0.0000000E+00  0.0000000E+00 -0.6339978E-02 -0.1170611E-07

        48      0  0.0000000E+00  0.0000000E+00  0.0000000E+00  0.0000000E+00  0.0000000E+00  0.0000000E+00
        48      1  0.0000000E+00  0.0000000E+00  0.0000000E+00  0.0000000E+00  0.0000000E+00  0.0000000E+00
        48      2 -0.7161043E-03 -0.2005279E-03  0.0000000E+00  0.0000000E+00 -0.2705201E-03 -0.4855297E-09
        48      3 -0.1503297E-02 -0.3587051E-03  0.0000000E+00  0.0000000E+00 -0.1069099E-02 -0.1927927E-08
        48      4 -0.4835989E-02  0.3065970E-04  0.0000000E+00  0.0000000E+00 -0.6508747E-02 -0.1187666E-07

        49      0  0.0000000E+00  0.0000000E+00  0.0000000E+00  0.0000000E+00  0.0000000E+00  0.0000000E+00
        49      1  0.0000000E+00  0.0000000E+00  0.0000000E+00  0.0000000E+00  0.0000000E+00  0.0000000E+00
        49      2 -0.1683261E-03  0.4737064E-03  0.0000000E+00  0.0000000E+00 -0.2710962E-03 -0.4925052E-09
        49      3 -0.2156674E-03  0.9258818E-03  0.0000000E+00  0.0000000E+00 -0.1078988E-02 -0.1950442E-08
        49      4  0.1692095E-02  0.1707602E-02  0.0000000E+00  0.0000000E+00 -0.6626294E-02 -0.1186976E-07

        50      0  0.0000000E+00  0.0000000E+00  0.0000000E+00  0.0000000E+00  0.0000000E+00  0.0000000E+00
        50      1  0.0000000E+00  0.0000000E+00  0.0000000E+00  0.0000000E+00  0.0000000E+00  0.0000000E+00
        50      2  0.9448243E-03 -0.4191512E-03  0.0000000E+00  0.0000000E+00 -0.2791155E-03 -0.5143960E-09
        50      3  0.1820710E-02 -0.8575531E-03  0.0000000E+00  0.0000000E+00 -0.1103907E-02 -0.2037155E-08
        50      4  0.2839076E-02 -0.2380652E-02  0.0000000E+00  0.0000000E+00 -0.6743902E-02 -0.1228614E-07

        51      0  0.0000000E+00  0.0000000E+00  0.0000000E+00  0.0000000E+00  0.0000000E+00  0.0000000E+00
        51      1  0.0000000E+00  0.0000000E+00  0.0000000E+00  0.0000000E+00  0.0000000E+00  0.0000000E+00
        51      2 -0.1052163E-02  0.7473573E-04  0.0000000E+00  0.0000000E+00 -0.2852131E-03 -0.5243511E-09
        51      3 -0.2114451E-02  0.2005358E-03  0.0000000E+00  0.0000000E+00 -0.1128895E-02 -0.2081819E-08
        51      4 -0.5219418E-02  0.1463800E-02  0.0000000E+00  0.0000000E+00 -0.6868504E-02 -0.1275674E-07

        52      0  0.0000000E+00  0.0000000E+00  0.0000000E+00  0.0000000E+00  0.0000000E+00  0.0000000E+00
        52      1  0.0000000E+00  0.0000000E+00  0.0000000E+00  0.0000000E+00  0.0000000E+00  0.0000000E+00
        52      2  0.4464276E-03  0.3173680E-03  0.0000000E+00  0.0000000E+00 -0.2887241E-03 -0.5232652E-09
        52      3  0.1012058E-02  0.5801997E-03  0.0000000E+00  0.0000000E+00 -0.1148383E-02 -0.2077321E-08
        52      4  0.4434437E-02  0.4237373E-03  0.0000000E+00  0.0000000E+00 -0.7033593E-02 -0.1281901E-07

        53      0  0.0000000E+00  0.0000000E+00  0.0000000E+00  0.0000000E+00  0.0000000E+00  0.0000000E+00
        53      1  0.0000000E+00  0.0000000E+00  0.0000000E+00  0.0000000E+00  0.0000000E+00  0.0000000E+00
        53      2  0.4802095E-03 -0.4938440E-03  0.0000000E+00  0.0000000E+00 -0.2964502E-03 -0.5373714E-09
        53      3  0.8359478E-03 -0.9786373E-03  0.0000000E+00  0.0000000E+00 -0.1171703E-02 -0.2128903E-08
        53      4 -0.2689285E-03 -0.2162153E-02  0.0000000E+00  0.0000000E+00 -0.7169057E-02 -0.1290106E-07

        54      0  0.0000000E+00  0.0000000E+00  0.0000000E+00  0.0000000E+00  0.0000000E+00  0.0000000E+00
        54      1  0.0000000E+00  0.0000000E+00  0.0000000E+00  0.0000000E+00  0.0000000E+00  0.0000000E+00
        54      2 -0.1064320E-02  0.3283183E-03  0.0000000E+00  0.0000000E+00 -0.2991850E-03 -0.5579108E-09
        54      3 -0.2069978E-02  0.7014620E-03  0.0000000E+00  0.0000000E+00 -0.1186657E-02 -0.2212250E-08
        54      4 -0.3840103E-02  0.2369559E-02  0.0000000E+00  0.0000000E+00 -0.7244355E-02 -0.1336230E-07

        55      0  0.0000000E+00  0.0000000E+00  0.0000000E+00  0.0000000E+00  0.0000000E+00  0.0000000E+00
        55      1  0.0000000E+00  0.0000000E+00  0.0000000E+00  0.0000000E+00  0.0000000E+00  0.0000000E+00
        55      2  0.9256923E-03  0.6453934E-04  0.0000000E+00  0.0000000E+00 -0.3058785E-03 -0.5615756E-09
        55      3  0.1932484E-02  0.6056346E-04  0.0000000E+00  0.0000000E+00 -0.1214423E-02 -0.2231802E-08
        55      4  0.5654462E-02 -0.9412027E-03  0.0000000E+00  0.0000000E+00 -0.7412400E-02 -0.1372363E-07

        56      0  0.0000000E+00  0.0000000E+00  0.0000000E+00  0.0000000E+00  0.0000000E+00  0.0000000E+00
        56      1  0.0000000E+00  0.0000000E+00  0.0000000E+00  0.0000000E+00  0.0000000E+00  0.0000000E+00
        56      2 -0.1288638E-03 -0.4180755E-03  0.0000000E+00  0.0000000E+00 -0.3139467E-03 -0.5634691E-09
        56      3 -0.3928796E-03 -0.8018405E-03  0.0000000E+00  0.0000000E+00 -0.1240910E-02 -0.2235512E-08
        56      4 -0.3188896E-02 -0.1197175E-02  0.0000000E+00  0.0000000E+00 -0.7580206E-02 -0.1368795E-07

        57      0  0.0000000E+00  0.0000000E+00  0.0000000E+00  0.0000000E+00  0.0000000E+00  0.0000000E+00
        57      1  0.0000000E+00  0.0000000E+00  0.0000000E+00  0.0000000E+00  0.0000000E+00  0.0000000E+00
        57      2 -0.7477814E-03  0.4786316E-03  0.0000000E+00  0.0000000E+00 -0.3141207E-03 -0.5826135E-09
        57      3 -0.1378392E-02  0.9749358E-03  0.0000000E+00  0.0000000E+00 -0.1248418E-02 -0.2306546E-08
        57      4 -0.1095002E-02  0.2387521E-02  0.0000000E+00  0.0000000E+00 -0.7655494E-02 -0.1386757E-07

        58      0  0.0000000E+00  0.0000000E+00  0.0000000E+00  0.0000000E+00  0.0000000E+00  0.0000000E+00
        58      1  0.0000000E+00  0.0000000E+00  0.0000000E+00  0.0000000E+00  0.0000000E+00  0.0000000E+00
        58      2  0.1117139E-02 -0.2057644E-03  0.0000000E+00  0.0000000E+00 -0.3222807E-03 -0.5985682E-09
        58      3  0.2240879E-02 -0.4685896E-03  0.0000000E+00  0.0000000E+00 -0.1277124E-02 -0.2374937E-08
        58      4  0.4863460E-02 -0.1972537E-02  0.0000000E+00  0.0000000E+00 -0.7790258E-02 -0.1441351E-07

        59      0  0.0000000E+00  0.0000000E+00  0.0000000E+00  0.0000000E+00  0.0000000E+00  0.0000000E+00
        59      1  0.0000000E+00  0.0000000E+00  0.0000000E+00  0.0000000E+00  0.0000000E+00  0.0000000E+00
        59      2 -0.6939052E-03 -0.2123891E-03  0.0000000E+00  0.0000000E+00 -0.3302954E-03 -0.5978887E-09
        59      3 -0.1483630E-02 -0.3701867E-03  0.0000000E+00  0.0000000E+00 -0.1306242E-02 -0.2374336E-08
        59      4 -0.4995745E-02  0.2423442E-03  0.0000000E+00  0.0000000E+00 -0.7953983E-02 -0.1463219E-07

        60      0  0.0000000E+00  0.0000000E+00  0.0000000E+00  0.0000000E+00  0.0000000E+00  0.0000000E+00
        60      1  0.0000000E+00  0.0000000E+00  0.0000000E+00  0.0000000E+00  0.0000000E+00  0.0000000E+00
        60      2 -0.1970803E-03  0.4776168E-03  0.0000000E+00  0.0000000E+00 -0.3307282E-03 -0.6054437E-09
        60      3 -0.2430543E-03  0.9304566E-03  0.0000000E+00  0.0000000E+00 -0.1315758E-02 -0.2397874E-08
        60      4  0.2130612E-02  0.1550857E-02  0.0000000E+00  0.0000000E+00 -0.8078181E-02 -0.1461466E-07

        61      0  0.0000000E+00  0.0000000E+00  0.0000000E+00  0.0000000E+00  0.0000000E+00  0.0000000E+00
        61      1  0.0000000E+00  0.0000000E+00  0.0000000E+00  0.0000000E+00  0.0000000E+00  0.0000000E+00
        61      2  0.9601993E-03 -0.4122291E-03  0.0000000E+00  0.0000000E+00 -0.3387155E-03 -0.6273852E-09
        61      3  0.1836881E-02 -0.8517317E-03  0.0000000E+00  0.0000000E+00 -0.1340543E-02 -0.2484807E-08
        61      4  0.2432554E-02 -0.2396835E-02  0.0000000E+00  0.0000000E+00 -0.8194468E-02 -0.1498818E-07

        62      0  0.0000000E+00  0.0000000E+00  0.0000000E+00  0.0000000E+00  0.0000000E+00  0.0000000E+00
        62      1  0.0000000E+00  0.0000000E+00  0.0000000E+00  0.0000000E+00  0.0000000E+00  0.0000000E+00
        62      2 -0.1043253E-02  0.6169236E-04  0.0000000E+00  0.0000000E+00 -0.3448913E-03 -0.6367278E-09
        62      3 -0.2107742E-02  0.1882124E-03  0.0000000E+00  0.0000000E+00 -0.1365489E-02 -0.2528317E-08
        62      4 -0.5129456E-02  0.1633628E-02  0.0000000E+00  0.0000000E+00 -0.8309758E-02 -0.1548090E-07

        63      0  0.0000000E+00  0.0000000E+00  0.0000000E+00  0.0000000E+00  0.0000000E+00  0.0000000E+00
        63      1  0.0000000E+00  0.0000000E+00  0.0000000E+00  0.0000000E+00  0.0000000E+00  0.0000000E+00
        63      2  0.4193595E-03  0.3273363E-03  0.0000000E+00  0.0000000E+00 -0.3481839E-03 -0.6357535E-09
        63      3  0.9870720E-03  0.5902002E-03  0.0000000E+00  0.0000000E+00 -0.1384528E-02 -0.2523875E-08
        63      4  0.4716017E-02  0.2271698E-03  0.0000000E+00  0.0000000E+00 -0.8477172E-02 -0.1557711E-07

        64      0  0.0000000E+00  0.0000000E+00  0.0000000E+00  0.0000000E+00  0.0000000E+00  0.0000000E+00
        64      1  0.0000000E+00  0.0000000E+00  0.0000000E+00  0.0000000E+00  0.0000000E+00  0.0000000E+00
        64      2  0.5064529E-03 -0.4936858E-03  0.0000000E+00  0.0000000E+00 -0.3558526E-03 -0.6504356E-09
        64      3  0.8615161E-03 -0.9791696E-03  0.0000000E+00  0.0000000E+00 -0.1407606E-02 -0.2576593E-08
        64      4 -0.7119044E-03 -0.2069412E-02  0.0000000E+00  0.0000000E+00 -0.8616256E-02 -0.1562051E-07

        65      0  0.0000000E+00  0.0000000E+00  0.0000000E+00  0.0000000E+00  0.0000000E+00  0.0000000E+00
        65      1  0.0000000E+00  0.0000000E+00  0.0000000E+00  0.0000000E+00  0.0000000E+00  0.0000000E+00
        65      2 -0.1071410E-02  0.3182526E-03  0.0000000E+00  0.0000000E+00 -0.3586914E-03 -0.6706948E-09
        65      3 -0.2078286E-02  0.6924051E-03  0.0000000E+00  0.0000000E+00 -0.1422569E-02 -0.2659571E-08
        65      4 -0.3522720E-02  0.2429298E-02  0.0000000E+00  0.0000000E+00 -0.8686509E-02 -0.1605191E-07

        66      0  0.0000000E+00  0.0000000E+00  0.0000000E+00  0.0000000E+00  0.0000000E+00  0.0000000E+00
        66      1  0.0000000E+00  0.0000000E+00  0.0000000E+00  0.0000000E+00  0.0000000E+00  0.0000000E+00
        66      2  0.9088594E-03  0.7736744E-04  0.0000000E+00  0.0000000E+00 -0.3652107E-03 -0.6738763E-09
        66      3  0.1918064E-02  0.7267103E-04  0.0000000E+00  0.0000000E+00 -0.1450006E-02 -0.2678141E-08
        66      4  0.5665343E-02 -0.1113265E-02  0.0000000E+00  0.0000000E+00 -0.8849847E-02 -0.1645487E-07

        67      0  0.0000000E+00  0.0000000E+00  0.0000000E+00  0.0000000E+00  0.0000000E+00  0.0000000E+00
        67      1  0.0000000E+00  0.0000000E+00  0.0000000E+00  0.0000000E+00  0.0000000E+00  0.0000000E+00
        67      2 -0.9997906E-04 -0.4248199E-03  0.0000000E+00  0.0000000E+00 -0.3732035E-03 -0.6762129E-09
        67      3 -0.3660566E-03 -0.8087654E-03  0.0000000E+00  0.0000000E+00 -0.1476183E-02 -0.2682585E-08
        67      4 -0.3525970E-02 -0.1014422E-02  0.0000000E+00  0.0000000E+00 -0.9018862E-02 -0.1643604E-07

        68      0  0.0000000E+00  0.0000000E+00  0.0000000E+00  0.0000000E+00  0.0000000E+00  0.0000000E+00
        68      1  0.0000000E+00  0.0000000E+00  0.0000000E+00  0.0000000E+00  0.0000000E+00  0.0000000E+00
        68      2 -0.7688031E-03  0.4747947E-03  0.0000000E+00  0.0000000E+00 -0.3733879E-03 -0.6957243E-09
        68      3 -0.1399364E-02  0.9722165E-03  0.0000000E+00  0.0000000E+00 -0.1483546E-02 -0.2754436E-08
        68      4 -0.6485281E-03  0.2316129E-02  0.0000000E+00  0.0000000E+00 -0.9097692E-02 -0.1657473E-07

        69      0  0.0000000E+00  0.0000000E+00  0.0000000E+00  0.0000000E+00  0.0000000E+00  0.0000000E+00
        69      1  0.0000000E+00  0.0000000E+00  0.0000000E+00  0.0000000E+00  0.0000000E+00  0.0000000E+00
        69      2  0.1115912E-02 -0.1940043E-03  0.0000000E+00  0.0000000E+00 -0.3814695E-03 -0.7111408E-09
        69      3  0.2241837E-02 -0.4580538E-03  0.0000000E+00  0.0000000E+00 -0.1512089E-02 -0.2821894E-08
        69      4  0.4604579E-02 -0.2072836E-02  0.0000000E+00  0.0000000E+00 -0.9226511E-02 -0.1711861E-07

        70      0  0.0000000E+00  0.0000000E+00  0.0000000E+00  0.0000000E+00  0.0000000E+00  0.0000000E+00
        70      1  0.0000000E+00  0.0000000E+00  0.0000000E+00  0.0000000E+00  0.0000000E+00  0.0000000E+00
        70      2 -0.6712253E-03 -0.2240970E-03  0.0000000E+00  0.0000000E+00 -0.3894644E-03 -0.7102584E-09
        70      3 -0.1463733E-02 -0.3816052E-03  0.0000000E+00  0.0000000E+00 -0.1540992E-02 -0.2820753E-08
        70      4 -0.5122023E-02  0.4531231E-03  0.0000000E+00  0.0000000E+00 -0.9384235E-02 -0.1738577E-07

        71      0  0.0000000E+00  0.0000000E+00  0.0000000E+00  0.0000000E+00  0.0000000E+00  0.0000000E+00
        71      1  0.0000000E+00  0.0000000E+00  0.0000000E+00  0.0000000E+00  0.0000000E+00  0.0000000E+00
        71      2 -0.2256871E-03  0.4811942E-03  0.0000000E+00  0.0000000E+00 -0.3897604E-03 -0.7184004E-09
        71      3 -0.2703938E-03  0.9348854E-03  0.0000000E+00  0.0000000E+00 -0.1550141E-02 -0.2845325E-08
        71      4  0.2556481E-02  0.1384460E-02  0.0000000E+00  0.0000000E+00 -0.9514958E-02 -0.1736428E-07

        72      0  0.0000000E+00  0.0000000E+00  0.0000000E+00  0.0000000E+00  0.0000000E+00  0.0000000E+00
        72      1  0.0000000E+00  0.0000000E+00  0.0000000E+00  0.0000000E+00  0.0000000E+00  0.0000000E+00
        72      2  0.9749125E-03 -0.4050289E-03  0.0000000E+00  0.0000000E+00 -0.3977161E-03 -0.7403606E-09
        72      3  0.1852769E-02 -0.8457848E-03  0.0000000E+00  0.0000000E+00 -0.1574795E-02 -0.2932450E-08
        72      4  0.2011964E-02 -0.2398103E-02  0.0000000E+00  0.0000000E+00 -0.9630862E-02 -0.1769140E-07

        73      0  0.0000000E+00  0.0000000E+00  0.0000000E+00  0.0000000E+00  0.0000000E+00  0.0000000E+00
        73      1  0.0000000E+00  0.0000000E+00  0.0000000E+00  0.0000000E+00  0.0000000E+00  0.0000000E+00
        73      2 -0.1033627E-02  0.4861038E-04  0.0000000E+00  0.0000000E+00 -0.4039669E-03 -0.7490929E-09
        73      3 -0.2100711E-02  0.1758625E-03  0.0000000E+00  0.0000000E+00 -0.1599698E-02 -0.2974803E-08
        73      4 -0.5004612E-02  0.1791441E-02  0.0000000E+00  0.0000000E+00 -0.9736912E-02 -0.1819876E-07

        74      0  0.0000000E+00  0.0000000E+00  0.0000000E+00  0.0000000E+00  0.0000000E+00  0.0000000E+00
        74      1  0.0000000E+00  0.0000000E+00  0.0000000E+00  0.0000000E+00  0.0000000E+00  0.0000000E+00
        74      2  0.3920089E-03  0.3370828E-03  0.0000000E+00  0.0000000E+00 -0.4070426E-03 -0.7482606E-09
        74      3  0.9619385E-03  0.6001137E-03  0.0000000E+00  0.0000000E+00 -0.1618290E-02 -0.2970443E-08
        74      4  0.4964597E-02  0.3040771E-04  0.0000000E+00  0.0000000E+00 -0.9905631E-02 -0.1833315E-07

        75      0  0.0000000E+00  0.0000000E+00  0.0000000E+00  0.0000000E+00  0.0000000E+00  0.0000000E+00
        75      1  0.0000000E+00  0.0000000E+00  0.0000000E+00  0.0000000E+00  0.0000000E+00  0.0000000E+00
        75      2  0.5323567E-03 -0.4931931E-03  0.0000000E+00  0.0000000E+00 -0.4146561E-03 -0.7635064E-09
        75      3  0.8869607E-03 -0.9795554E-03  0.0000000E+00  0.0000000E+00 -0.1641131E-02 -0.3024291E-08
        75      4 -0.1148196E-02 -0.1961933E-02  0.0000000E+00  0.0000000E+00 -0.1004851E-01 -0.1834380E-07

        76      0  0.0000000E+00  0.0000000E+00  0.0000000E+00  0.0000000E+00  0.0000000E+00  0.0000000E+00
        76      1  0.0000000E+00  0.0000000E+00  0.0000000E+00  0.0000000E+00  0.0000000E+00  0.0000000E+00
        76      2 -0.1077764E-02  0.3079637E-03  0.0000000E+00  0.0000000E+00 -0.4176010E-03 -0.7834571E-09
        76      3 -0.2086274E-02  0.6832372E-03  0.0000000E+00  0.0000000E+00 -0.1656105E-02 -0.3106872E-08
        76      4 -0.3179778E-02  0.2470563E-02  0.0000000E+00  0.0000000E+00 -0.1011490E-01 -0.1874038E-07

        77      0  0.0000000E+00  0.0000000E+00  0.0000000E+00  0.0000000E+00  0.0000000E+00  0.0000000E+00
        77      1  0.0000000E+00  0.0000000E+00  0.0000000E+00  0.0000000E+00  0.0000000E+00  0.0000000E+00
        77      2  0.8913963E-03  0.9014854E-04  0.0000000E+00  0.0000000E+00 -0.4239426E-03 -0.7861748E-09
        77      3  0.1903344E-02  0.8477267E-04  0.0000000E+00  0.0000000E+00 -0.1683212E-02 -0.3124475E-08
        77      4  0.5635408E-02 -0.1277625E-02  0.0000000E+00  0.0000000E+00 -0.1027288E-01 -0.1918145E-07

        78      0  0.0000000E+00  0.0000000E+00  0.0000000E+00  0.0000000E+00  0.0000000E+00  0.0000000E+00
        78      1  0.0000000E+00  0.0000000E+00  0.0000000E+00  0.0000000E+00  0.0000000E+00  0.0000000E+00
        78      2 -0.7101521E-04 -0.4312703E-03  0.0000000E+00  0.0000000E+00 -0.4318599E-03 -0.7889766E-09
        78      3 -0.3391691E-03 -0.8155634E-03  0.0000000E+00  0.0000000E+00 -0.1709081E-02 -0.3129675E-08
        78      4 -0.3838575E-02 -0.8232085E-03  0.0000000E+00  0.0000000E+00 -0.1044222E-01 -0.1918722E-07

        79      0  0.0000000E+00  0.0000000E+00  0.0000000E+00  0.0000000E+00  0.0000000E+00  0.0000000E+00
        79      1  0.0000000E+00  0.0000000E+00  0.0000000E+00  0.0000000E+00  0.0000000E+00  0.0000000E+00
        79      2 -0.7892883E-03  0.4706224E-03  0.0000000E+00  0.0000000E+00 -0.4320618E-03 -0.8088294E-09
        79      3 -0.1420114E-02  0.9693401E-03  0.0000000E+00  0.0000000E+00 -0.1716307E-02 -0.3202324E-08
        79      4 -0.1952872E-03  0.2228231E-02  0.0000000E+00  0.0000000E+00 -0.1052554E-01 -0.1928796E-07

        80      0  0.0000000E+00  0.0000000E+00  0.0000000E+00  0.0000000E+00  0.0000000E+00  0.0000000E+00
        80      1  0.0000000E+00  0.0000000E+00  0.0000000E+00  0.0000000E+00  0.0000000E+00  0.0000000E+00
        80      2  0.1113907E-02 -0.1821095E-03  0.0000000E+00  0.0000000E+00 -0.4400616E-03 -0.8236941E-09
        80      3  0.2242443E-02 -0.4474474E-03  0.0000000E+00  0.0000000E+00 -0.1744687E-02 -0.3268834E-08
        80      4  0.4315023E-02 -0.2160568E-02  0.0000000E+00  0.0000000E+00 -0.1064891E-01 -0.1982190E-07

        81      0  0.0000000E+00  0.0000000E+00  0.0000000E+00  0.0000000E+00  0.0000000E+00  0.0000000E+00
        81      1  0.0000000E+00  0.0000000E+00  0.0000000E+00  0.0000000E+00  0.0000000E+00  0.0000000E+00
        81      2 -0.6480801E-03 -0.2356438E-03  0.0000000E+00  0.0000000E+00 -0.4480330E-03 -0.8226398E-09
        81      3 -0.1443609E-02 -0.3929587E-03  0.0000000E+00  0.0000000E+00 -0.1773372E-02 -0.3267179E-08
        81      4 -0.5214032E-02  0.6613570E-03  0.0000000E+00  0.0000000E+00 -0.1079976E-01 -0.2013645E-07

        82      0  0.0000000E+00  0.0000000E+00  0.0000000E+00  0.0000000E+00  0.0000000E+00  0.0000000E+00
        82      1  0.0000000E+00  0.0000000E+00  0.0000000E+00  0.0000000E+00  0.0000000E+00  0.0000000E+00
        82      2 -0.2541268E-03  0.4844358E-03  0.0000000E+00  0.0000000E+00 -0.4481991E-03 -0.8313746E-09
        82      3 -0.2976815E-03  0.9391672E-03  0.0000000E+00  0.0000000E+00 -0.1782161E-02 -0.3292794E-08
        82      4  0.2966547E-02  0.1209722E-02  0.0000000E+00  0.0000000E+00 -0.1093671E-01 -0.2011778E-07

        83      0  0.0000000E+00  0.0000000E+00  0.0000000E+00  0.0000000E+00  0.0000000E+00  0.0000000E+00
        83      1  0.0000000E+00  0.0000000E+00  0.0000000E+00  0.0000000E+00  0.0000000E+00  0.0000000E+00
        83      2  0.9889533E-03 -0.3975555E-03  0.0000000E+00  0.0000000E+00 -0.4561234E-03 -0.8533215E-09
        83      3  0.1868373E-02 -0.8397132E-03  0.0000000E+00  0.0000000E+00 -0.1806687E-02 -0.3380084E-08
        83      4  0.1580213E-02 -0.2384230E-02  0.0000000E+00  0.0000000E+00 -0.1105314E-01 -0.2039622E-07

        84      0  0.0000000E+00  0.0000000E+00  0.0000000E+00  0.0000000E+00  0.0000000E+00  0.0000000E+00
        84      1  0.0000000E+00  0.0000000E+00  0.0000000E+00  0.0000000E+00  0.0000000E+00  0.0000000E+00
        84      2 -0.1023293E-02  0.3549910E-04  0.0000000E+00  0.0000000E+00 -0.4624460E-03 -0.8614473E-09
        84      3 -0.2093360E-02  0.1634882E-03  0.0000000E+00  0.0000000E+00 -0.1831546E-02 -0.3421277E-08
        84      4 -0.4845513E-02  0.1935936E-02  0.0000000E+00  0.0000000E+00 -0.1115021E-01 -0.2091044E-07

        85      0  0.0000000E+00  0.0000000E+00  0.0000000E+00  0.0000000E+00  0.0000000E+00  0.0000000E+00
        85      1  0.0000000E+00  0.0000000E+00  0.0000000E+00  0.0000000E+00  0.0000000E+00  0.0000000E+00
        85      2  0.3643952E-03  0.3466005E-03  0.0000000E+00  0.0000000E+00 -0.4653062E-03 -0.8607873E-09
        85      3  0.9366619E-03  0.6099386E-03  0.0000000E+00  0.0000000E+00 -0.1849691E-02 -0.3417027E-08
        85      4  0.5178059E-02 -0.1652949E-03  0.0000000E+00  0.0000000E+00 -0.1131918E-01 -0.2108637E-07

        86      0  0.0000000E+00  0.0000000E+00  0.0000000E+00  0.0000000E+00  0.0000000E+00  0.0000000E+00
        86      1  0.0000000E+00  0.0000000E+00  0.0000000E+00  0.0000000E+00  0.0000000E+00  0.0000000E+00
        86      2  0.5579029E-03 -0.4923664E-03  0.0000000E+00  0.0000000E+00 -0.4728670E-03 -0.8765827E-09
        86      3  0.9122777E-03 -0.9797949E-03  0.0000000E+00  0.0000000E+00 -0.1872301E-02 -0.3471995E-08
        86      4 -0.1575017E-02 -0.1840186E-02  0.0000000E+00  0.0000000E+00 -0.1146587E-01 -0.2107114E-07

        87      0  0.0000000E+00  0.0000000E+00  0.0000000E+00  0.0000000E+00  0.0000000E+00  0.0000000E+00
        87      1  0.0000000E+00  0.0000000E+00  0.0000000E+00  0.0000000E+00  0.0000000E+00  0.0000000E+00
        87      2 -0.1083377E-02  0.2974589E-03  0.0000000E+00  0.0000000E+00 -0.4759197E-03 -0.8961975E-09
        87      3 -0.2093940E-02  0.6739599E-03  0.0000000E+00  0.0000000E+00 -0.1887290E-02 -0.3554154E-08
        87      4 -0.2813439E-02  0.2493095E-02  0.0000000E+00  0.0000000E+00 -0.1152964E-01 -0.2142896E-07

        88      0  0.0000000E+00  0.0000000E+00  0.0000000E+00  0.0000000E+00  0.0000000E+00  0.0000000E+00
        88      1  0.0000000E+00  0.0000000E+00  0.0000000E+00  0.0000000E+00  0.0000000E+00  0.0000000E+00
        88      2  0.8733156E-03  0.1028739E-03  0.0000000E+00  0.0000000E+00 -0.4820803E-03 -0.8984722E-09
        88      3  0.1888326E-02  0.9686657E-04  0.0000000E+00  0.0000000E+00 -0.1914065E-02 -0.3570803E-08
        88      4  0.5565079E-02 -0.1433421E-02  0.0000000E+00  0.0000000E+00 -0.1168176E-01 -0.2190353E-07

        89      0  0.0000000E+00  0.0000000E+00  0.0000000E+00  0.0000000E+00  0.0000000E+00  0.0000000E+00
        89      1  0.0000000E+00  0.0000000E+00  0.0000000E+00  0.0000000E+00  0.0000000E+00  0.0000000E+00
        89      2 -0.4199196E-04 -0.4374225E-03  0.0000000E+00  0.0000000E+00 -0.4899222E-03 -0.9017600E-09
        89      3 -0.3122211E-03 -0.8222335E-03  0.0000000E+00  0.0000000E+00 -0.1939628E-02 -0.3576782E-08
        89      4 -0.4124780E-02 -0.6248934E-03  0.0000000E+00  0.0000000E+00 -0.1185044E-01 -0.2194090E-07

        90      0  0.0000000E+00  0.0000000E+00  0.0000000E+00  0.0000000E+00  0.0000000E+00  0.0000000E+00
        90      1  0.0000000E+00  0.0000000E+00  0.0000000E+00  0.0000000E+00  0.0000000E+00  0.0000000E+00
        90      2 -0.8092235E-03  0.4661175E-03  0.0000000E+00  0.0000000E+00 -0.4901484E-03 -0.9219275E-09
        90      3 -0.1440639E-02  0.9663071E-03  0.0000000E+00  0.0000000E+00 -0.1946723E-02 -0.3650208E-08
        90      4  0.2616535E-03  0.2124718E-02  0.0000000E+00  0.0000000E+00 -0.1193906E-01 -0.2200758E-07

        91      0  0.0000000E+00  0.0000000E+00  0.0000000E+00  0.0000000E+00  0.0000000E+00  0.0000000E+00
        91      1  0.0000000E+00  0.0000000E+00  0.0000000E+00  0.0000000E+00  0.0000000E+00  0.0000000E+00
        91      2  0.1111127E-02 -0.1700880E-03  0.0000000E+00  0.0000000E+00 -0.4980629E-03 -0.9362282E-09
        91      3  0.2242696E-02 -0.4367719E-03  0.0000000E+00  0.0000000E+00 -0.1974939E-02 -0.3715757E-08
        91      4  0.3997222E-02 -0.2235256E-02  0.0000000E+00  0.0000000E+00 -0.1205762E-01 -0.2252391E-07

        92      0  0.0000000E+00  0.0000000E+00  0.0000000E+00  0.0000000E+00  0.0000000E+00  0.0000000E+00
        92      1  0.0000000E+00  0.0000000E+00  0.0000000E+00  0.0000000E+00  0.0000000E+00  0.0000000E+00
        92      2 -0.6244849E-03 -0.2470216E-03  0.0000000E+00  0.0000000E+00 -0.5060073E-03 -0.9350337E-09
        92      3 -0.1423261E-02 -0.4042456E-03  0.0000000E+00  0.0000000E+00 -0.2003406E-02 -0.3713613E-08
        92      4 -0.5271169E-02  0.8654116E-03  0.0000000E+00  0.0000000E+00 -0.1220084E-01 -0.2288333E-07

        93      0  0.0000000E+00  0.0000000E+00  0.0000000E+00  0.0000000E+00  0.0000000E+00  0.0000000E+00
        93      1  0.0000000E+00  0.0000000E+00  0.0000000E+00  0.0000000E+00  0.0000000E+00  0.0000000E+00
        93      2 -0.2823798E-03  0.4873389E-03  0.0000000E+00  0.0000000E+00 -0.5060503E-03 -0.9443656E-09
        93      3 -0.3249133E-03  0.9433013E-03  0.0000000E+00  0.0000000E+00 -0.2011840E-02 -0.3740281E-08
        93      4  0.3357705E-02  0.1027976E-02  0.0000000E+00  0.0000000E+00 -0.1234353E-01 -0.2287422E-07

        94      0  0.0000000E+00  0.0000000E+00  0.0000000E+00  0.0000000E+00  0.0000000E+00  0.0000000E+00
        94      1  0.0000000E+00  0.0000000E+00  0.0000000E+00  0.0000000E+00  0.0000000E+00  0.0000000E+00
        94      2  0.1002312E-02 -0.3898138E-03  0.0000000E+00  0.0000000E+00 -0.5139434E-03 -0.9662672E-09
        94      3  0.1883690E-02 -0.8335179E-03  0.0000000E+00  0.0000000E+00 -0.2036242E-02 -0.3827707E-08
        94      4  0.1140226E-02 -0.2355049E-02  0.0000000E+00  0.0000000E+00 -0.1246134E-01 -0.2310307E-07

        95      0  0.0000000E+00  0.0000000E+00  0.0000000E+00  0.0000000E+00  0.0000000E+00  0.0000000E+00
        95      1  0.0000000E+00  0.0000000E+00  0.0000000E+00  0.0000000E+00  0.0000000E+00  0.0000000E+00
        95      2 -0.1012258E-02  0.2236786E-04  0.0000000E+00  0.0000000E+00 -0.5203343E-03 -0.9737921E-09
        95      3 -0.2085690E-02  0.1510916E-03  0.0000000E+00  0.0000000E+00 -0.2061056E-02 -0.3867740E-08
        95      4 -0.4653008E-02  0.2065916E-02  0.0000000E+00  0.0000000E+00 -0.1254987E-01 -0.2361626E-07

        96      0  0.0000000E+00  0.0000000E+00  0.0000000E+00  0.0000000E+00  0.0000000E+00  0.0000000E+00
        96      1  0.0000000E+00  0.0000000E+00  0.0000000E+00  0.0000000E+00  0.0000000E+00  0.0000000E+00
        96      2  0.3365377E-03  0.3558827E-03  0.0000000E+00  0.0000000E+00 -0.5229809E-03 -0.9733340E-09
        96      3  0.9112464E-03  0.6196733E-03  0.0000000E+00  0.0000000E+00 -0.2078757E-02 -0.3863627E-08
        96      4  0.5354577E-02 -0.3587232E-03  0.0000000E+00  0.0000000E+00 -0.1271804E-01 -0.2383609E-07

        97      0  0.0000000E+00  0.0000000E+00  0.0000000E+00  0.0000000E+00  0.0000000E+00  0.0000000E+00
        97      1  0.0000000E+00  0.0000000E+00  0.0000000E+00  0.0000000E+00  0.0000000E+00  0.0000000E+00
        97      2  0.5830734E-03 -0.4912066E-03  0.0000000E+00  0.0000000E+00 -0.5304912E-03 -0.9896636E-09
        97      3  0.9374632E-03 -0.9798881E-03  0.0000000E+00  0.0000000E+00 -0.2101139E-02 -0.3919706E-08
        97      4 -0.1989651E-02 -0.1704773E-02  0.0000000E+00  0.0000000E+00 -0.1286837E-01 -0.2380267E-07

        98      0  0.0000000E+00  0.0000000E+00  0.0000000E+00  0.0000000E+00  0.0000000E+00  0.0000000E+00
        98      1  0.0000000E+00  0.0000000E+00  0.0000000E+00  0.0000000E+00  0.0000000E+00  0.0000000E+00
        98      2 -0.1088245E-02  0.2867459E-03  0.0000000E+00  0.0000000E+00 -0.5336532E-03 -0.1008916E-08
        98      3 -0.2101285E-02  0.6645746E-03  0.0000000E+00  0.0000000E+00 -0.2116148E-02 -0.4001415E-08
        98      4 -0.2426046E-02  0.2496820E-02  0.0000000E+00  0.0000000E+00 -0.1293081E-01 -0.2411889E-07

        99      0  0.0000000E+00  0.0000000E+00  0.0000000E+00  0.0000000E+00  0.0000000E+00  0.0000000E+00
        99      1  0.0000000E+00  0.0000000E+00  0.0000000E+00  0.0000000E+00  0.0000000E+00  0.0000000E+00
        99      2  0.8546300E-03  0.1155348E-03  0.0000000E+00  0.0000000E+00 -0.5396295E-03 -0.1010770E-08
        99      3  0.1873013E-02  0.1089509E-03  0.0000000E+00  0.0000000E+00 -0.2142589E-02 -0.4017126E-08
        99      4  0.5455144E-02 -0.1579854E-02  0.0000000E+00  0.0000000E+00 -0.1307671E-01 -0.2462141E-07

       100      0  0.0000000E+00  0.0000000E+00  0.0000000E+00  0.0000000E+00  0.0000000E+00  0.0000000E+00
       100      1  0.0000000E+00  0.0000000E+00  0.0000000E+00  0.0000000E+00  0.0000000E+00  0.0000000E+00
       100      2 -0.1292915E-04 -0.4432726E-03  0.0000000E+00  0.0000000E+00 -0.5473964E-03 -0.1014563E-08
       100      3 -0.2852166E-03 -0.8287750E-03  0.0000000E+00  0.0000000E+00 -0.2167847E-02 -0.4023905E-08
       100      4 -0.4382825E-02 -0.4209193E-03  0.0000000E+00  0.0000000E+00 -0.1324373E-01 -0.2469637E-07
