# number of rays:       5
# iteration   ray    X              A              Y              B              T              D
         0      0  0.0000000E+00  0.0000000E+00  0.0000000E+00  0.0000000E+00  0.0000000E+00  0.0000000E+00
         0      1  0.0000000E+00  0.0000000E+00  0.0000000E+00  0.0000000E+00  0.0000000E+00  0.0000000E+00
         0      2  0.1000000E-02  0.0000000E+00  0.0000000E+00  0.0000000E+00  0.0000000E+00  0.0000000E+00
         0      3  0.2000000E-02  0.0000000E+00  0.0000000E+00  0.0000000E+00  0.0000000E+00  0.0000000E+00
         0      4  0.5000000E-02  0.0000000E+00  0.0000000E+00  0.0000000E+00  0.0000000E+00  0.0000000E+00

         1      0  0.0000000E+00  0.0000000E+00  0.0000000E+00  0.0000000E+00  0.0000000E+00  0.0000000E+00
         1      1  0.0000000E+00  0.0000000E+00  0.0000000E+00  0.0000000E+00  0.0000000E+00  0.0000000E+00
         1      2 -0.2765890E-03 -0.3786931E-03  0.0000000E+00  0.0000000E+00 -0.1865082E-04 -0.1350075E-12
         1      3 -0.5457920E-03 -0.7599688E-03  0.0000000E+00  0.0000000E+00 -0.6879625E-04 -0.1028843E-11
         1      4 -0.1324404E-02 -0.1914885E-02  0.0000000E+00  0.0000000E+00 -0.4048829E-03 -0.1351892E-10

         2      0  0.0000000E+00  0.0000000E+00  0.0000000E+00  0.0000000E+00  0.0000000E+00  0.0000000E+00
         2      1  0.0000000E+00  0.0000000E+00  0.0000000E+00  0.0000000E+00  0.0000000E+00  0.0000000E+00
         2      2 -0.6350660E-03  0.4927674E-03  0.0000000E+00  0.0000000E+00 -0.3005368E-04 -0.6511691E-10
         2      3 -0.1271552E-02  0.9862621E-03  0.0000000E+00  0.0000000E+00 -0.1217513E-03 -0.2595201E-09
         2      4 -0.3161492E-02  0.2473466E-02  0.0000000E+00  0.0000000E+00 -0.7577647E-03 -0.1596972E-08

         3      0  0.0000000E+00  0.0000000E+00  0.0000000E+00  0.0000000E+00  0.0000000E+00  0.0000000E+00
         3      1  0.0000000E+00  0.0000000E+00  0.0000000E+00  0.0000000E+00  0.0000000E+00  0.0000000E+00
         3      2  0.1109887E-02 -0.2638613E-03  0.0000000E+00  0.0000000E+00 -0.4836891E-04 -0.1097042E-09
         3      3  0.2223879E-02 -0.5253711E-03  0.0000000E+00  0.0000000E+00 -0.1902956E-03 -0.4355309E-09
         3      4  0.5585925E-02 -0.1314756E-02  0.0000000E+00  0.0000000E+00 -0.1164884E-02 -0.2668272E-08

         4      0  0.0000000E+00  0.0000000E+00  0.0000000E+00  0.0000000E+00  0.0000000E+00  0.0000000E+00
         4      1  0.0000000E+00  0.0000000E+00  0.0000000E+00  0.0000000E+00  0.0000000E+00  0.0000000E+00
         4      2 -0.8061265E-03 -0.1488819E-03  0.0000000E+00  0.0000000E+00 -0.6567641E-04 -0.9553640E-10
         4      3 -0.1602247E-02 -0.3023715E-03  0.0000000E+00  0.0000000E+00 -0.2573918E-03 -0.3787637E-09
         4      4 -0.3976269E-02 -0.7619865E-03  0.0000000E+00  0.0000000E+00 -0.1572053E-02 -0.2317084E-08

         5      0  0.0000000E+00  0.0000000E+00  0.0000000E+00  0.0000000E+00  0.0000000E+00  0.0000000E+00
         5      1  0.0000000E+00  0.0000000E+00  0.0000000E+00  0.0000000E+00  0.0000000E+00  0.0000000E+00
         5      2 -0.5059173E-04  0.4554287E-03  0.0000000E+00  0.0000000E+00 -0.7766099E-04 -0.1191217E-09
         5      3 -0.1033866E-03  0.9092028E-03  0.0000000E+00  0.0000000E+00 -0.3118996E-03 -0.4727335E-09
         5      4 -0.1929181E-03  0.2246205E-02  0.0000000E+00  0.0000000E+00 -0.1932905E-02 -0.2869690E-08

         6      0  0.0000000E+00  0.0000000E+00  0.0000000E+00  0.0000000E+00  0.0000000E+00  0.0000000E+00
         6      1  0.0000000E+00  0.0000000E+00  0.0000000E+00  0.0000000E+00  0.0000000E+00  0.0000000E+00
         6      2  0.8751008E-03 -0.4464342E-03  0.0000000E+00  0.0000000E+00 -0.9665330E-04 -0.1906508E-09
         6      3  0.1748946E-02 -0.8882412E-03  0.0000000E+00  0.0000000E+00 -0.3805511E-03 -0.7580238E-09
         6      4  0.4301929E-02 -0.2205642E-02  0.0000000E+00  0.0000000E+00 -0.2332316E-02 -0.4640934E-08

         7      0  0.0000000E+00  0.0000000E+00  0.0000000E+00  0.0000000E+00  0.0000000E+00  0.0000000E+00
         7      1  0.0000000E+00  0.0000000E+00  0.0000000E+00  0.0000000E+00  0.0000000E+00  0.0000000E+00
         7      2 -0.1086706E-02  0.1284554E-03  0.0000000E+00  0.0000000E+00 -0.1117333E-03 -0.2104918E-09
         7      3 -0.2160821E-02  0.2553402E-03  0.0000000E+00  0.0000000E+00 -0.4430200E-03 -0.8382852E-09
         7      4 -0.5333311E-02  0.6767244E-03  0.0000000E+00  0.0000000E+00 -0.2726361E-02 -0.5198943E-08

         8      0  0.0000000E+00  0.0000000E+00  0.0000000E+00  0.0000000E+00  0.0000000E+00  0.0000000E+00
         8      1  0.0000000E+00  0.0000000E+00  0.0000000E+00  0.0000000E+00  0.0000000E+00  0.0000000E+00
         8      2  0.5522905E-03  0.2769333E-03  0.0000000E+00  0.0000000E+00 -0.1258006E-03 -0.1977057E-09
         8      3  0.1107985E-02  0.5475918E-03  0.0000000E+00  0.0000000E+00 -0.5030033E-03 -0.7877361E-09
         8      4  0.2905722E-02  0.1276308E-02  0.0000000E+00  0.0000000E+00 -0.3112502E-02 -0.4879081E-08

         9      0  0.0000000E+00  0.0000000E+00  0.0000000E+00  0.0000000E+00  0.0000000E+00  0.0000000E+00
         9      1  0.0000000E+00  0.0000000E+00  0.0000000E+00  0.0000000E+00  0.0000000E+00  0.0000000E+00
         9      2  0.3704436E-03 -0.4925782E-03  0.0000000E+00  0.0000000E+00 -0.1448318E-03 -0.2463842E-09
         9      3  0.7322737E-03 -0.9809116E-03  0.0000000E+00  0.0000000E+00 -0.5713586E-03 -0.9816687E-09
         9      4  0.1635296E-02 -0.2416428E-02  0.0000000E+00  0.0000000E+00 -0.3509094E-02 -0.6030741E-08

        10      0  0.0000000E+00  0.0000000E+00  0.0000000E+00  0.0000000E+00  0.0000000E+00  0.0000000E+00
        10      1  0.0000000E+00  0.0000000E+00  0.0000000E+00  0.0000000E+00  0.0000000E+00  0.0000000E+00
        10      2 -0.1033008E-02  0.3666805E-03  0.0000000E+00  0.0000000E+00 -0.1574838E-03 -0.3094055E-09
        10      3 -0.2053130E-02  0.7358902E-03  0.0000000E+00  0.0000000E+00 -0.6276087E-03 -0.1233697E-08
        10      4 -0.4984570E-02  0.1906330E-02  0.0000000E+00  0.0000000E+00 -0.3876014E-02 -0.7634086E-08

        11      0  0.0000000E+00  0.0000000E+00  0.0000000E+00  0.0000000E+00  0.0000000E+00  0.0000000E+00
        11      1  0.0000000E+00  0.0000000E+00  0.0000000E+00  0.0000000E+00  0.0000000E+00  0.0000000E+00
        11      2  0.9855142E-03  0.1402468E-04  0.0000000E+00  0.0000000E+00 -0.1739256E-03 -0.3065287E-09
        11      3  0.1978842E-02  0.2027151E-04  0.0000000E+00  0.0000000E+00 -0.6929454E-03 -0.1222623E-08
        11      4  0.5083409E-02 -0.7988260E-04  0.0000000E+00  0.0000000E+00 -0.4279233E-02 -0.7615555E-08

        12      0  0.0000000E+00  0.0000000E+00  0.0000000E+00  0.0000000E+00  0.0000000E+00  0.0000000E+00
        12      1  0.0000000E+00  0.0000000E+00  0.0000000E+00  0.0000000E+00  0.0000000E+00  0.0000000E+00
        12      2 -0.2460747E-03 -0.3875960E-03  0.0000000E+00  0.0000000E+00 -0.1924574E-03 -0.3086138E-09
        12      3 -0.5016820E-03 -0.7727584E-03  0.0000000E+00  0.0000000E+00 -0.7611180E-03 -0.1229327E-08
        12      4 -0.1497453E-02 -0.1864142E-02  0.0000000E+00  0.0000000E+00 -0.4680567E-02 -0.7573612E-08

        13      0  0.0000000E+00  0.0000000E+00  0.0000000E+00  0.0000000E+00  0.0000000E+00  0.0000000E+00
        13      1  0.0000000E+00  0.0000000E+00  0.0000000E+00  0.0000000E+00  0.0000000E+00  0.0000000E+00
        13      2 -0.6605395E-03  0.4904687E-03  0.0000000E+00  0.0000000E+00 -0.2037209E-03 -0.3748177E-09
        13      3 -0.1308378E-02  0.9829958E-03  0.0000000E+00  0.0000000E+00 -0.8134785E-03 -0.1491386E-08
        13      4 -0.3013791E-02  0.2483845E-02  0.0000000E+00  0.0000000E+00 -0.5029226E-02 -0.9118579E-08

        14      0  0.0000000E+00  0.0000000E+00  0.0000000E+00  0.0000000E+00  0.0000000E+00  0.0000000E+00
        14      1  0.0000000E+00  0.0000000E+00  0.0000000E+00  0.0000000E+00  0.0000000E+00  0.0000000E+00
        14      2  0.1112764E-02 -0.2519298E-03  0.0000000E+00  0.0000000E+00 -0.2218171E-03 -0.4170987E-09
        14      3  0.2228264E-02 -0.5082351E-03  0.0000000E+00  0.0000000E+00 -0.8813431E-03 -0.1660702E-08
        14      4  0.5561319E-02 -0.1380022E-02  0.0000000E+00  0.0000000E+00 -0.5432116E-02 -0.1025568E-07

        15      0  0.0000000E+00  0.0000000E+00  0.0000000E+00  0.0000000E+00  0.0000000E+00  0.0000000E+00
        15      1  0.0000000E+00  0.0000000E+00  0.0000000E+00  0.0000000E+00  0.0000000E+00  0.0000000E+00
        15      2 -0.7843353E-03 -0.1622729E-03  0.0000000E+00  0.0000000E+00 -0.2390533E-03 -0.4023771E-09
        15      3 -0.1570926E-02 -0.3218194E-03  0.0000000E+00  0.0000000E+00 -0.9479074E-03 -0.1602253E-08
        15      4 -0.4094333E-02 -0.6833642E-03  0.0000000E+00  0.0000000E+00 -0.5835173E-02 -0.9927037E-08

        16      0  0.0000000E+00  0.0000000E+00  0.0000000E+00  0.0000000E+00  0.0000000E+00  0.0000000E+00
        16      1  0.0000000E+00  0.0000000E+00  0.0000000E+00  0.0000000E+00  0.0000000E+00  0.0000000E+00
        16      2 -0.8206870E-04  0.4609871E-03  0.0000000E+00  0.0000000E+00 -0.2508029E-03 -0.4284037E-09
        16      3 -0.1491059E-03  0.9174884E-03  0.0000000E+00  0.0000000E+00 -0.1001627E-02 -0.1703243E-08
        16      4 -0.9813710E-05  0.2208392E-02  0.0000000E+00  0.0000000E+00 -0.6193379E-02 -0.1041221E-07

        17      0  0.0000000E+00  0.0000000E+00  0.0000000E+00  0.0000000E+00  0.0000000E+00  0.0000000E+00
        17      1  0.0000000E+00  0.0000000E+00  0.0000000E+00  0.0000000E+00  0.0000000E+00  0.0000000E+00
        17      2  0.8943900E-03 -0.4401952E-03  0.0000000E+00  0.0000000E+00 -0.2696173E-03 -0.4997306E-09
        17      3  0.1777321E-02 -0.8793166E-03  0.0000000E+00  0.0000000E+00 -0.1069650E-02 -0.1987956E-08
        17      4  0.4179811E-02 -0.2237545E-02  0.0000000E+00  0.0000000E+00 -0.6588545E-02 -0.1218439E-07

        18      0  0.0000000E+00  0.0000000E+00  0.0000000E+00  0.0000000E+00  0.0000000E+00  0.0000000E+00
        18      1  0.0000000E+00  0.0000000E+00  0.0000000E+00  0.0000000E+00  0.0000000E+00  0.0000000E+00
        18      2 -0.1080256E-02  0.1147136E-03  0.0000000E+00  0.0000000E+00 -0.2846618E-03 -0.5171612E-09
        18      3 -0.2151706E-02  0.2352878E-03  0.0000000E+00  0.0000000E+00 -0.1131693E-02 -0.2061201E-08
        18      4 -0.5360831E-02  0.7571890E-03  0.0000000E+00  0.0000000E+00 -0.6977430E-02 -0.1281332E-07

        19      0  0.0000000E+00  0.0000000E+00  0.0000000E+00  0.0000000E+00  0.0000000E+00  0.0000000E+00
        19      1  0.0000000E+00  0.0000000E+00  0.0000000E+00  0.0000000E+00  0.0000000E+00  0.0000000E+00
        19      2  0.5245620E-03  0.2885424E-03  0.0000000E+00  0.0000000E+00 -0.2984451E-03 -0.5052705E-09
        19      3  0.1067661E-02  0.5645935E-03  0.0000000E+00  0.0000000E+00 -0.1190814E-02 -0.2013181E-08
        19      4  0.3063855E-02  0.1205345E-02  0.0000000E+00  0.0000000E+00 -0.7361112E-02 -0.1247487E-07

        20      0  0.0000000E+00  0.0000000E+00  0.0000000E+00  0.0000000E+00  0.0000000E+00  0.0000000E+00
        20      1  0.0000000E+00  0.0000000E+00  0.0000000E+00  0.0000000E+00  0.0000000E+00  0.0000000E+00
        20      2  0.4000483E-03 -0.4939306E-03  0.0000000E+00  0.0000000E+00 -0.3173249E-03 -0.5560969E-09
        20      3  0.7754092E-03 -0.9828899E-03  0.0000000E+00  0.0000000E+00 -0.1258534E-02 -0.2213402E-08
        20      4  0.1459707E-02 -0.2405299E-02  0.0000000E+00  0.0000000E+00 -0.7753970E-02 -0.1355969E-07

        21      0  0.0000000E+00  0.0000000E+00  0.0000000E+00  0.0000000E+00  0.0000000E+00  0.0000000E+00
        21      1  0.0000000E+00  0.0000000E+00  0.0000000E+00  0.0000000E+00  0.0000000E+00  0.0000000E+00
        21      2 -0.1043878E-02  0.3569157E-03  0.0000000E+00  0.0000000E+00 -0.3299238E-03 -0.6176118E-09
        21      3 -0.2069025E-02  0.7217065E-03  0.0000000E+00  0.0000000E+00 -0.1314357E-02 -0.2461197E-08
        21      4 -0.4912570E-02  0.1960052E-02  0.0000000E+00  0.0000000E+00 -0.8115493E-02 -0.1519594E-07

        22      0  0.0000000E+00  0.0000000E+00  0.0000000E+00  0.0000000E+00  0.0000000E+00  0.0000000E+00
        22      1  0.0000000E+00  0.0000000E+00  0.0000000E+00  0.0000000E+00  0.0000000E+00  0.0000000E+00
        22      2  0.9702331E-03  0.2804185E-04  0.0000000E+00  0.0000000E+00 -0.3460970E-03 -0.6130621E-09
        22      3  0.1956836E-02  0.4054225E-04  0.0000000E+00  0.0000000E+00 -0.1378903E-02 -0.2445249E-08
        22      4  0.5161127E-02 -0.1595664E-03  0.0000000E+00  0.0000000E+00 -0.8515285E-02 -0.1523070E-07

        23      0  0.0000000E+00  0.0000000E+00  0.0000000E+00  0.0000000E+00  0.0000000E+00  0.0000000E+00
        23      1  0.0000000E+00  0.0000000E+00  0.0000000E+00  0.0000000E+00  0.0000000E+00  0.0000000E+00
        23      2 -0.2153567E-03 -0.3961861E-03  0.0000000E+00  0.0000000E+00 -0.3645095E-03 -0.6171812E-09
        23      3 -0.4573466E-03 -0.7852168E-03  0.0000000E+00  0.0000000E+00 -0.1446457E-02 -0.2457808E-08
        23      4 -0.1668706E-02 -0.1811291E-02  0.0000000E+00  0.0000000E+00 -0.8913101E-02 -0.1513661E-07

        24      0  0.0000000E+00  0.0000000E+00  0.0000000E+00  0.0000000E+00  0.0000000E+00  0.0000000E+00
        24      1  0.0000000E+00  0.0000000E+00  0.0000000E+00  0.0000000E+00  0.0000000E+00  0.0000000E+00
        24      2 -0.6854775E-03  0.4877714E-03  0.0000000E+00  0.0000000E+00 -0.3756403E-03 -0.6844852E-09
        24      3 -0.1344638E-02  0.9793023E-03  0.0000000E+00  0.0000000E+00 -0.1498237E-02 -0.2723184E-08
        24      4 -0.2862631E-02  0.2491363E-02  0.0000000E+00  0.0000000E+00 -0.9257678E-02 -0.1663949E-07

        25      0  0.0000000E+00  0.0000000E+00  0.0000000E+00  0.0000000E+00  0.0000000E+00  0.0000000E+00
        25      1  0.0000000E+00  0.0000000E+00  0.0000000E+00  0.0000000E+00  0.0000000E+00  0.0000000E+00
        25      2  0.1114743E-02 -0.2397965E-03  0.0000000E+00  0.0000000E+00 -0.3935165E-03 -0.7244148E-09
        25      3  0.2231693E-02 -0.4908847E-03  0.0000000E+00  0.0000000E+00 -0.1565425E-02 -0.2885710E-08
        25      4  0.5530483E-02 -0.1443814E-02  0.0000000E+00  0.0000000E+00 -0.9656353E-02 -0.1784052E-07

        26      0  0.0000000E+00  0.0000000E+00  0.0000000E+00  0.0000000E+00  0.0000000E+00  0.0000000E+00
        26      1  0.0000000E+00  0.0000000E+00  0.0000000E+00  0.0000000E+00  0.0000000E+00  0.0000000E+00
        26      2 -0.7619148E-03 -0.1755293E-03  0.0000000E+00  0.0000000E+00 -0.4106806E-03 -0.7092772E-09
        26      3 -0.1538940E-02 -0.3411215E-03  0.0000000E+00  0.0000000E+00 -0.1631459E-02 -0.2825871E-08
        26      4 -0.4207966E-02 -0.6038614E-03  0.0000000E+00  0.0000000E+00 -0.1005528E-01 -0.1753897E-07

        27      0  0.0000000E+00  0.0000000E+00  0.0000000E+00  0.0000000E+00  0.0000000E+00  0.0000000E+00
        27      1  0.0000000E+00  0.0000000E+00  0.0000000E+00  0.0000000E+00  0.0000000E+00  0.0000000E+00
        27      2 -0.1134719E-03  0.4661740E-03  0.0000000E+00  0.0000000E+00 -0.4222009E-03 -0.7377514E-09
        27      3 -0.1947454E-03  0.9253821E-03  0.0000000E+00  0.0000000E+00 -0.1684403E-02 -0.2933898E-08
        27      4  0.1735421E-03  0.2168152E-02  0.0000000E+00  0.0000000E+00 -0.1041094E-01 -0.1795756E-07

        28      0  0.0000000E+00  0.0000000E+00  0.0000000E+00  0.0000000E+00  0.0000000E+00  0.0000000E+00
        28      1  0.0000000E+00  0.0000000E+00  0.0000000E+00  0.0000000E+00  0.0000000E+00  0.0000000E+00
        28      2  0.9129624E-03 -0.4336072E-03  0.0000000E+00  0.0000000E+00 -0.4408375E-03 -0.8087368E-09
        28      3  0.1804946E-02 -0.8700284E-03  0.0000000E+00  0.0000000E+00 -0.1751804E-02 -0.3217739E-08
        28      4  0.4053241E-02 -0.2267165E-02  0.0000000E+00  0.0000000E+00 -0.1080192E-01 -0.1972584E-07

        29      0  0.0000000E+00  0.0000000E+00  0.0000000E+00  0.0000000E+00  0.0000000E+00  0.0000000E+00
        29      1  0.0000000E+00  0.0000000E+00  0.0000000E+00  0.0000000E+00  0.0000000E+00  0.0000000E+00
        29      2 -0.1072943E-02  0.1008816E-03  0.0000000E+00  0.0000000E+00 -0.4558473E-03 -0.8237904E-09
        29      3 -0.2141688E-02  0.2151395E-03  0.0000000E+00  0.0000000E+00 -0.1813425E-02 -0.3284030E-08
        29      4 -0.5382654E-02  0.8368656E-03  0.0000000E+00  0.0000000E+00 -0.1118563E-01 -0.2042585E-07

        30      0  0.0000000E+00  0.0000000E+00  0.0000000E+00  0.0000000E+00  0.0000000E+00  0.0000000E+00
        30      1  0.0000000E+00  0.0000000E+00  0.0000000E+00  0.0000000E+00  0.0000000E+00  0.0000000E+00
        30      2  0.4964158E-03  0.2999232E-03  0.0000000E+00  0.0000000E+00 -0.4693489E-03 -0.8129223E-09
        30      3  0.1026891E-02  0.5813627E-03  0.0000000E+00  0.0000000E+00 -0.1871689E-02 -0.3238805E-08
        30      4  0.3218743E-02  0.1133190E-02  0.0000000E+00  0.0000000E+00 -0.1156686E-01 -0.2007311E-07

        31      0  0.0000000E+00  0.0000000E+00  0.0000000E+00  0.0000000E+00  0.0000000E+00  0.0000000E+00
        31      1  0.0000000E+00  0.0000000E+00  0.0000000E+00  0.0000000E+00  0.0000000E+00  0.0000000E+00
        31      2  0.4293392E-03 -0.4948898E-03  0.0000000E+00  0.0000000E+00 -0.4880778E-03 -0.8658225E-09
        31      3  0.8182314E-03 -0.9844584E-03  0.0000000E+00  0.0000000E+00 -0.1938781E-02 -0.3445162E-08
        31      4  0.1282778E-02 -0.2391640E-02  0.0000000E+00  0.0000000E+00 -0.1195605E-01 -0.2108929E-07

        32      0  0.0000000E+00  0.0000000E+00  0.0000000E+00  0.0000000E+00  0.0000000E+00  0.0000000E+00
        32      1  0.0000000E+00  0.0000000E+00  0.0000000E+00  0.0000000E+00  0.0000000E+00  0.0000000E+00
        32      2 -0.1053913E-02  0.3468613E-03  0.0000000E+00  0.0000000E+00 -0.5006278E-03 -0.9257232E-09
        32      3 -0.2084045E-02  0.7072104E-03  0.0000000E+00  0.0000000E+00 -0.1994186E-02 -0.3688491E-08
        32      4 -0.4835234E-02  0.2011525E-02  0.0000000E+00  0.0000000E+00 -0.1231225E-01 -0.2275429E-07

        33      0  0.0000000E+00  0.0000000E+00  0.0000000E+00  0.0000000E+00  0.0000000E+00  0.0000000E+00
        33      1  0.0000000E+00  0.0000000E+00  0.0000000E+00  0.0000000E+00  0.0000000E+00  0.0000000E+00
        33      2  0.9541692E-03  0.4204038E-04  0.0000000E+00  0.0000000E+00 -0.5165320E-03 -0.9196051E-09
        33      3  0.1933992E-02  0.6080379E-04  0.0000000E+00  0.0000000E+00 -0.2057944E-02 -0.3667887E-08
        33      4  0.5233057E-02 -0.2389697E-03  0.0000000E+00  0.0000000E+00 -0.1270859E-01 -0.2284525E-07

        34      0  0.0000000E+00  0.0000000E+00  0.0000000E+00  0.0000000E+00  0.0000000E+00  0.0000000E+00
        34      1  0.0000000E+00  0.0000000E+00  0.0000000E+00  0.0000000E+00  0.0000000E+00  0.0000000E+00
        34      2 -0.1844593E-03 -0.4044567E-03  0.0000000E+00  0.0000000E+00 -0.5348248E-03 -0.9258356E-09
        34      3 -0.4128043E-03 -0.7973389E-03  0.0000000E+00  0.0000000E+00 -0.2124883E-02 -0.3686472E-08
        34      4 -0.1837985E-02 -0.1756382E-02  0.0000000E+00  0.0000000E+00 -0.1310292E-01 -0.2270257E-07

        35      0  0.0000000E+00  0.0000000E+00  0.0000000E+00  0.0000000E+00  0.0000000E+00  0.0000000E+00
        35      1  0.0000000E+00  0.0000000E+00  0.0000000E+00  0.0000000E+00  0.0000000E+00  0.0000000E+00
        35      2 -0.7098603E-03  0.4846775E-03  0.0000000E+00  0.0000000E+00 -0.5458293E-03 -0.9941144E-09
        35      3 -0.1380317E-02  0.9751834E-03  0.0000000E+00  0.0000000E+00 -0.2176096E-02 -0.3954906E-08
        35      4 -0.2708168E-02  0.2496014E-02  0.0000000E+00  0.0000000E+00 -0.1344356E-01 -0.2415994E-07

        36      0  0.0000000E+00  0.0000000E+00  0.0000000E+00  0.0000000E+00  0.0000000E+00  0.0000000E+00
        36      1  0.0000000E+00  0.0000000E+00  0.0000000E+00  0.0000000E+00  0.0000000E+00  0.0000000E+00
        36      2  0.1115822E-02 -0.2274710E-03  0.0000000E+00  0.0000000E+00 -0.5634847E-03 -0.1031655E-08
        36      3  0.2234165E-02 -0.4733266E-03  0.0000000E+00  0.0000000E+00 -0.2242610E-02 -0.4110558E-08
        36      4  0.5493463E-02 -0.1506070E-02  0.0000000E+00  0.0000000E+00 -0.1383803E-01 -0.2542274E-07

        37      0  0.0000000E+00  0.0000000E+00  0.0000000E+00  0.0000000E+00  0.0000000E+00  0.0000000E+00
        37      1  0.0000000E+00  0.0000000E+00  0.0000000E+00  0.0000000E+00  0.0000000E+00  0.0000000E+00
        37      2 -0.7388826E-03 -0.1886404E-03  0.0000000E+00  0.0000000E+00 -0.5805758E-03 -0.1016241E-08
        37      3 -0.1506302E-02 -0.3602698E-03  0.0000000E+00  0.0000000E+00 -0.2308117E-02 -0.4049624E-08
        37      4 -0.4317057E-02 -0.5235667E-03  0.0000000E+00  0.0000000E+00 -0.1423282E-01 -0.2515268E-07

        38      0  0.0000000E+00  0.0000000E+00  0.0000000E+00  0.0000000E+00  0.0000000E+00  0.0000000E+00
        38      1  0.0000000E+00  0.0000000E+00  0.0000000E+00  0.0000000E+00  0.0000000E+00  0.0000000E+00
        38      2 -0.1447759E-03  0.4709850E-03  0.0000000E+00  0.0000000E+00 -0.5918727E-03 -0.1047161E-08
        38      3 -0.2402857E-03  0.9328801E-03  0.0000000E+00  0.0000000E+00 -0.2360296E-02 -0.4164694E-08
        38      4  0.3569473E-03  0.2125539E-02  0.0000000E+00  0.0000000E+00 -0.1458601E-01 -0.2550582E-07

        39      0  0.0000000E+00  0.0000000E+00  0.0000000E+00  0.0000000E+00  0.0000000E+00  0.0000000E+00
        39      1  0.0000000E+00  0.0000000E+00  0.0000000E+00  0.0000000E+00  0.0000000E+00  0.0000000E+00
        39      2  0.9308026E-03 -0.4266754E-03  0.0000000E+00  0.0000000E+00 -0.6103313E-03 -0.1117667E-08
        39      3  0.1831807E-02 -0.8603803E-03  0.0000000E+00  0.0000000E+00 -0.2427081E-02 -0.4447368E-08
        39      4  0.3922371E-02 -0.2294472E-02  0.0000000E+00  0.0000000E+00 -0.1497287E-01 -0.2726539E-07

        40      0  0.0000000E+00  0.0000000E+00  0.0000000E+00  0.0000000E+00  0.0000000E+00  0.0000000E+00
        40      1  0.0000000E+00  0.0000000E+00  0.0000000E+00  0.0000000E+00  0.0000000E+00  0.0000000E+00
        40      2 -0.1064773E-02  0.8697085E-04  0.0000000E+00  0.0000000E+00 -0.6253071E-03 -0.1130384E-08
        40      3 -0.2130772E-02  0.1949042E-03  0.0000000E+00  0.0000000E+00 -0.2488284E-02 -0.4506779E-08
        40      4 -0.5398755E-02  0.9156592E-03  0.0000000E+00  0.0000000E+00 -0.1535141E-01 -0.2803630E-07

        41      0  0.0000000E+00  0.0000000E+00  0.0000000E+00  0.0000000E+00  0.0000000E+00  0.0000000E+00
        41      1  0.0000000E+00  0.0000000E+00  0.0000000E+00  0.0000000E+00  0.0000000E+00  0.0000000E+00
        41      2  0.4678745E-03  0.3110663E-03  0.0000000E+00  0.0000000E+00 -0.6385297E-03 -0.1120663E-08
        41      3  0.9856928E-03  0.5978921E-03  0.0000000E+00  0.0000000E+00 -0.2545698E-02 -0.4464613E-08
        41      4  0.3370203E-02  0.1059923E-02  0.0000000E+00  0.0000000E+00 -0.1573018E-01 -0.2767365E-07

        42      0  0.0000000E+00  0.0000000E+00  0.0000000E+00  0.0000000E+00  0.0000000E+00  0.0000000E+00
        42      1  0.0000000E+00  0.0000000E+00  0.0000000E+00  0.0000000E+00  0.0000000E+00  0.0000000E+00
        42      2  0.4582926E-03 -0.4954553E-03  0.0000000E+00  0.0000000E+00 -0.6571080E-03 -0.1175556E-08
        42      3  0.8607219E-03 -0.9856167E-03  0.0000000E+00  0.0000000E+00 -0.2612169E-02 -0.4676941E-08
        42      4  0.1104700E-02 -0.2375455E-02  0.0000000E+00  0.0000000E+00 -0.1611577E-01 -0.2861970E-07

        43      0  0.0000000E+00  0.0000000E+00  0.0000000E+00  0.0000000E+00  0.0000000E+00  0.0000000E+00
        43      1  0.0000000E+00  0.0000000E+00  0.0000000E+00  0.0000000E+00  0.0000000E+00  0.0000000E+00
        43      2 -0.1063104E-02  0.3365258E-03  0.0000000E+00  0.0000000E+00 -0.6696129E-03 -0.1233740E-08
        43      3 -0.2098185E-02  0.6924084E-03  0.0000000E+00  0.0000000E+00 -0.2667165E-02 -0.4915579E-08
        43      4 -0.4752634E-02  0.2060685E-02  0.0000000E+00  0.0000000E+00 -0.1646672E-01 -0.3030919E-07

        44      0  0.0000000E+00  0.0000000E+00  0.0000000E+00  0.0000000E+00  0.0000000E+00  0.0000000E+00
        44      1  0.0000000E+00  0.0000000E+00  0.0000000E+00  0.0000000E+00  0.0000000E+00  0.0000000E+00
        44      2  0.9373356E-03  0.5600913E-04  0.0000000E+00  0.0000000E+00 -0.6852480E-03 -0.1226163E-08
        44      3  0.1910319E-02  0.8104769E-04  0.0000000E+00  0.0000000E+00 -0.2730137E-02 -0.4890542E-08
        44      4  0.5299112E-02 -0.3180119E-03  0.0000000E+00  0.0000000E+00 -0.1685960E-01 -0.3045900E-07

        45      0  0.0000000E+00  0.0000000E+00  0.0000000E+00  0.0000000E+00  0.0000000E+00  0.0000000E+00
        45      1  0.0000000E+00  0.0000000E+00  0.0000000E+00  0.0000000E+00  0.0000000E+00  0.0000000E+00
        45      2 -0.1534072E-03 -0.4124015E-03  0.0000000E+00  0.0000000E+00 -0.7034206E-03 -0.1234575E-08
        45      3 -0.3680735E-03 -0.8091199E-03  0.0000000E+00  0.0000000E+00 -0.2796466E-02 -0.4915314E-08
        45      4 -0.2005117E-02 -0.1699467E-02  0.0000000E+00  0.0000000E+00 -0.1725046E-01 -0.3027151E-07

        46      0  0.0000000E+00  0.0000000E+00  0.0000000E+00  0.0000000E+00  0.0000000E+00  0.0000000E+00
        46      1  0.0000000E+00  0.0000000E+00  0.0000000E+00  0.0000000E+00  0.0000000E+00  0.0000000E+00
        46      2 -0.7336686E-03  0.4811897E-03  0.0000000E+00  0.0000000E+00 -0.7143055E-03 -0.1303700E-08
        46      3 -0.1415401E-02  0.9706405E-03  0.0000000E+00  0.0000000E+00 -0.2847125E-02 -0.5186543E-08
        46      4 -0.2550561E-02  0.2497796E-02  0.0000000E+00  0.0000000E+00 -0.1758730E-01 -0.3168015E-07

        47      0  0.0000000E+00  0.0000000E+00  0.0000000E+00  0.0000000E+00  0.0000000E+00  0.0000000E+00
        47      1  0.0000000E+00  0.0000000E+00  0.0000000E+00  0.0000000E+00  0.0000000E+00  0.0000000E+00
        47      2  0.1115999E-02 -0.2149627E-03  0.0000000E+00  0.0000000E+00 -0.7317390E-03 -0.1338822E-08
        47      3  0.2235677E-02 -0.4555682E-03  0.0000000E+00  0.0000000E+00 -0.2912969E-02 -0.5335251E-08
        47      4  0.5450310E-02 -0.1566732E-02  0.0000000E+00  0.0000000E+00 -0.1797760E-01 -0.3300227E-07

        48      0  0.0000000E+00  0.0000000E+00  0.0000000E+00  0.0000000E+00  0.0000000E+00  0.0000000E+00
        48      1  0.0000000E+00  0.0000000E+00  0.0000000E+00  0.0000000E+00  0.0000000E+00  0.0000000E+00
        48      2 -0.7152569E-03 -0.2015957E-03  0.0000000E+00  0.0000000E+00 -0.7487562E-03 -0.1323271E-08
        48      3 -0.1473025E-02 -0.3792561E-03  0.0000000E+00  0.0000000E+00 -0.2977950E-02 -0.5273515E-08
        48      4 -0.4421496E-02 -0.4425701E-03  0.0000000E+00  0.0000000E+00 -0.1836821E-01 -0.3276796E-07

        49      0  0.0000000E+00  0.0000000E+00  0.0000000E+00  0.0000000E+00  0.0000000E+00  0.0000000E+00
        49      1  0.0000000E+00  0.0000000E+00  0.0000000E+00  0.0000000E+00  0.0000000E+00  0.0000000E+00
        49      2 -0.1759558E-03  0.4754160E-03  0.0000000E+00  0.0000000E+00 -0.7598356E-03 -0.1356629E-08
        49      3 -0.2857075E-03  0.9399789E-03  0.0000000E+00  0.0000000E+00 -0.3029378E-02 -0.5395624E-08
        49      4  0.5401994E-03  0.2080609E-02  0.0000000E+00  0.0000000E+00 -0.1871903E-01 -0.3305705E-07

        50      0  0.0000000E+00  0.0000000E+00  0.0000000E+00  0.0000000E+00  0.0000000E+00  0.0000000E+00
        50      1  0.0000000E+00  0.0000000E+00  0.0000000E+00  0.0000000E+00  0.0000000E+00  0.0000000E+00
        50      2  0.9478959E-03 -0.4194052E-03  0.0000000E+00  0.0000000E+00 -0.7781162E-03 -0.1426518E-08
        50      3  0.1857893E-02 -0.8503763E-03  0.0000000E+00  0.0000000E+00 -0.3095552E-02 -0.5676839E-08
        50      4  0.3787359E-02 -0.2319439E-02  0.0000000E+00  0.0000000E+00 -0.1910183E-01 -0.3480312E-07

        51      0  0.0000000E+00  0.0000000E+00  0.0000000E+00  0.0000000E+00  0.0000000E+00  0.0000000E+00
        51      1  0.0000000E+00  0.0000000E+00  0.0000000E+00  0.0000000E+00  0.0000000E+00  0.0000000E+00
        51      2 -0.1055753E-02  0.7299268E-04  0.0000000E+00  0.0000000E+00 -0.7930584E-03 -0.1436948E-08
        51      3 -0.2118961E-02  0.1745908E-03  0.0000000E+00  0.0000000E+00 -0.3156339E-02 -0.5729457E-08
        51      4 -0.5409115E-02  0.9934752E-03  0.0000000E+00  0.0000000E+00 -0.1947519E-01 -0.3564447E-07

        52      0  0.0000000E+00  0.0000000E+00  0.0000000E+00  0.0000000E+00  0.0000000E+00  0.0000000E+00
        52      1  0.0000000E+00  0.0000000E+00  0.0000000E+00  0.0000000E+00  0.0000000E+00  0.0000000E+00
        52      2  0.4389617E-03  0.3219626E-03  0.0000000E+00  0.0000000E+00 -0.8060048E-03 -0.1428493E-08
        52      3  0.9440848E-03  0.6141742E-03  0.0000000E+00  0.0000000E+00 -0.3212910E-02 -0.5690605E-08
        52      4  0.3518055E-02  0.9856291E-03  0.0000000E+00  0.0000000E+00 -0.1985149E-01 -0.3527631E-07

        53      0  0.0000000E+00  0.0000000E+00  0.0000000E+00  0.0000000E+00  0.0000000E+00  0.0000000E+00
        53      1  0.0000000E+00  0.0000000E+00  0.0000000E+00  0.0000000E+00  0.0000000E+00  0.0000000E+00
        53      2  0.4868850E-03 -0.4956267E-03  0.0000000E+00  0.0000000E+00 -0.8244329E-03 -0.1485293E-08
        53      3  0.9028625E-03 -0.9863645E-03  0.0000000E+00  0.0000000E+00 -0.3278766E-02 -0.5908731E-08
        53      4  0.9256670E-03 -0.2356753E-02  0.0000000E+00  0.0000000E+00 -0.2023355E-01 -0.3615104E-07

        54      0  0.0000000E+00  0.0000000E+00  0.0000000E+00  0.0000000E+00  0.0000000E+00  0.0000000E+00
        54      1  0.0000000E+00  0.0000000E+00  0.0000000E+00  0.0000000E+00  0.0000000E+00  0.0000000E+00
        54      2 -0.1071444E-02  0.3259175E-03  0.0000000E+00  0.0000000E+00 -0.8368965E-03 -0.1541662E-08
        54      3 -0.2111440E-02  0.6773070E-03  0.0000000E+00  0.0000000E+00 -0.3333363E-02 -0.6142462E-08
        54      4 -0.4664845E-02  0.2107472E-02  0.0000000E+00  0.0000000E+00 -0.2057935E-01 -0.3786067E-07

        55      0  0.0000000E+00  0.0000000E+00  0.0000000E+00  0.0000000E+00  0.0000000E+00  0.0000000E+00
        55      1  0.0000000E+00  0.0000000E+00  0.0000000E+00  0.0000000E+00  0.0000000E+00  0.0000000E+00
        55      2  0.9197461E-03  0.6993698E-04  0.0000000E+00  0.0000000E+00 -0.8522623E-03 -0.1532741E-08
        55      3  0.1885829E-02  0.1012655E-03  0.0000000E+00  0.0000000E+00 -0.3395551E-02 -0.6113224E-08
        55      4  0.5359210E-02 -0.3966130E-03  0.0000000E+00  0.0000000E+00 -0.2096873E-01 -0.3807175E-07

        56      0  0.0000000E+00  0.0000000E+00  0.0000000E+00  0.0000000E+00  0.0000000E+00  0.0000000E+00
        56      1  0.0000000E+00  0.0000000E+00  0.0000000E+00  0.0000000E+00  0.0000000E+00  0.0000000E+00
        56      2 -0.1222250E-03 -0.4200144E-03  0.0000000E+00  0.0000000E+00 -0.8703144E-03 -0.1543398E-08
        56      3 -0.3231730E-03 -0.8205553E-03  0.0000000E+00  0.0000000E+00 -0.3461274E-02 -0.6144333E-08
        56      4 -0.2169930E-02 -0.1640601E-02  0.0000000E+00  0.0000000E+00 -0.2135615E-01 -0.3784342E-07

        57      0  0.0000000E+00  0.0000000E+00  0.0000000E+00  0.0000000E+00  0.0000000E+00  0.0000000E+00
        57      1  0.0000000E+00  0.0000000E+00  0.0000000E+00  0.0000000E+00  0.0000000E+00  0.0000000E+00
        57      2 -0.7568837E-03  0.4773106E-03  0.0000000E+00  0.0000000E+00 -0.8810860E-03 -0.1613238E-08
        57      3 -0.1449875E-02  0.9656756E-03  0.0000000E+00  0.0000000E+00 -0.3511394E-02 -0.6418089E-08
        57      4 -0.2389975E-02  0.2496714E-02  0.0000000E+00  0.0000000E+00 -0.2168932E-01 -0.3920032E-07

        58      0  0.0000000E+00  0.0000000E+00  0.0000000E+00  0.0000000E+00  0.0000000E+00  0.0000000E+00
        58      1  0.0000000E+00  0.0000000E+00  0.0000000E+00  0.0000000E+00  0.0000000E+00  0.0000000E+00
        58      2  0.1115275E-02 -0.2022816E-03  0.0000000E+00  0.0000000E+00 -0.8982967E-03 -0.1645919E-08
        58      3  0.2236230E-02 -0.4376164E-03  0.0000000E+00  0.0000000E+00 -0.3576569E-02 -0.6559790E-08
        58      4  0.5401084E-02 -0.1625744E-02  0.0000000E+00  0.0000000E+00 -0.2207547E-01 -0.4057906E-07

        59      0  0.0000000E+00  0.0000000E+00  0.0000000E+00  0.0000000E+00  0.0000000E+00  0.0000000E+00
        59      1  0.0000000E+00  0.0000000E+00  0.0000000E+00  0.0000000E+00  0.0000000E+00  0.0000000E+00
        59      2 -0.6910563E-03 -0.2143849E-03  0.0000000E+00  0.0000000E+00 -0.9152390E-03 -0.1630373E-08
        59      3 -0.1439123E-02 -0.3980724E-03  0.0000000E+00  0.0000000E+00 -0.3641028E-02 -0.6497553E-08
        59      4 -0.4521180E-02 -0.3609628E-03  0.0000000E+00  0.0000000E+00 -0.2246190E-01 -0.4038458E-07

        60      0  0.0000000E+00  0.0000000E+00  0.0000000E+00  0.0000000E+00  0.0000000E+00  0.0000000E+00
        60      1  0.0000000E+00  0.0000000E+00  0.0000000E+00  0.0000000E+00  0.0000000E+00  0.0000000E+00
        60      2 -0.2069863E-03  0.4794632E-03  0.0000000E+00  0.0000000E+00 -0.9261069E-03 -0.1666150E-08
        60      3 -0.3309914E-03  0.9466752E-03  0.0000000E+00  0.0000000E+00 -0.3691716E-02 -0.6626682E-08
        60      4  0.7230951E-03  0.2033422E-02  0.0000000E+00  0.0000000E+00 -0.2281042E-01 -0.4061128E-07

        61      0  0.0000000E+00  0.0000000E+00  0.0000000E+00  0.0000000E+00  0.0000000E+00  0.0000000E+00
        61      1  0.0000000E+00  0.0000000E+00  0.0000000E+00  0.0000000E+00  0.0000000E+00  0.0000000E+00
        61      2  0.9642283E-03 -0.4118023E-03  0.0000000E+00  0.0000000E+00 -0.9442093E-03 -0.1735287E-08
        61      3  0.1883192E-02 -0.8400204E-03  0.0000000E+00  0.0000000E+00 -0.3757285E-02 -0.6906149E-08
        61      4  0.3648364E-02 -0.2342037E-02  0.0000000E+00  0.0000000E+00 -0.2318923E-01 -0.4233911E-07

        62      0  0.0000000E+00  0.0000000E+00  0.0000000E+00  0.0000000E+00  0.0000000E+00  0.0000000E+00
        62      1  0.0000000E+00  0.0000000E+00  0.0000000E+00  0.0000000E+00  0.0000000E+00  0.0000000E+00
        62      2 -0.1045890E-02  0.5895853E-04  0.0000000E+00  0.0000000E+00 -0.9591183E-03 -0.1743486E-08
        62      3 -0.2106261E-02  0.1542084E-03  0.0000000E+00  0.0000000E+00 -0.3817660E-02 -0.6952072E-08
        62      4 -0.5413721E-02  0.1070220E-02  0.0000000E+00  0.0000000E+00 -0.2355740E-01 -0.4325011E-07

        63      0  0.0000000E+00  0.0000000E+00  0.0000000E+00  0.0000000E+00  0.0000000E+00  0.0000000E+00
        63      1  0.0000000E+00  0.0000000E+00  0.0000000E+00  0.0000000E+00  0.0000000E+00  0.0000000E+00
        63      2  0.4097007E-03  0.3326031E-03  0.0000000E+00  0.0000000E+00 -0.9717914E-03 -0.1736414E-08
        63      3  0.9020850E-03  0.6302021E-03  0.0000000E+00  0.0000000E+00 -0.3873394E-02 -0.6916786E-08
        63      4  0.3662123E-02  0.9103908E-03  0.0000000E+00  0.0000000E+00 -0.2393124E-01 -0.4288091E-07

        64      0  0.0000000E+00  0.0000000E+00  0.0000000E+00  0.0000000E+00  0.0000000E+00  0.0000000E+00
        64      1  0.0000000E+00  0.0000000E+00  0.0000000E+00  0.0000000E+00  0.0000000E+00  0.0000000E+00
        64      2  0.5150933E-03 -0.4954041E-03  0.0000000E+00  0.0000000E+00 -0.9900696E-03 -0.1795027E-08
        64      3  0.9446350E-03 -0.9867018E-03  0.0000000E+00  0.0000000E+00 -0.3938642E-02 -0.7140525E-08
        64      4  0.7458716E-03 -0.2335543E-02  0.0000000E+00  0.0000000E+00 -0.2430982E-01 -0.4368344E-07

        65      0  0.0000000E+00  0.0000000E+00  0.0000000E+00  0.0000000E+00  0.0000000E+00  0.0000000E+00
        65      1  0.0000000E+00  0.0000000E+00  0.0000000E+00  0.0000000E+00  0.0000000E+00  0.0000000E+00
        65      2 -0.1078926E-02  0.3150454E-03  0.0000000E+00  0.0000000E+00 -0.1002496E-02 -0.1849491E-08
        65      3 -0.2123805E-02  0.6619131E-03  0.0000000E+00  0.0000000E+00 -0.3992848E-02 -0.7369139E-08
        65      4 -0.4571953E-02  0.2151830E-02  0.0000000E+00  0.0000000E+00 -0.2465055E-01 -0.4540879E-07

        66      0  0.0000000E+00  0.0000000E+00  0.0000000E+00  0.0000000E+00  0.0000000E+00  0.0000000E+00
        66      1  0.0000000E+00  0.0000000E+00  0.0000000E+00  0.0000000E+00  0.0000000E+00  0.0000000E+00
        66      2  0.9014153E-03  0.8381282E-04  0.0000000E+00  0.0000000E+00 -0.1017592E-02 -0.1839343E-08
        66      3  0.1860532E-02  0.1214488E-03  0.0000000E+00  0.0000000E+00 -0.4054253E-02 -0.7335939E-08
        66      4  0.5413278E-02 -0.4746939E-03  0.0000000E+00  0.0000000E+00 -0.2503642E-01 -0.4568330E-07

        67      0  0.0000000E+00  0.0000000E+00  0.0000000E+00  0.0000000E+00  0.0000000E+00  0.0000000E+00
        67      1  0.0000000E+00  0.0000000E+00  0.0000000E+00  0.0000000E+00  0.0000000E+00  0.0000000E+00
        67      2 -0.9093770E-04 -0.4272894E-03  0.0000000E+00  0.0000000E+00 -0.1035523E-02 -0.1852302E-08
        67      3 -0.2781214E-03 -0.8316405E-03  0.0000000E+00  0.0000000E+00 -0.4119376E-02 -0.7373523E-08
        67      4 -0.2332255E-02 -0.1579841E-02  0.0000000E+00  0.0000000E+00 -0.2542041E-01 -0.4541829E-07

        68      0  0.0000000E+00  0.0000000E+00  0.0000000E+00  0.0000000E+00  0.0000000E+00  0.0000000E+00
        68      1  0.0000000E+00  0.0000000E+00  0.0000000E+00  0.0000000E+00  0.0000000E+00  0.0000000E+00
        68      2 -0.7794872E-03  0.4730434E-03  0.0000000E+00  0.0000000E+00 -0.1046188E-02 -0.1922723E-08
        68      3 -0.1483725E-02  0.9602908E-03  0.0000000E+00  0.0000000E+00 -0.4168970E-02 -0.7649535E-08
        68      4 -0.2226576E-02  0.2492773E-02  0.0000000E+00  0.0000000E+00 -0.2575007E-01 -0.4672065E-07

        69      0  0.0000000E+00  0.0000000E+00  0.0000000E+00  0.0000000E+00  0.0000000E+00  0.0000000E+00
        69      1  0.0000000E+00  0.0000000E+00  0.0000000E+00  0.0000000E+00  0.0000000E+00  0.0000000E+00
        69      2  0.1113650E-02 -0.1894376E-03  0.0000000E+00  0.0000000E+00 -0.1063175E-02 -0.1952949E-08
        69      3  0.2235822E-02 -0.4194785E-03  0.0000000E+00  0.0000000E+00 -0.4233479E-02 -0.7784182E-08
        69      4  0.5345853E-02 -0.1683051E-02  0.0000000E+00  0.0000000E+00 -0.2613209E-01 -0.4815305E-07

        70      0  0.0000000E+00  0.0000000E+00  0.0000000E+00  0.0000000E+00  0.0000000E+00  0.0000000E+00
        70      1  0.0000000E+00  0.0000000E+00  0.0000000E+00  0.0000000E+00  0.0000000E+00  0.0000000E+00
        70      2 -0.6662999E-03 -0.2269977E-03  0.0000000E+00  0.0000000E+00 -0.1080041E-02 -0.1937548E-08
        70      3 -0.1404609E-02 -0.4167108E-03  0.0000000E+00  0.0000000E+00 -0.4297416E-02 -0.7721740E-08
        70      4 -0.4616012E-02 -0.2788372E-03  0.0000000E+00  0.0000000E+00 -0.2651431E-01 -0.4800230E-07

        71      0  0.0000000E+00  0.0000000E+00  0.0000000E+00  0.0000000E+00  0.0000000E+00  0.0000000E+00
        71      1  0.0000000E+00  0.0000000E+00  0.0000000E+00  0.0000000E+00  0.0000000E+00  0.0000000E+00
        71      2 -0.2378427E-03  0.4831231E-03  0.0000000E+00  0.0000000E+00 -0.1090704E-02 -0.1975721E-08
        71      3 -0.3761182E-03  0.9529655E-03  0.0000000E+00  0.0000000E+00 -0.4347378E-02 -0.7857861E-08
        71      4  0.9054307E-03  0.1984038E-02  0.0000000E+00  0.0000000E+00 -0.2686060E-01 -0.4816852E-07

        72      0  0.0000000E+00  0.0000000E+00  0.0000000E+00  0.0000000E+00  0.0000000E+00  0.0000000E+00
        72      1  0.0000000E+00  0.0000000E+00  0.0000000E+00  0.0000000E+00  0.0000000E+00  0.0000000E+00
        72      2  0.9797862E-03 -0.4038727E-03  0.0000000E+00  0.0000000E+00 -0.1108628E-02 -0.2043974E-08
        72      3  0.1907693E-02 -0.8293169E-03  0.0000000E+00  0.0000000E+00 -0.4412347E-02 -0.8135293E-08
        72      4  0.3505551E-02 -0.2362244E-02  0.0000000E+00  0.0000000E+00 -0.2723548E-01 -0.4987346E-07

        73      0  0.0000000E+00  0.0000000E+00  0.0000000E+00  0.0000000E+00  0.0000000E+00  0.0000000E+00
        73      1  0.0000000E+00  0.0000000E+00  0.0000000E+00  0.0000000E+00  0.0000000E+00  0.0000000E+00
        73      2 -0.1035192E-02  0.4487987E-04  0.0000000E+00  0.0000000E+00 -0.1123504E-02 -0.2050005E-08
        73      3 -0.2092677E-02  0.1337658E-03  0.0000000E+00  0.0000000E+00 -0.4472313E-02 -0.8174631E-08
        73      4 -0.5412563E-02  0.1145802E-02  0.0000000E+00  0.0000000E+00 -0.2759847E-01 -0.5085301E-07

        74      0  0.0000000E+00  0.0000000E+00  0.0000000E+00  0.0000000E+00  0.0000000E+00  0.0000000E+00
        74      1  0.0000000E+00  0.0000000E+00  0.0000000E+00  0.0000000E+00  0.0000000E+00  0.0000000E+00
        74      2  0.3801155E-03  0.3429792E-03  0.0000000E+00  0.0000000E+00 -0.1135907E-02 -0.2044428E-08
        74      3  0.8597117E-03  0.6459685E-03  0.0000000E+00  0.0000000E+00 -0.4527217E-02 -0.8143156E-08
        74      4  0.3802235E-02  0.8342925E-03  0.0000000E+00  0.0000000E+00 -0.2796983E-01 -0.5048722E-07

        75      0  0.0000000E+00  0.0000000E+00  0.0000000E+00  0.0000000E+00  0.0000000E+00  0.0000000E+00
        75      1  0.0000000E+00  0.0000000E+00  0.0000000E+00  0.0000000E+00  0.0000000E+00  0.0000000E+00
        75      2  0.5428945E-03 -0.4947879E-03  0.0000000E+00  0.0000000E+00 -0.1154035E-02 -0.2104755E-08
        75      3  0.9860213E-03 -0.9866286E-03  0.0000000E+00  0.0000000E+00 -0.4591864E-02 -0.8372316E-08
        75      4  0.5655076E-03 -0.2311839E-02  0.0000000E+00  0.0000000E+00 -0.2834499E-01 -0.5121704E-07

        76      0  0.0000000E+00  0.0000000E+00  0.0000000E+00  0.0000000E+00  0.0000000E+00  0.0000000E+00
        76      1  0.0000000E+00  0.0000000E+00  0.0000000E+00  0.0000000E+00  0.0000000E+00  0.0000000E+00
        76      2 -0.1085546E-02  0.3039182E-03  0.0000000E+00  0.0000000E+00 -0.1166427E-02 -0.2157227E-08
        76      3 -0.2135274E-02  0.6462335E-03  0.0000000E+00  0.0000000E+00 -0.4645686E-02 -0.8595612E-08
        76      4 -0.4474044E-02  0.2193705E-02  0.0000000E+00  0.0000000E+00 -0.2868075E-01 -0.5295361E-07

        77      0  0.0000000E+00  0.0000000E+00  0.0000000E+00  0.0000000E+00  0.0000000E+00  0.0000000E+00
        77      1  0.0000000E+00  0.0000000E+00  0.0000000E+00  0.0000000E+00  0.0000000E+00  0.0000000E+00
        77      2  0.8823581E-03  0.9762558E-04  0.0000000E+00  0.0000000E+00 -0.1181254E-02 -0.2145975E-08
        77      3  0.1834439E-02  0.1415892E-03  0.0000000E+00  0.0000000E+00 -0.4706313E-02 -0.8558694E-08
        77      4  0.5461250E-02 -0.5521765E-03  0.0000000E+00  0.0000000E+00 -0.2906311E-01 -0.5329343E-07

        78      0  0.0000000E+00  0.0000000E+00  0.0000000E+00  0.0000000E+00  0.0000000E+00  0.0000000E+00
        78      1  0.0000000E+00  0.0000000E+00  0.0000000E+00  0.0000000E+00  0.0000000E+00  0.0000000E+00
        78      2 -0.5957011E-04 -0.4342210E-03  0.0000000E+00  0.0000000E+00 -0.1199064E-02 -0.2161285E-08
        78      3 -0.2329376E-03 -0.8423713E-03  0.0000000E+00  0.0000000E+00 -0.4770840E-02 -0.8602881E-08
        78      4 -0.2491926E-02 -0.1517247E-02  0.0000000E+00  0.0000000E+00 -0.2944368E-01 -0.5299608E-07

        79      0  0.0000000E+00  0.0000000E+00  0.0000000E+00  0.0000000E+00  0.0000000E+00  0.0000000E+00
        79      1  0.0000000E+00  0.0000000E+00  0.0000000E+00  0.0000000E+00  0.0000000E+00  0.0000000E+00
        79      2 -0.8014614E-03  0.4683914E-03  0.0000000E+00  0.0000000E+00 -0.1209628E-02 -0.2232152E-08
        79      3 -0.1516937E-02  0.9544884E-03  0.0000000E+00  0.0000000E+00 -0.4819920E-02 -0.8880872E-08
        79      4 -0.2060538E-02  0.2485983E-02  0.0000000E+00  0.0000000E+00 -0.2976996E-01 -0.5424133E-07

        80      0  0.0000000E+00  0.0000000E+00  0.0000000E+00  0.0000000E+00  0.0000000E+00  0.0000000E+00
        80      1  0.0000000E+00  0.0000000E+00  0.0000000E+00  0.0000000E+00  0.0000000E+00  0.0000000E+00
        80      2  0.1111125E-02 -0.1764407E-03  0.0000000E+00  0.0000000E+00 -0.1226390E-02 -0.2259915E-08
        80      3  0.2234454E-02 -0.4011618E-03  0.0000000E+00  0.0000000E+00 -0.4883766E-02 -0.9008429E-08
        80      4  0.5284690E-02 -0.1738600E-02  0.0000000E+00  0.0000000E+00 -0.3014788E-01 -0.5572418E-07

        81      0  0.0000000E+00  0.0000000E+00  0.0000000E+00  0.0000000E+00  0.0000000E+00  0.0000000E+00
        81      1  0.0000000E+00  0.0000000E+00  0.0000000E+00  0.0000000E+00  0.0000000E+00  0.0000000E+00
        81      2 -0.6410073E-03 -0.2394241E-03  0.0000000E+00  0.0000000E+00 -0.1243180E-02 -0.2244799E-08
        81      3 -0.1369498E-02 -0.4351634E-03  0.0000000E+00  0.0000000E+00 -0.4947184E-02 -0.8946082E-08
        81      4 -0.4705896E-02 -0.1962867E-03  0.0000000E+00  0.0000000E+00 -0.3052587E-01 -0.5562084E-07

        82      0  0.0000000E+00  0.0000000E+00  0.0000000E+00  0.0000000E+00  0.0000000E+00  0.0000000E+00
        82      1  0.0000000E+00  0.0000000E+00  0.0000000E+00  0.0000000E+00  0.0000000E+00  0.0000000E+00
        82      2 -0.2685002E-03  0.4863926E-03  0.0000000E+00  0.0000000E+00 -0.1253643E-02 -0.2285336E-08
        82      3 -0.4210687E-03  0.9588471E-03  0.0000000E+00  0.0000000E+00 -0.4996431E-02 -0.9089155E-08
        82      4  0.1087003E-02  0.1932521E-02  0.0000000E+00  0.0000000E+00 -0.3087000E-01 -0.5572875E-07

        83      0  0.0000000E+00  0.0000000E+00  0.0000000E+00  0.0000000E+00  0.0000000E+00  0.0000000E+00
        83      1  0.0000000E+00  0.0000000E+00  0.0000000E+00  0.0000000E+00  0.0000000E+00  0.0000000E+00
        83      2  0.9945567E-03 -0.3956227E-03  0.0000000E+00  0.0000000E+00 -0.1271388E-02 -0.2352576E-08
        83      3  0.1931385E-02 -0.8182702E-03  0.0000000E+00  0.0000000E+00 -0.5060805E-02 -0.9364269E-08
        83      4  0.3359088E-02 -0.2380037E-02  0.0000000E+00  0.0000000E+00 -0.3124101E-01 -0.5740623E-07

        84      0  0.0000000E+00  0.0000000E+00  0.0000000E+00  0.0000000E+00  0.0000000E+00  0.0000000E+00
        84      1  0.0000000E+00  0.0000000E+00  0.0000000E+00  0.0000000E+00  0.0000000E+00  0.0000000E+00
        84      2 -0.1023667E-02  0.3076820E-04  0.0000000E+00  0.0000000E+00 -0.1286231E-02 -0.2356509E-08
        84      3 -0.2078214E-02  0.1132721E-03  0.0000000E+00  0.0000000E+00 -0.5120365E-02 -0.9397142E-08
        84      4 -0.5405638E-02  0.1220129E-02  0.0000000E+00  0.0000000E+00 -0.3159883E-01 -0.5845295E-07

        85      0  0.0000000E+00  0.0000000E+00  0.0000000E+00  0.0000000E+00  0.0000000E+00  0.0000000E+00
        85      1  0.0000000E+00  0.0000000E+00  0.0000000E+00  0.0000000E+00  0.0000000E+00  0.0000000E+00
        85      2  0.3502301E-03  0.3530822E-03  0.0000000E+00  0.0000000E+00 -0.1298367E-02 -0.2352534E-08
        85      3  0.8169835E-03  0.6614665E-03  0.0000000E+00  0.0000000E+00 -0.5174446E-02 -0.9369717E-08
        85      4  0.3938223E-02  0.7574183E-03  0.0000000E+00  0.0000000E+00 -0.3196769E-01 -0.5809504E-07

        86      0  0.0000000E+00  0.0000000E+00  0.0000000E+00  0.0000000E+00  0.0000000E+00  0.0000000E+00
        86      1  0.0000000E+00  0.0000000E+00  0.0000000E+00  0.0000000E+00  0.0000000E+00  0.0000000E+00
        86      2  0.5702662E-03 -0.4937785E-03  0.0000000E+00  0.0000000E+00 -0.1316347E-02 -0.2414470E-08
        86      3  0.1027004E-02 -0.9861453E-03  0.0000000E+00  0.0000000E+00 -0.5238499E-02 -0.9604095E-08
        86      4  0.3847680E-03 -0.2285656E-02  0.0000000E+00  0.0000000E+00 -0.3233950E-01 -0.5875193E-07

        87      0  0.0000000E+00  0.0000000E+00  0.0000000E+00  0.0000000E+00  0.0000000E+00  0.0000000E+00
        87      1  0.0000000E+00  0.0000000E+00  0.0000000E+00  0.0000000E+00  0.0000000E+00  0.0000000E+00
        87      2 -0.1091297E-02  0.2925453E-03  0.0000000E+00  0.0000000E+00 -0.1328707E-02 -0.2464872E-08
        87      3 -0.2145843E-02  0.6302752E-03  0.0000000E+00  0.0000000E+00 -0.5291946E-02 -0.9821883E-08
        87      4 -0.4371212E-02  0.2233045E-02  0.0000000E+00  0.0000000E+00 -0.3267039E-01 -0.6049520E-07

        88      0  0.0000000E+00  0.0000000E+00  0.0000000E+00  0.0000000E+00  0.0000000E+00  0.0000000E+00
        88      1  0.0000000E+00  0.0000000E+00  0.0000000E+00  0.0000000E+00  0.0000000E+00  0.0000000E+00
        88      2  0.8625901E-03  0.1113642E-03  0.0000000E+00  0.0000000E+00 -0.1343265E-02 -0.2452642E-08
        88      3  0.1807562E-02  0.1616781E-03  0.0000000E+00  0.0000000E+00 -0.5351795E-02 -0.9781497E-08
        88      4  0.5503068E-02 -0.6289837E-03  0.0000000E+00  0.0000000E+00 -0.3304920E-01 -0.6090195E-07

        89      0  0.0000000E+00  0.0000000E+00  0.0000000E+00  0.0000000E+00  0.0000000E+00  0.0000000E+00
        89      1  0.0000000E+00  0.0000000E+00  0.0000000E+00  0.0000000E+00  0.0000000E+00  0.0000000E+00
        89      2 -0.2814731E-04 -0.4408040E-03  0.0000000E+00  0.0000000E+00 -0.1360954E-02 -0.2470343E-08
        89      3 -0.1876405E-03 -0.8527435E-03  0.0000000E+00  0.0000000E+00 -0.5415731E-02 -0.9832404E-08
        89      4 -0.2648780E-02 -0.1452882E-02  0.0000000E+00  0.0000000E+00 -0.3342638E-01 -0.6057672E-07

        90      0  0.0000000E+00  0.0000000E+00  0.0000000E+00  0.0000000E+00  0.0000000E+00  0.0000000E+00
        90      1  0.0000000E+00  0.0000000E+00  0.0000000E+00  0.0000000E+00  0.0000000E+00  0.0000000E+00
        90      2 -0.8227889E-03  0.4633585E-03  0.0000000E+00  0.0000000E+00 -0.1371423E-02 -0.2541518E-08
        90      3 -0.1549498E-02  0.9482708E-03  0.0000000E+00  0.0000000E+00 -0.5464311E-02 -0.1011209E-07
        90      4 -0.1892033E-02  0.2476359E-02  0.0000000E+00  0.0000000E+00 -0.3374942E-01 -0.6176255E-07

        91      0  0.0000000E+00  0.0000000E+00  0.0000000E+00  0.0000000E+00  0.0000000E+00  0.0000000E+00
        91      1  0.0000000E+00  0.0000000E+00  0.0000000E+00  0.0000000E+00  0.0000000E+00  0.0000000E+00
        91      2  0.1107702E-02 -0.1633011E-03  0.0000000E+00  0.0000000E+00 -0.1387959E-02 -0.2566821E-08
        91      3  0.2232126E-02 -0.3826738E-03  0.0000000E+00  0.0000000E+00 -0.5527496E-02 -0.1023254E-07
        91      4  0.5217677E-02 -0.1792339E-02  0.0000000E+00  0.0000000E+00 -0.3412327E-01 -0.6329238E-07

        92      0  0.0000000E+00  0.0000000E+00  0.0000000E+00  0.0000000E+00  0.0000000E+00  0.0000000E+00
        92      1  0.0000000E+00  0.0000000E+00  0.0000000E+00  0.0000000E+00  0.0000000E+00  0.0000000E+00
        92      2 -0.6151982E-03 -0.2516542E-03  0.0000000E+00  0.0000000E+00 -0.1404671E-02 -0.2552131E-08
        92      3 -0.1333804E-02 -0.4534225E-03  0.0000000E+00  0.0000000E+00 -0.5590397E-02 -0.1017058E-07
        92      4 -0.4790744E-02 -0.1134057E-03  0.0000000E+00  0.0000000E+00 -0.3449699E-01 -0.6323993E-07

        93      0  0.0000000E+00  0.0000000E+00  0.0000000E+00  0.0000000E+00  0.0000000E+00  0.0000000E+00
        93      1  0.0000000E+00  0.0000000E+00  0.0000000E+00  0.0000000E+00  0.0000000E+00  0.0000000E+00
        93      2 -0.2989342E-03  0.4892687E-03  0.0000000E+00  0.0000000E+00 -0.1414941E-02 -0.2594990E-08
        93      3 -0.4658240E-03  0.9643169E-03  0.0000000E+00  0.0000000E+00 -0.5638943E-02 -0.1032056E-07
        93      4  0.1267607E-02  0.1878936E-02  0.0000000E+00  0.0000000E+00 -0.3483902E-01 -0.6329195E-07

        94      0  0.0000000E+00  0.0000000E+00  0.0000000E+00  0.0000000E+00  0.0000000E+00  0.0000000E+00
        94      1  0.0000000E+00  0.0000000E+00  0.0000000E+00  0.0000000E+00  0.0000000E+00  0.0000000E+00
        94      2  0.1008528E-02 -0.3870586E-03  0.0000000E+00  0.0000000E+00 -0.1432507E-02 -0.2661091E-08
        94      3  0.1954257E-02 -0.8068846E-03  0.0000000E+00  0.0000000E+00 -0.5702727E-02 -0.1059307E-07
        94      4  0.3209146E-02 -0.2395394E-02  0.0000000E+00  0.0000000E+00 -0.3520624E-01 -0.6493752E-07

        95      0  0.0000000E+00  0.0000000E+00  0.0000000E+00  0.0000000E+00  0.0000000E+00  0.0000000E+00
        95      1  0.0000000E+00  0.0000000E+00  0.0000000E+00  0.0000000E+00  0.0000000E+00  0.0000000E+00
        95      2 -0.1011324E-02  0.1663502E-04  0.0000000E+00  0.0000000E+00 -0.1447318E-02 -0.2663004E-08
        95      3 -0.2062879E-02  0.9273620E-04  0.0000000E+00  0.0000000E+00 -0.5761883E-02 -0.1061961E-07
        95      4 -0.5392949E-02  0.1293111E-02  0.0000000E+00  0.0000000E+00 -0.3555890E-01 -0.6604972E-07

        96      0  0.0000000E+00  0.0000000E+00  0.0000000E+00  0.0000000E+00  0.0000000E+00  0.0000000E+00
        96      1  0.0000000E+00  0.0000000E+00  0.0000000E+00  0.0000000E+00  0.0000000E+00  0.0000000E+00
        96      2  0.3200688E-03  0.3629039E-03  0.0000000E+00  0.0000000E+00 -0.1459190E-02 -0.2660732E-08
        96      3  0.7739189E-03  0.6766892E-03  0.0000000E+00  0.0000000E+00 -0.5815148E-02 -0.1059647E-07
        96      4  0.4069921E-02  0.6798531E-03  0.0000000E+00  0.0000000E+00 -0.3592524E-01 -0.6570412E-07

        97      0  0.0000000E+00  0.0000000E+00  0.0000000E+00  0.0000000E+00  0.0000000E+00  0.0000000E+00
        97      1  0.0000000E+00  0.0000000E+00  0.0000000E+00  0.0000000E+00  0.0000000E+00  0.0000000E+00
        97      2  0.5971861E-03 -0.4923770E-03  0.0000000E+00  0.0000000E+00 -0.1477020E-02 -0.2724168E-08
        97      3  0.1067564E-02 -0.9852523E-03  0.0000000E+00  0.0000000E+00 -0.5878613E-02 -0.1083585E-07
        97      4  0.2038459E-03 -0.2257011E-02  0.0000000E+00  0.0000000E+00 -0.3629375E-01 -0.6628821E-07

        98      0  0.0000000E+00  0.0000000E+00  0.0000000E+00  0.0000000E+00  0.0000000E+00  0.0000000E+00
        98      1  0.0000000E+00  0.0000000E+00  0.0000000E+00  0.0000000E+00  0.0000000E+00  0.0000000E+00
        98      2 -0.1096175E-02  0.2809359E-03  0.0000000E+00  0.0000000E+00 -0.1489353E-02 -0.2772427E-08
        98      3 -0.2155508E-02  0.6140453E-03  0.0000000E+00  0.0000000E+00 -0.5931692E-02 -0.1104795E-07
        98      4 -0.4263558E-02  0.2269804E-02  0.0000000E+00  0.0000000E+00 -0.3661988E-01 -0.6803363E-07

        99      0  0.0000000E+00  0.0000000E+00  0.0000000E+00  0.0000000E+00  0.0000000E+00  0.0000000E+00
        99      1  0.0000000E+00  0.0000000E+00  0.0000000E+00  0.0000000E+00  0.0000000E+00  0.0000000E+00
        99      2  0.8421277E-03  0.1250177E-03  0.0000000E+00  0.0000000E+00 -0.1503641E-02 -0.2759347E-08
        99      3  0.1779912E-02  0.1817071E-03  0.0000000E+00  0.0000000E+00 -0.5990767E-02 -0.1100436E-07
        99      4  0.5538682E-02 -0.7050396E-03  0.0000000E+00  0.0000000E+00 -0.3699513E-01 -0.6850865E-07

       100      0  0.0000000E+00  0.0000000E+00  0.0000000E+00  0.0000000E+00  0.0000000E+00  0.0000000E+00
       100      1  0.0000000E+00  0.0000000E+00  0.0000000E+00  0.0000000E+00  0.0000000E+00  0.0000000E+00
       100      2  0.3305607E-05 -0.4470331E-03  0.0000000E+00  0.0000000E+00 -0.1521209E-02 -0.2779474E-08
       100      3 -0.1422490E-03 -0.8627531E-03  0.0000000E+00  0.0000000E+00 -0.6054117E-02 -0.1106209E-07
       100      4 -0.2802658E-02 -0.1386812E-02  0.0000000E+00  0.0000000E+00 -0.3736892E-01 -0.6816012E-07
