# number of rays:       5
# iteration   ray    X              A              Y              B              T              D
         0      0  0.0000000E+00  0.0000000E+00  0.0000000E+00  0.0000000E+00  0.0000000E+00  0.0000000E+00
         0      1  0.0000000E+00  0.0000000E+00  0.0000000E+00  0.0000000E+00  0.0000000E+00  0.0000000E+00
         0      2  0.1000000E-02  0.0000000E+00  0.0000000E+00  0.0000000E+00  0.0000000E+00  0.0000000E+00
         0      3  0.2000000E-02  0.0000000E+00  0.0000000E+00  0.0000000E+00  0.0000000E+00  0.0000000E+00
         0      4  0.5000000E-02  0.0000000E+00  0.0000000E+00  0.0000000E+00  0.0000000E+00  0.0000000E+00

         1      0  0.0000000E+00  0.0000000E+00  0.0000000E+00  0.0000000E+00  0.0000000E+00  0.0000000E+00
         1      1  0.0000000E+00  0.0000000E+00  0.0000000E+00  0.0000000E+00  0.0000000E+00  0.0000000E+00
         1      2  0.1272767E-04 -0.4469625E-03  0.0000000E+00  0.0000000E+00 -0.2647044E-04  0.1733992E-12
         1      3  0.1904162E-04 -0.8931531E-03  0.0000000E+00  0.0000000E+00 -0.1111489E-03  0.1504080E-11
         1      4 -0.1427864E-04 -0.2224421E-02  0.0000000E+00  0.0000000E+00 -0.7157575E-03  0.2897806E-10

         2      0  0.0000000E+00  0.0000000E+00  0.0000000E+00  0.0000000E+00  0.0000000E+00  0.0000000E+00
         2      1  0.0000000E+00  0.0000000E+00  0.0000000E+00  0.0000000E+00  0.0000000E+00  0.0000000E+00
         2      2 -0.1014127E-02  0.3852593E-03  0.0000000E+00  0.0000000E+00 -0.5857062E-04 -0.1353659E-09
         2      3 -0.2029112E-02  0.7718666E-03  0.0000000E+00  0.0000000E+00 -0.2340241E-03 -0.5412193E-09
         2      4 -0.5067490E-02  0.1947386E-02  0.0000000E+00  0.0000000E+00 -0.1464912E-02 -0.3374164E-08

         3      0  0.0000000E+00  0.0000000E+00  0.0000000E+00  0.0000000E+00  0.0000000E+00  0.0000000E+00
         3      1  0.0000000E+00  0.0000000E+00  0.0000000E+00  0.0000000E+00  0.0000000E+00  0.0000000E+00
         3      2  0.8565587E-03  0.1159886E-03  0.0000000E+00  0.0000000E+00 -0.8664525E-04 -0.1268063E-09
         3      3  0.1715140E-02  0.2305145E-03  0.0000000E+00  0.0000000E+00 -0.3460878E-03 -0.5078050E-09
         3      4  0.4329120E-02  0.5473530E-03  0.0000000E+00  0.0000000E+00 -0.2165705E-02 -0.3200595E-08

         4      0  0.0000000E+00  0.0000000E+00  0.0000000E+00  0.0000000E+00  0.0000000E+00  0.0000000E+00
         4      1  0.0000000E+00  0.0000000E+00  0.0000000E+00  0.0000000E+00  0.0000000E+00  0.0000000E+00
         4      2  0.2732000E-03 -0.4845722E-03  0.0000000E+00  0.0000000E+00 -0.1130090E-03 -0.1639861E-09
         4      3  0.5364109E-03 -0.9684166E-03  0.0000000E+00  0.0000000E+00 -0.4575441E-03 -0.6546679E-09
         4      4  0.1212228E-02 -0.2409787E-02  0.0000000E+00  0.0000000E+00 -0.2885737E-02 -0.4046670E-08

         5      0  0.0000000E+00  0.0000000E+00  0.0000000E+00  0.0000000E+00  0.0000000E+00  0.0000000E+00
         5      1  0.0000000E+00  0.0000000E+00  0.0000000E+00  0.0000000E+00  0.0000000E+00  0.0000000E+00
         5      2 -0.1094926E-02  0.3016790E-03  0.0000000E+00  0.0000000E+00 -0.1442232E-03 -0.2877213E-09
         5      3 -0.2190284E-02  0.6063559E-03  0.0000000E+00  0.0000000E+00 -0.5777604E-03 -0.1151379E-08
         5      4 -0.5463985E-02  0.1561962E-02  0.0000000E+00  0.0000000E+00 -0.3622099E-02 -0.7206010E-08

         6      0  0.0000000E+00  0.0000000E+00  0.0000000E+00  0.0000000E+00  0.0000000E+00  0.0000000E+00
         6      1  0.0000000E+00  0.0000000E+00  0.0000000E+00  0.0000000E+00  0.0000000E+00  0.0000000E+00
         6      2  0.6655308E-03  0.2255410E-03  0.0000000E+00  0.0000000E+00 -0.1730860E-03 -0.2568415E-09
         6      3  0.1336244E-02  0.4484218E-03  0.0000000E+00  0.0000000E+00 -0.6914646E-03 -0.1028798E-08
         6      4  0.3444518E-02  0.1067929E-02  0.0000000E+00  0.0000000E+00 -0.4326865E-02 -0.6480120E-08

         7      0  0.0000000E+00  0.0000000E+00  0.0000000E+00  0.0000000E+00  0.0000000E+00  0.0000000E+00
         7      1  0.0000000E+00  0.0000000E+00  0.0000000E+00  0.0000000E+00  0.0000000E+00  0.0000000E+00
         7      2  0.5185865E-03 -0.4953232E-03  0.0000000E+00  0.0000000E+00 -0.1993796E-03 -0.3341106E-09
         7      3  0.1024737E-02 -0.9908317E-03  0.0000000E+00  0.0000000E+00 -0.8030518E-03 -0.1335223E-08
         7      4  0.2381092E-02 -0.2477684E-02  0.0000000E+00  0.0000000E+00 -0.5049215E-02 -0.8278125E-08

         8      0  0.0000000E+00  0.0000000E+00  0.0000000E+00  0.0000000E+00  0.0000000E+00  0.0000000E+00
         8      1  0.0000000E+00  0.0000000E+00  0.0000000E+00  0.0000000E+00  0.0000000E+00  0.0000000E+00
         8      2 -0.1115218E-02  0.2014208E-03  0.0000000E+00  0.0000000E+00 -0.2295514E-03 -0.4298636E-09
         8      3 -0.2232639E-02  0.4079239E-03  0.0000000E+00  0.0000000E+00 -0.9202498E-03 -0.1721869E-08
         8      4 -0.5597910E-02  0.1101270E-02  0.0000000E+00  0.0000000E+00 -0.5771496E-02 -0.1082584E-07

         9      0  0.0000000E+00  0.0000000E+00  0.0000000E+00  0.0000000E+00  0.0000000E+00  0.0000000E+00
         9      1  0.0000000E+00  0.0000000E+00  0.0000000E+00  0.0000000E+00  0.0000000E+00  0.0000000E+00
         9      2  0.4375678E-03  0.3225731E-03  0.0000000E+00  0.0000000E+00 -0.2593117E-03 -0.3942796E-09
         9      3  0.8842379E-03  0.6417825E-03  0.0000000E+00  0.0000000E+00 -0.1036130E-02 -0.1579330E-08
         9      4  0.2390694E-02  0.1536052E-02  0.0000000E+00  0.0000000E+00 -0.6483736E-02 -0.9927493E-08

        10      0  0.0000000E+00  0.0000000E+00  0.0000000E+00  0.0000000E+00  0.0000000E+00  0.0000000E+00
        10      1  0.0000000E+00  0.0000000E+00  0.0000000E+00  0.0000000E+00  0.0000000E+00  0.0000000E+00
        10      2  0.7352500E-03 -0.4786033E-03  0.0000000E+00  0.0000000E+00 -0.2855357E-03 -0.5055936E-09
        10      3  0.1457230E-02 -0.9591112E-03  0.0000000E+00  0.0000000E+00 -0.1147509E-02 -0.2022033E-08
        10      4  0.3434569E-02 -0.2424448E-02  0.0000000E+00  0.0000000E+00 -0.7205494E-02 -0.1256922E-07

        11      0  0.0000000E+00  0.0000000E+00  0.0000000E+00  0.0000000E+00  0.0000000E+00  0.0000000E+00
        11      1  0.0000000E+00  0.0000000E+00  0.0000000E+00  0.0000000E+00  0.0000000E+00  0.0000000E+00
        11      2 -0.1073895E-02  0.9003299E-04  0.0000000E+00  0.0000000E+00 -0.3146272E-03 -0.5632901E-09
        11      3 -0.2153930E-02  0.1873672E-03  0.0000000E+00  0.0000000E+00 -0.1261731E-02 -0.2258149E-08
        11      4 -0.5463111E-02  0.5876464E-03  0.0000000E+00  0.0000000E+00 -0.7914380E-02 -0.1425381E-07

        12      0  0.0000000E+00  0.0000000E+00  0.0000000E+00  0.0000000E+00  0.0000000E+00  0.0000000E+00
        12      1  0.0000000E+00  0.0000000E+00  0.0000000E+00  0.0000000E+00  0.0000000E+00  0.0000000E+00
        12      2  0.1853637E-03  0.4017012E-03  0.0000000E+00  0.0000000E+00 -0.3452941E-03 -0.5416377E-09
        12      3  0.3840222E-03  0.8000219E-03  0.0000000E+00  0.0000000E+00 -0.1380008E-02 -0.2169087E-08
        12      4  0.1220377E-02  0.1928716E-02  0.0000000E+00  0.0000000E+00 -0.8636266E-02 -0.1359515E-07

        13      0  0.0000000E+00  0.0000000E+00  0.0000000E+00  0.0000000E+00  0.0000000E+00  0.0000000E+00
        13      1  0.0000000E+00  0.0000000E+00  0.0000000E+00  0.0000000E+00  0.0000000E+00  0.0000000E+00
        13      2  0.9111253E-03 -0.4353240E-03  0.0000000E+00  0.0000000E+00 -0.3714421E-03 -0.6734993E-09
        13      3  0.1810067E-02 -0.8749259E-03  0.0000000E+00  0.0000000E+00 -0.1490806E-02 -0.2695370E-08
        13      4  0.4320095E-02 -0.2252349E-02  0.0000000E+00  0.0000000E+00 -0.9354219E-02 -0.1680863E-07

        14      0  0.0000000E+00  0.0000000E+00  0.0000000E+00  0.0000000E+00  0.0000000E+00  0.0000000E+00
        14      1  0.0000000E+00  0.0000000E+00  0.0000000E+00  0.0000000E+00  0.0000000E+00  0.0000000E+00
        14      2 -0.9732354E-03 -0.2632411E-04  0.0000000E+00  0.0000000E+00 -0.3995250E-03 -0.6913790E-09
        14      3 -0.1958413E-02 -0.4332965E-04  0.0000000E+00  0.0000000E+00 -0.1602455E-02 -0.2772846E-08
        14      4 -0.5066060E-02  0.4592433E-04  0.0000000E+00  0.0000000E+00 -0.1005216E-01 -0.1754410E-07

        15      0  0.0000000E+00  0.0000000E+00  0.0000000E+00  0.0000000E+00  0.0000000E+00  0.0000000E+00
        15      1  0.0000000E+00  0.0000000E+00  0.0000000E+00  0.0000000E+00  0.0000000E+00  0.0000000E+00
        15      2 -0.7706209E-04  0.4585421E-03  0.0000000E+00  0.0000000E+00 -0.4309911E-03 -0.6992474E-09
        15      3 -0.1369427E-03  0.9145131E-03  0.0000000E+00  0.0000000E+00 -0.1722960E-02 -0.2799176E-08
        15      4 -0.8329543E-05  0.2226767E-02  0.0000000E+00  0.0000000E+00 -0.1078404E-01 -0.1749077E-07

        16      0  0.0000000E+00  0.0000000E+00  0.0000000E+00  0.0000000E+00  0.0000000E+00  0.0000000E+00
        16      1  0.0000000E+00  0.0000000E+00  0.0000000E+00  0.0000000E+00  0.0000000E+00  0.0000000E+00
        16      2  0.1036401E-02 -0.3678732E-03  0.0000000E+00  0.0000000E+00 -0.4570797E-03 -0.8336682E-09
        16      3  0.2063742E-02 -0.7428268E-03  0.0000000E+00  0.0000000E+00 -0.1832905E-02 -0.3338351E-08
        16      4  0.4993107E-02 -0.1969537E-02  0.0000000E+00  0.0000000E+00 -0.1149538E-01 -0.2089372E-07

        17      0  0.0000000E+00  0.0000000E+00  0.0000000E+00  0.0000000E+00  0.0000000E+00  0.0000000E+00
        17      1  0.0000000E+00  0.0000000E+00  0.0000000E+00  0.0000000E+00  0.0000000E+00  0.0000000E+00
        17      2 -0.8187811E-03 -0.1412171E-03  0.0000000E+00  0.0000000E+00 -0.4843096E-03 -0.8186788E-09
        17      3 -0.1656613E-02 -0.2716380E-03  0.0000000E+00  0.0000000E+00 -0.1942634E-02 -0.3283257E-08
        17      4 -0.4425550E-02 -0.4977570E-03  0.0000000E+00  0.0000000E+00 -0.1218603E-01 -0.2077709E-07

        18      0  0.0000000E+00  0.0000000E+00  0.0000000E+00  0.0000000E+00  0.0000000E+00  0.0000000E+00
        18      1  0.0000000E+00  0.0000000E+00  0.0000000E+00  0.0000000E+00  0.0000000E+00  0.0000000E+00
        18      2 -0.3351498E-03  0.4899546E-03  0.0000000E+00  0.0000000E+00 -0.5163545E-03 -0.8652123E-09
        18      3 -0.6501679E-03  0.9790448E-03  0.0000000E+00  0.0000000E+00 -0.2064807E-02 -0.3462118E-08
        18      4 -0.1235016E-02  0.2415836E-02  0.0000000E+00  0.0000000E+00 -0.1292629E-01 -0.2157866E-07

        19      0  0.0000000E+00  0.0000000E+00  0.0000000E+00  0.0000000E+00  0.0000000E+00  0.0000000E+00
        19      1  0.0000000E+00  0.0000000E+00  0.0000000E+00  0.0000000E+00  0.0000000E+00  0.0000000E+00
        19      2  0.1104075E-02 -0.2799853E-03  0.0000000E+00  0.0000000E+00 -0.5424473E-03 -0.9836552E-09
        19      3  0.2204187E-02 -0.5700052E-03  0.0000000E+00  0.0000000E+00 -0.2173839E-02 -0.3940802E-08
        19      4  0.5419500E-02 -0.1589687E-02  0.0000000E+00  0.0000000E+00 -0.1362926E-01 -0.2475320E-07

        20      0  0.0000000E+00  0.0000000E+00  0.0000000E+00  0.0000000E+00  0.0000000E+00  0.0000000E+00
        20      1  0.0000000E+00  0.0000000E+00  0.0000000E+00  0.0000000E+00  0.0000000E+00  0.0000000E+00
        20      2 -0.6190369E-03 -0.2482923E-03  0.0000000E+00  0.0000000E+00 -0.5690255E-03 -0.9499419E-09
        20      3 -0.1264788E-02 -0.4851559E-03  0.0000000E+00  0.0000000E+00 -0.2282406E-02 -0.3807835E-08
        20      4 -0.3571844E-02 -0.1017189E-02  0.0000000E+00  0.0000000E+00 -0.1431677E-01 -0.2404657E-07

        21      0  0.0000000E+00  0.0000000E+00  0.0000000E+00  0.0000000E+00  0.0000000E+00  0.0000000E+00
        21      1  0.0000000E+00  0.0000000E+00  0.0000000E+00  0.0000000E+00  0.0000000E+00  0.0000000E+00
        21      2 -0.5746097E-03  0.4942123E-03  0.0000000E+00  0.0000000E+00 -0.6013395E-03 -0.1035846E-08
        21      3 -0.1127703E-02  0.9901525E-03  0.0000000E+00  0.0000000E+00 -0.2405367E-02 -0.4143637E-08
        21      4 -0.2400023E-02  0.2487000E-02  0.0000000E+00  0.0000000E+00 -0.1506203E-01 -0.2578923E-07

        22      0  0.0000000E+00  0.0000000E+00  0.0000000E+00  0.0000000E+00  0.0000000E+00  0.0000000E+00
        22      1  0.0000000E+00  0.0000000E+00  0.0000000E+00  0.0000000E+00  0.0000000E+00  0.0000000E+00
        22      2  0.1110360E-02 -0.1765351E-03  0.0000000E+00  0.0000000E+00 -0.6275582E-03 -0.1123283E-08
        22      3  0.2223580E-02 -0.3659046E-03  0.0000000E+00  0.0000000E+00 -0.2513701E-02 -0.4501598E-08
        22      4  0.5577528E-02 -0.1131337E-02  0.0000000E+00  0.0000000E+00 -0.1575635E-01 -0.2836309E-07

        23      0  0.0000000E+00  0.0000000E+00  0.0000000E+00  0.0000000E+00  0.0000000E+00  0.0000000E+00
        23      1  0.0000000E+00  0.0000000E+00  0.0000000E+00  0.0000000E+00  0.0000000E+00  0.0000000E+00
        23      2 -0.3850121E-03 -0.3416251E-03  0.0000000E+00  0.0000000E+00 -0.6536910E-03 -0.1089096E-08
        23      3 -0.8040786E-03 -0.6722723E-03  0.0000000E+00  0.0000000E+00 -0.2621807E-02 -0.4362316E-08
        23      4 -0.2545340E-02 -0.1487315E-02  0.0000000E+00  0.0000000E+00 -0.1644454E-01 -0.2744344E-07

        24      0  0.0000000E+00  0.0000000E+00  0.0000000E+00  0.0000000E+00  0.0000000E+00  0.0000000E+00
        24      1  0.0000000E+00  0.0000000E+00  0.0000000E+00  0.0000000E+00  0.0000000E+00  0.0000000E+00
        24      2 -0.7822104E-03  0.4710955E-03  0.0000000E+00  0.0000000E+00 -0.6859158E-03 -0.1206483E-08
        24      3 -0.1543647E-02  0.9472942E-03  0.0000000E+00  0.0000000E+00 -0.2744494E-02 -0.4825792E-08
        24      4 -0.3447293E-02  0.2437141E-02  0.0000000E+00  0.0000000E+00 -0.1719021E-01 -0.3003364E-07

        25      0  0.0000000E+00  0.0000000E+00  0.0000000E+00  0.0000000E+00  0.0000000E+00  0.0000000E+00
        25      1  0.0000000E+00  0.0000000E+00  0.0000000E+00  0.0000000E+00  0.0000000E+00  0.0000000E+00
        25      2  0.1054896E-02 -0.6326726E-04  0.0000000E+00  0.0000000E+00 -0.7124340E-03 -0.1254678E-08
        25      3  0.2120816E-02 -0.1417023E-03  0.0000000E+00  0.0000000E+00 -0.2852617E-02 -0.5028895E-08
        25      4  0.5459014E-02 -0.6169718E-03  0.0000000E+00  0.0000000E+00 -0.1787724E-01 -0.3175188E-07

        26      0  0.0000000E+00  0.0000000E+00  0.0000000E+00  0.0000000E+00  0.0000000E+00  0.0000000E+00
        26      1  0.0000000E+00  0.0000000E+00  0.0000000E+00  0.0000000E+00  0.0000000E+00  0.0000000E+00
        26      2 -0.1296238E-03 -0.4160455E-03  0.0000000E+00  0.0000000E+00 -0.7382973E-03 -0.1238380E-08
        26      3 -0.2994096E-03 -0.8227915E-03  0.0000000E+00  0.0000000E+00 -0.2960776E-02 -0.4956275E-08
        26      4 -0.1394810E-02 -0.1885387E-02  0.0000000E+00  0.0000000E+00 -0.1856891E-01 -0.3103820E-07

        27      0  0.0000000E+00  0.0000000E+00  0.0000000E+00  0.0000000E+00  0.0000000E+00  0.0000000E+00
        27      1  0.0000000E+00  0.0000000E+00  0.0000000E+00  0.0000000E+00  0.0000000E+00  0.0000000E+00
        27      2 -0.9465029E-03  0.4219000E-03  0.0000000E+00  0.0000000E+00 -0.7700754E-03 -0.1372484E-08
        27      3 -0.1875527E-02  0.8528659E-03  0.0000000E+00  0.0000000E+00 -0.3082121E-02 -0.5490725E-08
        27      4 -0.4326915E-02  0.2269013E-02  0.0000000E+00  0.0000000E+00 -0.1931001E-01 -0.3422030E-07

        28      0  0.0000000E+00  0.0000000E+00  0.0000000E+00  0.0000000E+00  0.0000000E+00  0.0000000E+00
        28      1  0.0000000E+00  0.0000000E+00  0.0000000E+00  0.0000000E+00  0.0000000E+00  0.0000000E+00
        28      2  0.9407761E-03  0.5352506E-04  0.0000000E+00  0.0000000E+00 -0.7970964E-03 -0.1381787E-08
        28      3  0.1901570E-02  0.9030824E-04  0.0000000E+00  0.0000000E+00 -0.3190714E-02 -0.5538224E-08
        28      4  0.5069819E-02 -0.7191275E-04  0.0000000E+00  0.0000000E+00 -0.1999258E-01 -0.3499376E-07

        29      0  0.0000000E+00  0.0000000E+00  0.0000000E+00  0.0000000E+00  0.0000000E+00  0.0000000E+00
        29      1  0.0000000E+00  0.0000000E+00  0.0000000E+00  0.0000000E+00  0.0000000E+00  0.0000000E+00
        29      2  0.1330074E-03 -0.4674245E-03  0.0000000E+00  0.0000000E+00 -0.8228131E-03 -0.1397826E-08
        29      3  0.2218229E-03 -0.9284853E-03  0.0000000E+00  0.0000000E+00 -0.3299176E-02 -0.5590879E-08
        29      4 -0.1752965E-03 -0.2192023E-02  0.0000000E+00  0.0000000E+00 -0.2068905E-01 -0.3486568E-07

        30      0  0.0000000E+00  0.0000000E+00  0.0000000E+00  0.0000000E+00  0.0000000E+00  0.0000000E+00
        30      1  0.0000000E+00  0.0000000E+00  0.0000000E+00  0.0000000E+00  0.0000000E+00  0.0000000E+00
        30      2 -0.1058443E-02  0.3493622E-03  0.0000000E+00  0.0000000E+00 -0.8538376E-03 -0.1530223E-08
        30      3 -0.2105470E-02  0.7120588E-03  0.0000000E+00  0.0000000E+00 -0.3418274E-02 -0.6124295E-08
        30      4 -0.4997293E-02  0.1991046E-02  0.0000000E+00  0.0000000E+00 -0.2142103E-01 -0.3827018E-07

        31      0  0.0000000E+00  0.0000000E+00  0.0000000E+00  0.0000000E+00  0.0000000E+00  0.0000000E+00
        31      1  0.0000000E+00  0.0000000E+00  0.0000000E+00  0.0000000E+00  0.0000000E+00  0.0000000E+00
        31      2  0.7743702E-03  0.1673517E-03  0.0000000E+00  0.0000000E+00 -0.8815586E-03 -0.1509482E-08
        31      3  0.1577975E-02  0.3174004E-03  0.0000000E+00  0.0000000E+00 -0.3528089E-02 -0.6048919E-08
        31      4  0.4429546E-02  0.4769498E-03  0.0000000E+00  0.0000000E+00 -0.2210298E-01 -0.3819180E-07

        32      0  0.0000000E+00  0.0000000E+00  0.0000000E+00  0.0000000E+00  0.0000000E+00  0.0000000E+00
        32      1  0.0000000E+00  0.0000000E+00  0.0000000E+00  0.0000000E+00  0.0000000E+00  0.0000000E+00
        32      2  0.3883318E-03 -0.4929031E-03  0.0000000E+00  0.0000000E+00 -0.9071932E-03 -0.1565225E-08
        32      3  0.7312134E-03 -0.9835447E-03  0.0000000E+00  0.0000000E+00 -0.3636824E-02 -0.6258402E-08
        32      4  0.1054324E-02 -0.2392129E-02  0.0000000E+00  0.0000000E+00 -0.2280393E-01 -0.3891549E-07

        33      0  0.0000000E+00  0.0000000E+00  0.0000000E+00  0.0000000E+00  0.0000000E+00  0.0000000E+00
        33      1  0.0000000E+00  0.0000000E+00  0.0000000E+00  0.0000000E+00  0.0000000E+00  0.0000000E+00
        33      2 -0.1111878E-02  0.2575052E-03  0.0000000E+00  0.0000000E+00 -0.9372476E-03 -0.1677852E-08
        33      3 -0.2221134E-02  0.5325687E-03  0.0000000E+00  0.0000000E+00 -0.3753084E-02 -0.6718904E-08
        33      4 -0.5426912E-02  0.1616905E-02  0.0000000E+00  0.0000000E+00 -0.2352348E-01 -0.4212914E-07

        34      0  0.0000000E+00  0.0000000E+00  0.0000000E+00  0.0000000E+00  0.0000000E+00  0.0000000E+00
        34      1  0.0000000E+00  0.0000000E+00  0.0000000E+00  0.0000000E+00  0.0000000E+00  0.0000000E+00
        34      2  0.5649619E-03  0.2718891E-03  0.0000000E+00  0.0000000E+00 -0.9658195E-03 -0.1642473E-08
        34      3  0.1167924E-02  0.5271229E-03  0.0000000E+00  0.0000000E+00 -0.3864785E-02 -0.6579755E-08
        34      4  0.3570489E-02  0.1002512E-02  0.0000000E+00  0.0000000E+00 -0.2420894E-01 -0.4145528E-07

        35      0  0.0000000E+00  0.0000000E+00  0.0000000E+00  0.0000000E+00  0.0000000E+00  0.0000000E+00
        35      1  0.0000000E+00  0.0000000E+00  0.0000000E+00  0.0000000E+00  0.0000000E+00  0.0000000E+00
        35      2  0.6221756E-03 -0.4910540E-03  0.0000000E+00  0.0000000E+00 -0.9913889E-03 -0.1736589E-08
        35      3  0.1200887E-02 -0.9849056E-03  0.0000000E+00  0.0000000E+00 -0.3973539E-02 -0.6943728E-08
        35      4  0.2234053E-02 -0.2475670E-02  0.0000000E+00  0.0000000E+00 -0.2491258E-01 -0.4313142E-07

        36      0  0.0000000E+00  0.0000000E+00  0.0000000E+00  0.0000000E+00  0.0000000E+00  0.0000000E+00
        36      1  0.0000000E+00  0.0000000E+00  0.0000000E+00  0.0000000E+00  0.0000000E+00  0.0000000E+00
        36      2 -0.1103877E-02  0.1514154E-03  0.0000000E+00  0.0000000E+00 -0.1020371E-02 -0.1815690E-08
        36      3 -0.2216335E-02  0.3241743E-03  0.0000000E+00  0.0000000E+00 -0.4086759E-02 -0.7275011E-08
        36      4 -0.5595687E-02  0.1164826E-02  0.0000000E+00  0.0000000E+00 -0.2561817E-01 -0.4577613E-07

        37      0  0.0000000E+00  0.0000000E+00  0.0000000E+00  0.0000000E+00  0.0000000E+00  0.0000000E+00
        37      1  0.0000000E+00  0.0000000E+00  0.0000000E+00  0.0000000E+00  0.0000000E+00  0.0000000E+00
        37      2  0.3242211E-03  0.3613338E-03  0.0000000E+00  0.0000000E+00 -0.1049860E-02 -0.1784267E-08
        37      3  0.6940453E-03  0.7079916E-03  0.0000000E+00  0.0000000E+00 -0.4200772E-02 -0.7144832E-08
        37      4  0.2535886E-02  0.1478843E-02  0.0000000E+00  0.0000000E+00 -0.2631076E-01 -0.4487678E-07

        38      0  0.0000000E+00  0.0000000E+00  0.0000000E+00  0.0000000E+00  0.0000000E+00  0.0000000E+00
        38      1  0.0000000E+00  0.0000000E+00  0.0000000E+00  0.0000000E+00  0.0000000E+00  0.0000000E+00
        38      2  0.8215306E-03 -0.4619632E-03  0.0000000E+00  0.0000000E+00 -0.1075358E-02 -0.1907024E-08
        38      3  0.1605035E-02 -0.9324298E-03  0.0000000E+00  0.0000000E+00 -0.4309177E-02 -0.7627584E-08
        38      4  0.3305695E-02 -0.2438223E-02  0.0000000E+00  0.0000000E+00 -0.2701427E-01 -0.4742084E-07

        39      0  0.0000000E+00  0.0000000E+00  0.0000000E+00  0.0000000E+00  0.0000000E+00  0.0000000E+00
        39      1  0.0000000E+00  0.0000000E+00  0.0000000E+00  0.0000000E+00  0.0000000E+00  0.0000000E+00
        39      2 -0.1034888E-02  0.3696206E-04  0.0000000E+00  0.0000000E+00 -0.1103282E-02 -0.1946161E-08
        39      3 -0.2091360E-02  0.9820745E-04  0.0000000E+00  0.0000000E+00 -0.4419547E-02 -0.7801075E-08
        39      4 -0.5495825E-02  0.6567390E-03  0.0000000E+00  0.0000000E+00 -0.2770631E-01 -0.4922658E-07

        40      0  0.0000000E+00  0.0000000E+00  0.0000000E+00  0.0000000E+00  0.0000000E+00  0.0000000E+00
        40      1  0.0000000E+00  0.0000000E+00  0.0000000E+00  0.0000000E+00  0.0000000E+00  0.0000000E+00
        40      2  0.6554303E-04  0.4307264E-03  0.0000000E+00  0.0000000E+00 -0.1133645E-02 -0.1936420E-08
        40      3  0.1824097E-03  0.8501255E-03  0.0000000E+00  0.0000000E+00 -0.4535948E-02 -0.7750628E-08
        40      4  0.1377546E-02  0.1882521E-02  0.0000000E+00  0.0000000E+00 -0.2840841E-01 -0.4851416E-07

        41      0  0.0000000E+00  0.0000000E+00  0.0000000E+00  0.0000000E+00  0.0000000E+00  0.0000000E+00
        41      1  0.0000000E+00  0.0000000E+00  0.0000000E+00  0.0000000E+00  0.0000000E+00  0.0000000E+00
        41      2  0.9752862E-03 -0.4072297E-03  0.0000000E+00  0.0000000E+00 -0.1159072E-02 -0.2071817E-08
        41      3  0.1921365E-02 -0.8289258E-03  0.0000000E+00  0.0000000E+00 -0.4643655E-02 -0.8290830E-08
        41      4  0.4215842E-02 -0.2281280E-02  0.0000000E+00  0.0000000E+00 -0.2910858E-01 -0.5167309E-07

        42      0  0.0000000E+00  0.0000000E+00  0.0000000E+00  0.0000000E+00  0.0000000E+00  0.0000000E+00
        42      1  0.0000000E+00  0.0000000E+00  0.0000000E+00  0.0000000E+00  0.0000000E+00  0.0000000E+00
        42      2 -0.9087102E-03 -0.7952629E-04  0.0000000E+00  0.0000000E+00 -0.1186052E-02 -0.2073287E-08
        42      3 -0.1852946E-02 -0.1330573E-03  0.0000000E+00  0.0000000E+00 -0.4751691E-02 -0.8311901E-08
        42      4 -0.5132156E-02  0.1172163E-03  0.0000000E+00  0.0000000E+00 -0.2978932E-01 -0.5253056E-07

        43      0  0.0000000E+00  0.0000000E+00  0.0000000E+00  0.0000000E+00  0.0000000E+00  0.0000000E+00
        43      1  0.0000000E+00  0.0000000E+00  0.0000000E+00  0.0000000E+00  0.0000000E+00  0.0000000E+00
        43      2 -0.1967052E-03  0.4762265E-03  0.0000000E+00  0.0000000E+00 -0.1217129E-02 -0.2098215E-08
        43      3 -0.3389362E-03  0.9457881E-03  0.0000000E+00  0.0000000E+00 -0.4870154E-02 -0.8394806E-08
        43      4  0.1530449E-03  0.2193828E-02  0.0000000E+00  0.0000000E+00 -0.3050154E-01 -0.5238105E-07

        44      0  0.0000000E+00  0.0000000E+00  0.0000000E+00  0.0000000E+00  0.0000000E+00  0.0000000E+00
        44      1  0.0000000E+00  0.0000000E+00  0.0000000E+00  0.0000000E+00  0.0000000E+00  0.0000000E+00
        44      2  0.1074858E-02 -0.3298789E-03  0.0000000E+00  0.0000000E+00 -0.1242520E-02 -0.2227495E-08
        44      3  0.2132367E-02 -0.6800081E-03  0.0000000E+00  0.0000000E+00 -0.4976962E-02 -0.8918796E-08
        44      4  0.4918739E-02 -0.2012240E-02  0.0000000E+00  0.0000000E+00 -0.3119547E-01 -0.5578303E-07

        45      0  0.0000000E+00  0.0000000E+00  0.0000000E+00  0.0000000E+00  0.0000000E+00  0.0000000E+00
        45      1  0.0000000E+00  0.0000000E+00  0.0000000E+00  0.0000000E+00  0.0000000E+00  0.0000000E+00
        45      2 -0.7322899E-03 -0.1916087E-03  0.0000000E+00  0.0000000E+00 -0.1268739E-02 -0.2201839E-08
        45      3 -0.1513929E-02 -0.3570603E-03  0.0000000E+00  0.0000000E+00 -0.5083377E-02 -0.8825690E-08
        45      4 -0.4521905E-02 -0.4277034E-03  0.0000000E+00  0.0000000E+00 -0.3186846E-01 -0.5576566E-07

        46      0  0.0000000E+00  0.0000000E+00  0.0000000E+00  0.0000000E+00  0.0000000E+00  0.0000000E+00
        46      1  0.0000000E+00  0.0000000E+00  0.0000000E+00  0.0000000E+00  0.0000000E+00  0.0000000E+00
        46      2 -0.4479873E-03  0.4953242E-03  0.0000000E+00  0.0000000E+00 -0.1300263E-02 -0.2266857E-08
        46      3 -0.8415279E-03  0.9898050E-03  0.0000000E+00  0.0000000E+00 -0.5203205E-02 -0.9066945E-08
        46      4 -0.1077333E-02  0.2397730E-02  0.0000000E+00  0.0000000E+00 -0.3258943E-01 -0.5644702E-07

        47      0  0.0000000E+00  0.0000000E+00  0.0000000E+00  0.0000000E+00  0.0000000E+00  0.0000000E+00
        47      1  0.0000000E+00  0.0000000E+00  0.0000000E+00  0.0000000E+00  0.0000000E+00  0.0000000E+00
        47      2  0.1114677E-02 -0.2341976E-03  0.0000000E+00  0.0000000E+00 -0.1325709E-02 -0.2372614E-08
        47      3  0.2226320E-02 -0.4937973E-03  0.0000000E+00  0.0000000E+00 -0.5309158E-02 -0.9504658E-08
        47      4  0.5378798E-02 -0.1644087E-02  0.0000000E+00  0.0000000E+00 -0.3327519E-01 -0.5967419E-07

        48      0  0.0000000E+00  0.0000000E+00  0.0000000E+00  0.0000000E+00  0.0000000E+00  0.0000000E+00
        48      1  0.0000000E+00  0.0000000E+00  0.0000000E+00  0.0000000E+00  0.0000000E+00  0.0000000E+00
        48      2 -0.5153453E-03 -0.2930857E-03  0.0000000E+00  0.0000000E+00 -0.1351374E-02 -0.2336315E-08
        48      3 -0.1092579E-02 -0.5616296E-03  0.0000000E+00  0.0000000E+00 -0.5414705E-02 -0.9360294E-08
        48      4 -0.3693906E-02 -0.9517504E-03  0.0000000E+00  0.0000000E+00 -0.3394455E-01 -0.5902479E-07

        49      0  0.0000000E+00  0.0000000E+00  0.0000000E+00  0.0000000E+00  0.0000000E+00  0.0000000E+00
        49      1  0.0000000E+00  0.0000000E+00  0.0000000E+00  0.0000000E+00  0.0000000E+00  0.0000000E+00
        49      2 -0.6744035E-03  0.4869770E-03  0.0000000E+00  0.0000000E+00 -0.1383008E-02 -0.2438094E-08
        49      3 -0.1298038E-02  0.9798357E-03  0.0000000E+00  0.0000000E+00 -0.5534928E-02 -0.9750923E-08
        49      4 -0.2253663E-02  0.2484566E-02  0.0000000E+00  0.0000000E+00 -0.3467109E-01 -0.6064615E-07

        50      0  0.0000000E+00  0.0000000E+00  0.0000000E+00  0.0000000E+00  0.0000000E+00  0.0000000E+00
        50      1  0.0000000E+00  0.0000000E+00  0.0000000E+00  0.0000000E+00  0.0000000E+00  0.0000000E+00
        50      2  0.1092510E-02 -0.1254961E-03  0.0000000E+00  0.0000000E+00 -0.1408656E-02 -0.2508080E-08
        50      3  0.2197983E-02 -0.2804787E-03  0.0000000E+00  0.0000000E+00 -0.5640351E-02 -0.1005099E-07
        50      4  0.5572577E-02 -0.1194772E-02  0.0000000E+00  0.0000000E+00 -0.3534820E-01 -0.6331587E-07

        51      0  0.0000000E+00  0.0000000E+00  0.0000000E+00  0.0000000E+00  0.0000000E+00  0.0000000E+00
        51      1  0.0000000E+00  0.0000000E+00  0.0000000E+00  0.0000000E+00  0.0000000E+00  0.0000000E+00
        51      2 -0.2698409E-03 -0.3783399E-03  0.0000000E+00  0.0000000E+00 -0.1433963E-02 -0.2479958E-08
        51      3 -0.6116529E-03 -0.7356337E-03  0.0000000E+00  0.0000000E+00 -0.5745673E-02 -0.9929412E-08
        51      4 -0.2687326E-02 -0.1429651E-02  0.0000000E+00  0.0000000E+00 -0.3601784E-01 -0.6240021E-07

        52      0  0.0000000E+00  0.0000000E+00  0.0000000E+00  0.0000000E+00  0.0000000E+00  0.0000000E+00
        52      1  0.0000000E+00  0.0000000E+00  0.0000000E+00  0.0000000E+00  0.0000000E+00  0.0000000E+00
        52      2 -0.8634543E-03  0.4516635E-03  0.0000000E+00  0.0000000E+00 -0.1465343E-02 -0.2607143E-08
        52      3 -0.1683744E-02  0.9164871E-03  0.0000000E+00  0.0000000E+00 -0.5865205E-02 -0.1042837E-07
        52      4 -0.3319268E-02  0.2450453E-02  0.0000000E+00  0.0000000E+00 -0.3674548E-01 -0.6489117E-07

        53      0  0.0000000E+00  0.0000000E+00  0.0000000E+00  0.0000000E+00  0.0000000E+00  0.0000000E+00
        53      1  0.0000000E+00  0.0000000E+00  0.0000000E+00  0.0000000E+00  0.0000000E+00  0.0000000E+00
        53      2  0.1009588E-02 -0.9812311E-05  0.0000000E+00  0.0000000E+00 -0.1491384E-02 -0.2636942E-08
        53      3  0.2048898E-02 -0.5174129E-04  0.0000000E+00  0.0000000E+00 -0.5970671E-02 -0.1056916E-07
        53      4  0.5490086E-02 -0.6863254E-03  0.0000000E+00  0.0000000E+00 -0.3741509E-01 -0.6672984E-07

        54      0  0.0000000E+00  0.0000000E+00  0.0000000E+00  0.0000000E+00  0.0000000E+00  0.0000000E+00
        54      1  0.0000000E+00  0.0000000E+00  0.0000000E+00  0.0000000E+00  0.0000000E+00  0.0000000E+00
        54      2 -0.9337513E-05 -0.4426458E-03  0.0000000E+00  0.0000000E+00 -0.1516487E-02 -0.2634033E-08
        54      3 -0.9720117E-04 -0.8695809E-03  0.0000000E+00  0.0000000E+00 -0.6076185E-02 -0.1053953E-07
        54      4 -0.1549958E-02 -0.1838295E-02  0.0000000E+00  0.0000000E+00 -0.3808797E-01 -0.6596603E-07

        55      0  0.0000000E+00  0.0000000E+00  0.0000000E+00  0.0000000E+00  0.0000000E+00  0.0000000E+00
        55      1  0.0000000E+00  0.0000000E+00  0.0000000E+00  0.0000000E+00  0.0000000E+00  0.0000000E+00
        55      2 -0.1004722E-02  0.3913534E-03  0.0000000E+00  0.0000000E+00 -0.1547273E-02 -0.2769717E-08
        55      3 -0.1977834E-02  0.8032673E-03  0.0000000E+00  0.0000000E+00 -0.6194002E-02 -0.1108248E-07
        55      4 -0.4223303E-02  0.2297384E-02  0.0000000E+00  0.0000000E+00 -0.3881174E-01 -0.6908994E-07

        56      0  0.0000000E+00  0.0000000E+00  0.0000000E+00  0.0000000E+00  0.0000000E+00  0.0000000E+00
        56      1  0.0000000E+00  0.0000000E+00  0.0000000E+00  0.0000000E+00  0.0000000E+00  0.0000000E+00
        56      2  0.8705398E-03  0.1064254E-03  0.0000000E+00  0.0000000E+00 -0.1573911E-02 -0.2763698E-08
        56      3  0.1787310E-02  0.1798697E-03  0.0000000E+00  0.0000000E+00 -0.6300239E-02 -0.1107665E-07
        56      4  0.5135358E-02 -0.1437671E-03  0.0000000E+00  0.0000000E+00 -0.3947650E-01 -0.6998512E-07

        57      0  0.0000000E+00  0.0000000E+00  0.0000000E+00  0.0000000E+00  0.0000000E+00  0.0000000E+00
        57      1  0.0000000E+00  0.0000000E+00  0.0000000E+00  0.0000000E+00  0.0000000E+00  0.0000000E+00
        57      2  0.2517486E-03 -0.4824314E-03  0.0000000E+00  0.0000000E+00 -0.1598906E-02 -0.2797519E-08
        57      3  0.4228081E-03 -0.9561361E-03  0.0000000E+00  0.0000000E+00 -0.6406082E-02 -0.1118831E-07
        57      4 -0.3361574E-03 -0.2157804E-02  0.0000000E+00  0.0000000E+00 -0.4015416E-01 -0.6976243E-07

        58      0  0.0000000E+00  0.0000000E+00  0.0000000E+00  0.0000000E+00  0.0000000E+00  0.0000000E+00
        58      1  0.0000000E+00  0.0000000E+00  0.0000000E+00  0.0000000E+00  0.0000000E+00  0.0000000E+00
        58      2 -0.1090437E-02  0.3093963E-03  0.0000000E+00  0.0000000E+00 -0.1628828E-02 -0.2922927E-08
        58      3 -0.2164492E-02  0.6463833E-03  0.0000000E+00  0.0000000E+00 -0.6521389E-02 -0.1170138E-07
        58      4 -0.4922979E-02  0.2033069E-02  0.0000000E+00  0.0000000E+00 -0.4086940E-01 -0.7316100E-07

        59      0  0.0000000E+00  0.0000000E+00  0.0000000E+00  0.0000000E+00  0.0000000E+00  0.0000000E+00
        59      1  0.0000000E+00  0.0000000E+00  0.0000000E+00  0.0000000E+00  0.0000000E+00  0.0000000E+00
        59      2  0.6831247E-03  0.2167582E-03  0.0000000E+00  0.0000000E+00 -0.1656246E-02 -0.2893285E-08
        59      3  0.1427695E-02  0.4016505E-03  0.0000000E+00  0.0000000E+00 -0.6629131E-02 -0.1159312E-07
        59      4  0.4526248E-02  0.4061419E-03  0.0000000E+00  0.0000000E+00 -0.4153306E-01 -0.7318221E-07

        60      0  0.0000000E+00  0.0000000E+00  0.0000000E+00  0.0000000E+00  0.0000000E+00  0.0000000E+00
        60      1  0.0000000E+00  0.0000000E+00  0.0000000E+00  0.0000000E+00  0.0000000E+00  0.0000000E+00
        60      2  0.4989398E-03 -0.4954783E-03  0.0000000E+00  0.0000000E+00 -0.1681173E-02 -0.2967308E-08
        60      3  0.9199908E-03 -0.9905265E-03  0.0000000E+00  0.0000000E+00 -0.6735178E-02 -0.1186486E-07
        60      4  0.8955501E-03 -0.2372480E-02  0.0000000E+00  0.0000000E+00 -0.4221539E-01 -0.7378516E-07

        61      0  0.0000000E+00  0.0000000E+00  0.0000000E+00  0.0000000E+00  0.0000000E+00  0.0000000E+00
        61      1  0.0000000E+00  0.0000000E+00  0.0000000E+00  0.0000000E+00  0.0000000E+00  0.0000000E+00
        61      2 -0.1115890E-02  0.2103338E-03  0.0000000E+00  0.0000000E+00 -0.1710065E-02 -0.3065897E-08
        61      3 -0.2233710E-02  0.4543974E-03  0.0000000E+00  0.0000000E+00 -0.6847527E-02 -0.1228051E-07
        61      4 -0.5385383E-02  0.1670524E-02  0.0000000E+00  0.0000000E+00 -0.4291859E-01 -0.7704641E-07

        62      0  0.0000000E+00  0.0000000E+00  0.0000000E+00  0.0000000E+00  0.0000000E+00  0.0000000E+00
        62      1  0.0000000E+00  0.0000000E+00  0.0000000E+00  0.0000000E+00  0.0000000E+00  0.0000000E+00
        62      2  0.4577942E-03  0.3150583E-03  0.0000000E+00  0.0000000E+00 -0.1738379E-02 -0.3029979E-08
        62      3  0.9899232E-03  0.6014458E-03  0.0000000E+00  0.0000000E+00 -0.6957365E-02 -0.1213596E-07
        62      4  0.3693479E-02  0.9362472E-03  0.0000000E+00  0.0000000E+00 -0.4358529E-01 -0.7643093E-07

        63      0  0.0000000E+00  0.0000000E+00  0.0000000E+00  0.0000000E+00  0.0000000E+00  0.0000000E+00
        63      1  0.0000000E+00  0.0000000E+00  0.0000000E+00  0.0000000E+00  0.0000000E+00  0.0000000E+00
        63      2  0.7185008E-03 -0.4810472E-03  0.0000000E+00  0.0000000E+00 -0.1763241E-02 -0.3138869E-08
        63      3  0.1367096E-02 -0.9708123E-03  0.0000000E+00  0.0000000E+00 -0.7063302E-02 -0.1255200E-07
        63      4  0.2085152E-02 -0.2471591E-02  0.0000000E+00  0.0000000E+00 -0.4427065E-01 -0.7798365E-07

        64      0  0.0000000E+00  0.0000000E+00  0.0000000E+00  0.0000000E+00  0.0000000E+00  0.0000000E+00
        64      1  0.0000000E+00  0.0000000E+00  0.0000000E+00  0.0000000E+00  0.0000000E+00  0.0000000E+00
        64      2 -0.1079691E-02  0.9964871E-04  0.0000000E+00  0.0000000E+00 -0.1791054E-02 -0.3199947E-08
        64      3 -0.2181802E-02  0.2377598E-03  0.0000000E+00  0.0000000E+00 -0.7172647E-02 -0.1282353E-07
        64      4 -0.5588879E-02  0.1227434E-02  0.0000000E+00  0.0000000E+00 -0.4496003E-01 -0.8072052E-07

        65      0  0.0000000E+00  0.0000000E+00  0.0000000E+00  0.0000000E+00  0.0000000E+00  0.0000000E+00
        65      1  0.0000000E+00  0.0000000E+00  0.0000000E+00  0.0000000E+00  0.0000000E+00  0.0000000E+00
        65      2  0.2070969E-03  0.3958711E-03  0.0000000E+00  0.0000000E+00 -0.1820282E-02 -0.3176460E-08
        65      3  0.4981271E-03  0.7683236E-03  0.0000000E+00  0.0000000E+00 -0.7284880E-02 -0.1271657E-07
        65      4  0.2678985E-02  0.1420388E-02  0.0000000E+00  0.0000000E+00 -0.4563349E-01 -0.7982721E-07

        66      0  0.0000000E+00  0.0000000E+00  0.0000000E+00  0.0000000E+00  0.0000000E+00  0.0000000E+00
        66      1  0.0000000E+00  0.0000000E+00  0.0000000E+00  0.0000000E+00  0.0000000E+00  0.0000000E+00
        66      2  0.8982072E-03 -0.4399223E-03  0.0000000E+00  0.0000000E+00 -0.1845072E-02 -0.3307252E-08
        66      3  0.1739518E-02 -0.8980073E-03  0.0000000E+00  0.0000000E+00 -0.7390330E-02 -0.1322996E-07
        66      4  0.3174046E-02 -0.2449961E-02  0.0000000E+00  0.0000000E+00 -0.4631919E-01 -0.8226913E-07

        67      0  0.0000000E+00  0.0000000E+00  0.0000000E+00  0.0000000E+00  0.0000000E+00  0.0000000E+00
        67      1  0.0000000E+00  0.0000000E+00  0.0000000E+00  0.0000000E+00  0.0000000E+00  0.0000000E+00
        67      2 -0.9838364E-03 -0.1653737E-04  0.0000000E+00  0.0000000E+00 -0.1871871E-02 -0.3328319E-08
        67      3 -0.2011583E-02  0.8244748E-05  0.0000000E+00  0.0000000E+00 -0.7497001E-02 -0.1334165E-07
        67      4 -0.5524040E-02  0.7253044E-03  0.0000000E+00  0.0000000E+00 -0.4699491E-01 -0.8419397E-07

        68      0  0.0000000E+00  0.0000000E+00  0.0000000E+00  0.0000000E+00  0.0000000E+00  0.0000000E+00
        68      1  0.0000000E+00  0.0000000E+00  0.0000000E+00  0.0000000E+00  0.0000000E+00  0.0000000E+00
        68      2 -0.5502895E-04  0.4547193E-03  0.0000000E+00  0.0000000E+00 -0.1901915E-02 -0.3333254E-08
        68      3 -0.2067327E-04  0.8931785E-03  0.0000000E+00  0.0000000E+00 -0.7611550E-02 -0.1333804E-07
        68      4  0.1533609E-02  0.1834743E-02  0.0000000E+00  0.0000000E+00 -0.4767772E-01 -0.8343417E-07

        69      0  0.0000000E+00  0.0000000E+00  0.0000000E+00  0.0000000E+00  0.0000000E+00  0.0000000E+00
        69      1  0.0000000E+00  0.0000000E+00  0.0000000E+00  0.0000000E+00  0.0000000E+00  0.0000000E+00
        69      2  0.1028035E-02 -0.3743717E-03  0.0000000E+00  0.0000000E+00 -0.1926647E-02 -0.3468192E-08
        69      3  0.2016684E-02 -0.7760364E-03  0.0000000E+00  0.0000000E+00 -0.7716208E-02 -0.1388085E-07
        69      4  0.4108035E-02 -0.2308304E-02  0.0000000E+00  0.0000000E+00 -0.4836054E-01 -0.8653204E-07

        70      0  0.0000000E+00  0.0000000E+00  0.0000000E+00  0.0000000E+00  0.0000000E+00  0.0000000E+00
        70      1  0.0000000E+00  0.0000000E+00  0.0000000E+00  0.0000000E+00  0.0000000E+00  0.0000000E+00
        70      2 -0.8336033E-03 -0.1318005E-03  0.0000000E+00  0.0000000E+00 -0.1952581E-02 -0.3455498E-08
        70      3 -0.1732219E-02 -0.2216826E-03  0.0000000E+00  0.0000000E+00 -0.7820814E-02 -0.1385139E-07
        70      4 -0.5194053E-02  0.1884264E-03  0.0000000E+00  0.0000000E+00 -0.4902464E-01 -0.8751261E-07

        71      0  0.0000000E+00  0.0000000E+00  0.0000000E+00  0.0000000E+00  0.0000000E+00  0.0000000E+00
        71      1  0.0000000E+00  0.0000000E+00  0.0000000E+00  0.0000000E+00  0.0000000E+00  0.0000000E+00
        71      2 -0.3140381E-03  0.4883500E-03  0.0000000E+00  0.0000000E+00 -0.1983230E-02 -0.3498640E-08
        71      3 -0.5380820E-03  0.9692279E-03  0.0000000E+00  0.0000000E+00 -0.7937202E-02 -0.1399470E-07
        71      4  0.3143446E-03  0.2159052E-02  0.0000000E+00  0.0000000E+00 -0.4971765E-01 -0.8727140E-07

        72      0  0.0000000E+00  0.0000000E+00  0.0000000E+00  0.0000000E+00  0.0000000E+00  0.0000000E+00
        72      1  0.0000000E+00  0.0000000E+00  0.0000000E+00  0.0000000E+00  0.0000000E+00  0.0000000E+00
        72      2  0.1100730E-02 -0.2880239E-03  0.0000000E+00  0.0000000E+00 -0.2007962E-02 -0.3619073E-08
        72      3  0.2183233E-02 -0.6115322E-03  0.0000000E+00  0.0000000E+00 -0.8040953E-02 -0.1449276E-07
        72      4  0.4840214E-02 -0.2053258E-02  0.0000000E+00  0.0000000E+00 -0.5039462E-01 -0.9066512E-07

        73      0  0.0000000E+00  0.0000000E+00  0.0000000E+00  0.0000000E+00  0.0000000E+00  0.0000000E+00
        73      1  0.0000000E+00  0.0000000E+00  0.0000000E+00  0.0000000E+00  0.0000000E+00  0.0000000E+00
        73      2 -0.6372638E-03 -0.2397667E-03  0.0000000E+00  0.0000000E+00 -0.2033231E-02 -0.3586260E-08
        73      3 -0.1358756E-02 -0.4395339E-03  0.0000000E+00  0.0000000E+00 -0.8144243E-02 -0.1437130E-07
        73      4 -0.4614558E-02 -0.3572830E-03  0.0000000E+00  0.0000000E+00 -0.5105050E-01 -0.9075102E-07

        74      0  0.0000000E+00  0.0000000E+00  0.0000000E+00  0.0000000E+00  0.0000000E+00  0.0000000E+00
        74      1  0.0000000E+00  0.0000000E+00  0.0000000E+00  0.0000000E+00  0.0000000E+00  0.0000000E+00
        74      2 -0.5555872E-03  0.4949135E-03  0.0000000E+00  0.0000000E+00 -0.2064181E-02 -0.3669054E-08
        74      3 -0.1025895E-02  0.9923753E-03  0.0000000E+00  0.0000000E+00 -0.8261651E-02 -0.1467357E-07
        74      4 -0.9187013E-03  0.2377623E-02  0.0000000E+00  0.0000000E+00 -0.5175260E-01 -0.9131390E-07

        75      0  0.0000000E+00  0.0000000E+00  0.0000000E+00  0.0000000E+00  0.0000000E+00  0.0000000E+00
        75      1  0.0000000E+00  0.0000000E+00  0.0000000E+00  0.0000000E+00  0.0000000E+00  0.0000000E+00
        75      2  0.1112223E-02 -0.1856678E-03  0.0000000E+00  0.0000000E+00 -0.2089030E-02 -0.3759517E-08
        75      3  0.2229901E-02 -0.4134776E-03  0.0000000E+00  0.0000000E+00 -0.8364647E-02 -0.1506242E-07
        75      4  0.5333543E-02 -0.1697110E-02  0.0000000E+00  0.0000000E+00 -0.5242164E-01 -0.9458701E-07

        76      0  0.0000000E+00  0.0000000E+00  0.0000000E+00  0.0000000E+00  0.0000000E+00  0.0000000E+00
        76      1  0.0000000E+00  0.0000000E+00  0.0000000E+00  0.0000000E+00  0.0000000E+00  0.0000000E+00
        76      2 -0.4056385E-03 -0.3344623E-03  0.0000000E+00  0.0000000E+00 -0.2113841E-02 -0.3724639E-08
        76      3 -0.9113334E-03 -0.6334662E-03  0.0000000E+00  0.0000000E+00 -0.8467347E-02 -0.1491803E-07
        76      4 -0.3812940E-02 -0.8855140E-03  0.0000000E+00  0.0000000E+00 -0.5307341E-01 -0.9400096E-07

        77      0  0.0000000E+00  0.0000000E+00  0.0000000E+00  0.0000000E+00  0.0000000E+00  0.0000000E+00
        77      1  0.0000000E+00  0.0000000E+00  0.0000000E+00  0.0000000E+00  0.0000000E+00  0.0000000E+00
        77      2 -0.7663272E-03  0.4740623E-03  0.0000000E+00  0.0000000E+00 -0.2144737E-02 -0.3839876E-08
        77      3 -0.1457630E-02  0.9614213E-03  0.0000000E+00  0.0000000E+00 -0.8584739E-02 -0.1535718E-07
        77      4 -0.2105388E-02  0.2480068E-02  0.0000000E+00  0.0000000E+00 -0.5378163E-01 -0.9549962E-07

        78      0  0.0000000E+00  0.0000000E+00  0.0000000E+00  0.0000000E+00  0.0000000E+00  0.0000000E+00
        78      1  0.0000000E+00  0.0000000E+00  0.0000000E+00  0.0000000E+00  0.0000000E+00  0.0000000E+00
        78      2  0.1061863E-02 -0.7298655E-04  0.0000000E+00  0.0000000E+00 -0.2169873E-02 -0.3891471E-08
        78      3  0.2154067E-02 -0.1927145E-03  0.0000000E+00  0.0000000E+00 -0.8687410E-02 -0.1559604E-07
        78      4  0.5562907E-02 -0.1257209E-02  0.0000000E+00  0.0000000E+00 -0.5444204E-01 -0.9826041E-07

        79      0  0.0000000E+00  0.0000000E+00  0.0000000E+00  0.0000000E+00  0.0000000E+00  0.0000000E+00
        79      1  0.0000000E+00  0.0000000E+00  0.0000000E+00  0.0000000E+00  0.0000000E+00  0.0000000E+00
        79      2 -0.1515104E-03 -0.4106427E-03  0.0000000E+00  0.0000000E+00 -0.2194405E-02 -0.3873040E-08
        79      3 -0.4141421E-03 -0.7929181E-03  0.0000000E+00  0.0000000E+00 -0.8790085E-02 -0.1550278E-07
        79      4 -0.2827104E-02 -0.1370796E-02  0.0000000E+00  0.0000000E+00 -0.5509366E-01 -0.9735577E-07

        80      0  0.0000000E+00  0.0000000E+00  0.0000000E+00  0.0000000E+00  0.0000000E+00  0.0000000E+00
        80      1  0.0000000E+00  0.0000000E+00  0.0000000E+00  0.0000000E+00  0.0000000E+00  0.0000000E+00
        80      2 -0.9346343E-03  0.4269669E-03  0.0000000E+00  0.0000000E+00 -0.2224886E-02 -0.4006424E-08
        80      3 -0.1809941E-02  0.8781150E-03  0.0000000E+00  0.0000000E+00 -0.8906379E-02 -0.1602735E-07
        80      4 -0.3188460E-02  0.2461737E-02  0.0000000E+00  0.0000000E+00 -0.5580368E-01 -0.9974320E-07

        81      0  0.0000000E+00  0.0000000E+00  0.0000000E+00  0.0000000E+00  0.0000000E+00  0.0000000E+00
        81      1  0.0000000E+00  0.0000000E+00  0.0000000E+00  0.0000000E+00  0.0000000E+00  0.0000000E+00
        81      2  0.9524589E-03  0.4375918E-04  0.0000000E+00  0.0000000E+00 -0.2250511E-02 -0.4018757E-08
        81      3  0.1959912E-02  0.3865469E-04  0.0000000E+00  0.0000000E+00 -0.9009373E-02 -0.1610776E-07
        81      4  0.5516516E-02 -0.7551092E-03  0.0000000E+00  0.0000000E+00 -0.5645639E-01 -0.1017003E-06

        82      0  0.0000000E+00  0.0000000E+00  0.0000000E+00  0.0000000E+00  0.0000000E+00  0.0000000E+00
        82      1  0.0000000E+00  0.0000000E+00  0.0000000E+00  0.0000000E+00  0.0000000E+00  0.0000000E+00
        82      2  0.1110717E-03 -0.4640817E-03  0.0000000E+00  0.0000000E+00 -0.2274893E-02 -0.4031689E-08
        82      3  0.1058498E-03 -0.9091806E-03  0.0000000E+00  0.0000000E+00 -0.9112334E-02 -0.1612870E-07
        82      4 -0.1703829E-02 -0.1789673E-02  0.0000000E+00  0.0000000E+00 -0.5711100E-01 -0.1008929E-06

        83      0  0.0000000E+00  0.0000000E+00  0.0000000E+00  0.0000000E+00  0.0000000E+00  0.0000000E+00
        83      1  0.0000000E+00  0.0000000E+00  0.0000000E+00  0.0000000E+00  0.0000000E+00  0.0000000E+00
        83      2 -0.1051242E-02  0.3562478E-03  0.0000000E+00  0.0000000E+00 -0.2304647E-02 -0.4164955E-08
        83      3 -0.2063844E-02  0.7470456E-03  0.0000000E+00  0.0000000E+00 -0.9226576E-02 -0.1666882E-07
        83      4 -0.4116182E-02  0.2323861E-02  0.0000000E+00  0.0000000E+00 -0.5781784E-01 -0.1039522E-06

        84      0  0.0000000E+00  0.0000000E+00  0.0000000E+00  0.0000000E+00  0.0000000E+00  0.0000000E+00
        84      1  0.0000000E+00  0.0000000E+00  0.0000000E+00  0.0000000E+00  0.0000000E+00  0.0000000E+00
        84      2  0.7901166E-03  0.1580819E-03  0.0000000E+00  0.0000000E+00 -0.2330960E-02 -0.4146213E-08
        84      3  0.1658180E-02  0.2679388E-03  0.0000000E+00  0.0000000E+00 -0.9330641E-02 -0.1661643E-07
        84      4  0.5196567E-02 -0.2155096E-03  0.0000000E+00  0.0000000E+00 -0.5846535E-01 -0.1049702E-06

        85      0  0.0000000E+00  0.0000000E+00  0.0000000E+00  0.0000000E+00  0.0000000E+00  0.0000000E+00
        85      1  0.0000000E+00  0.0000000E+00  0.0000000E+00  0.0000000E+00  0.0000000E+00  0.0000000E+00
        85      2  0.3675634E-03 -0.4918068E-03  0.0000000E+00  0.0000000E+00 -0.2355260E-02 -0.4198555E-08
        85      3  0.6203299E-03 -0.9758733E-03  0.0000000E+00  0.0000000E+00 -0.9433919E-02 -0.1678998E-07
        85      4 -0.4967439E-03 -0.2121790E-02  0.0000000E+00  0.0000000E+00 -0.5912468E-01 -0.1046576E-06

        86      0  0.0000000E+00  0.0000000E+00  0.0000000E+00  0.0000000E+00  0.0000000E+00  0.0000000E+00
        86      1  0.0000000E+00  0.0000000E+00  0.0000000E+00  0.0000000E+00  0.0000000E+00  0.0000000E+00
        86      2 -0.1109739E-02  0.2658279E-03  0.0000000E+00  0.0000000E+00 -0.2384061E-02 -0.4313450E-08
        86      3 -0.2205699E-02  0.5753840E-03  0.0000000E+00  0.0000000E+00 -0.9545438E-02 -0.1727234E-07
        86      4 -0.4844600E-02  0.2073424E-02  0.0000000E+00  0.0000000E+00 -0.5982360E-01 -0.1080429E-06

        87      0  0.0000000E+00  0.0000000E+00  0.0000000E+00  0.0000000E+00  0.0000000E+00  0.0000000E+00
        87      1  0.0000000E+00  0.0000000E+00  0.0000000E+00  0.0000000E+00  0.0000000E+00  0.0000000E+00
        87      2  0.5838939E-03  0.2636302E-03  0.0000000E+00  0.0000000E+00 -0.2411220E-02 -0.4278602E-08
        87      3  0.1265560E-02  0.4825642E-03  0.0000000E+00  0.0000000E+00 -0.9651271E-02 -0.1714134E-07
        87      4  0.4619150E-02  0.3349818E-03  0.0000000E+00  0.0000000E+00 -0.6046953E-01 -0.1081677E-06

        88      0  0.0000000E+00  0.0000000E+00  0.0000000E+00  0.0000000E+00  0.0000000E+00  0.0000000E+00
        88      1  0.0000000E+00  0.0000000E+00  0.0000000E+00  0.0000000E+00  0.0000000E+00  0.0000000E+00
        88      2  0.6037284E-03 -0.4922662E-03  0.0000000E+00  0.0000000E+00 -0.2435458E-02 -0.4369769E-08
        88      3  0.1101171E-02 -0.9893005E-03  0.0000000E+00  0.0000000E+00 -0.9754655E-02 -0.1747292E-07
        88      4  0.7360252E-03 -0.2350855E-02  0.0000000E+00  0.0000000E+00 -0.6113368E-01 -0.1086519E-06

        89      0  0.0000000E+00  0.0000000E+00  0.0000000E+00  0.0000000E+00  0.0000000E+00  0.0000000E+00
        89      1  0.0000000E+00  0.0000000E+00  0.0000000E+00  0.0000000E+00  0.0000000E+00  0.0000000E+00
        89      2 -0.1106918E-02  0.1607147E-03  0.0000000E+00  0.0000000E+00 -0.2463195E-02 -0.4452043E-08
        89      3 -0.2227913E-02  0.3724876E-03  0.0000000E+00  0.0000000E+00 -0.9863157E-02 -0.1783655E-07
        89      4 -0.5339425E-02  0.1722780E-02  0.0000000E+00  0.0000000E+00 -0.6182099E-01 -0.1119538E-06

        90      0  0.0000000E+00  0.0000000E+00  0.0000000E+00  0.0000000E+00  0.0000000E+00  0.0000000E+00
        90      1  0.0000000E+00  0.0000000E+00  0.0000000E+00  0.0000000E+00  0.0000000E+00  0.0000000E+00
        90      2  0.3452843E-03  0.3545441E-03  0.0000000E+00  0.0000000E+00 -0.2491272E-02 -0.4419569E-08
        90      3  0.8037293E-03  0.6707740E-03  0.0000000E+00  0.0000000E+00 -0.9971250E-02 -0.1769793E-07
        90      4  0.3813393E-02  0.8691837E-03  0.0000000E+00  0.0000000E+00 -0.6246947E-01 -0.1114028E-06

        91      0  0.0000000E+00  0.0000000E+00  0.0000000E+00  0.0000000E+00  0.0000000E+00  0.0000000E+00
        91      1  0.0000000E+00  0.0000000E+00  0.0000000E+00  0.0000000E+00  0.0000000E+00  0.0000000E+00
        91      2  0.8064319E-03 -0.4654182E-03  0.0000000E+00  0.0000000E+00 -0.2515443E-02 -0.4540472E-08
        91      3  0.1521975E-02 -0.9486651E-03  0.0000000E+00  0.0000000E+00 -0.1007438E-01 -0.1815883E-07
        91      4  0.1934498E-02 -0.2465451E-02  0.0000000E+00  0.0000000E+00 -0.6313701E-01 -0.1128308E-06

        92      0  0.0000000E+00  0.0000000E+00  0.0000000E+00  0.0000000E+00  0.0000000E+00  0.0000000E+00
        92      1  0.0000000E+00  0.0000000E+00  0.0000000E+00  0.0000000E+00  0.0000000E+00  0.0000000E+00
        92      2 -0.1042941E-02  0.4672356E-04  0.0000000E+00  0.0000000E+00 -0.2542120E-02 -0.4582994E-08
        92      3 -0.2129323E-02  0.1493929E-03  0.0000000E+00  0.0000000E+00 -0.1017998E-01 -0.1836819E-07
        92      4 -0.5577488E-02  0.1289049E-02  0.0000000E+00  0.0000000E+00 -0.6381066E-01 -0.1156547E-06

        93      0  0.0000000E+00  0.0000000E+00  0.0000000E+00  0.0000000E+00  0.0000000E+00  0.0000000E+00
        93      1  0.0000000E+00  0.0000000E+00  0.0000000E+00  0.0000000E+00  0.0000000E+00  0.0000000E+00
        93      2  0.8756638E-04  0.4257821E-03  0.0000000E+00  0.0000000E+00 -0.2571084E-02 -0.4570848E-08
        93      3  0.2981155E-03  0.8222798E-03  0.0000000E+00  0.0000000E+00 -0.1029049E-01 -0.1829454E-07
        93      4  0.2819882E-02  0.1360728E-02  0.0000000E+00  0.0000000E+00 -0.6446553E-01 -0.1147744E-06

        94      0  0.0000000E+00  0.0000000E+00  0.0000000E+00  0.0000000E+00  0.0000000E+00  0.0000000E+00
        94      1  0.0000000E+00  0.0000000E+00  0.0000000E+00  0.0000000E+00  0.0000000E+00  0.0000000E+00
        94      2  0.9643782E-03 -0.4127369E-03  0.0000000E+00  0.0000000E+00 -0.2595186E-02 -0.4705895E-08
        94      3  0.1859549E-02 -0.8561265E-03  0.0000000E+00  0.0000000E+00 -0.1039301E-01 -0.1882814E-07
        94      4  0.3039722E-02 -0.2459653E-02  0.0000000E+00  0.0000000E+00 -0.6513384E-01 -0.1171099E-06

        95      0  0.0000000E+00  0.0000000E+00  0.0000000E+00  0.0000000E+00  0.0000000E+00  0.0000000E+00
        95      1  0.0000000E+00  0.0000000E+00  0.0000000E+00  0.0000000E+00  0.0000000E+00  0.0000000E+00
        95      2 -0.9213324E-03 -0.6984227E-04  0.0000000E+00  0.0000000E+00 -0.2620910E-02 -0.4710221E-08
        95      3 -0.1915250E-02 -0.8177935E-04  0.0000000E+00  0.0000000E+00 -0.1049615E-01 -0.1888090E-07
        95      4 -0.5547735E-02  0.7932925E-03  0.0000000E+00  0.0000000E+00 -0.6579376E-01 -0.1191513E-06

        96      0  0.0000000E+00  0.0000000E+00  0.0000000E+00  0.0000000E+00  0.0000000E+00  0.0000000E+00
        96      1  0.0000000E+00  0.0000000E+00  0.0000000E+00  0.0000000E+00  0.0000000E+00  0.0000000E+00
        96      2 -0.1749438E-03  0.4734008E-03  0.0000000E+00  0.0000000E+00 -0.2650609E-02 -0.4731917E-08
        96      3 -0.2235415E-03  0.9288270E-03  0.0000000E+00  0.0000000E+00 -0.1060885E-01 -0.1893082E-07
        96      4  0.1688447E-02  0.1785416E-02  0.0000000E+00  0.0000000E+00 -0.6645778E-01 -0.1183506E-06

        97      0  0.0000000E+00  0.0000000E+00  0.0000000E+00  0.0000000E+00  0.0000000E+00  0.0000000E+00
        97      1  0.0000000E+00  0.0000000E+00  0.0000000E+00  0.0000000E+00  0.0000000E+00  0.0000000E+00
        97      2  0.1068750E-02 -0.3371335E-03  0.0000000E+00  0.0000000E+00 -0.2674674E-02 -0.4862424E-08
        97      3  0.2095221E-02 -0.7166951E-03  0.0000000E+00  0.0000000E+00 -0.1071051E-01 -0.1946486E-07
        97      4  0.3996756E-02 -0.2333397E-02  0.0000000E+00  0.0000000E+00 -0.6712369E-01 -0.1213810E-06

        98      0  0.0000000E+00  0.0000000E+00  0.0000000E+00  0.0000000E+00  0.0000000E+00  0.0000000E+00
        98      1  0.0000000E+00  0.0000000E+00  0.0000000E+00  0.0000000E+00  0.0000000E+00  0.0000000E+00
        98      2 -0.7487860E-03 -0.1825377E-03  0.0000000E+00  0.0000000E+00 -0.2699624E-02 -0.4838470E-08
        98      3 -0.1597220E-02 -0.3084750E-03  0.0000000E+00  0.0000000E+00 -0.1081187E-01 -0.1939240E-07
        98      4 -0.5251704E-02  0.2595027E-03  0.0000000E+00  0.0000000E+00 -0.6777168E-01 -0.1224853E-06

        99      0  0.0000000E+00  0.0000000E+00  0.0000000E+00  0.0000000E+00  0.0000000E+00  0.0000000E+00
        99      1  0.0000000E+00  0.0000000E+00  0.0000000E+00  0.0000000E+00  0.0000000E+00  0.0000000E+00
        99      2 -0.4276929E-03  0.4947727E-03  0.0000000E+00  0.0000000E+00 -0.2729799E-02 -0.4900134E-08
        99      3 -0.7327346E-03  0.9846421E-03  0.0000000E+00  0.0000000E+00 -0.1092613E-01 -0.1959797E-07
        99      4  0.4754499E-03  0.2122461E-02  0.0000000E+00  0.0000000E+00 -0.6844596E-01 -0.1221571E-06

       100      0  0.0000000E+00  0.0000000E+00  0.0000000E+00  0.0000000E+00  0.0000000E+00  0.0000000E+00
       100      1  0.0000000E+00  0.0000000E+00  0.0000000E+00  0.0000000E+00  0.0000000E+00  0.0000000E+00
       100      2  0.1113711E-02 -0.2427973E-03  0.0000000E+00  0.0000000E+00 -0.2753913E-02 -0.5008426E-08
       100      3  0.2215912E-02 -0.5379674E-03  0.0000000E+00  0.0000000E+00 -0.1102692E-01 -0.2006019E-07
       100      4  0.4757589E-02 -0.2092560E-02  0.0000000E+00  0.0000000E+00 -0.6910641E-01 -0.1255352E-06
