# number of rays:       5
# iteration   ray    X              A              Y              B              T              D
         0      0  0.0000000E+00  0.0000000E+00  0.0000000E+00  0.0000000E+00  0.0000000E+00  0.0000000E+00
         0      1  0.0000000E+00  0.0000000E+00  0.0000000E+00  0.0000000E+00  0.0000000E+00  0.0000000E+00
         0      2  0.1000000E-02  0.0000000E+00  0.0000000E+00  0.0000000E+00  0.0000000E+00  0.0000000E+00
         0      3  0.2000000E-02  0.0000000E+00  0.0000000E+00  0.0000000E+00  0.0000000E+00  0.0000000E+00
         0      4  0.5000000E-02  0.0000000E+00  0.0000000E+00  0.0000000E+00  0.0000000E+00  0.0000000E+00

         1      0  0.0000000E+00  0.0000000E+00  0.0000000E+00  0.0000000E+00  0.0000000E+00  0.0000000E+00
         1      1  0.0000000E+00  0.0000000E+00  0.0000000E+00  0.0000000E+00  0.0000000E+00  0.0000000E+00
         1      2  0.2290353E-04 -0.4473713E-03  0.0000000E+00  0.0000000E+00 -0.1865851E-05 -0.1503193E-13
         1      3  0.5824859E-04 -0.8945515E-03  0.0000000E+00  0.0000000E+00 -0.1257698E-04 -0.1301855E-12
         1      4  0.2029683E-03 -0.2229152E-02  0.0000000E+00  0.0000000E+00 -0.9726535E-04 -0.2155221E-11

         2      0  0.0000000E+00  0.0000000E+00  0.0000000E+00  0.0000000E+00  0.0000000E+00  0.0000000E+00
         2      1  0.0000000E+00  0.0000000E+00  0.0000000E+00  0.0000000E+00  0.0000000E+00  0.0000000E+00
         2      2 -0.1006604E-02  0.3833537E-03  0.0000000E+00  0.0000000E+00 -0.8655606E-05 -0.1844269E-10
         2      3 -0.1997965E-02  0.7650161E-03  0.0000000E+00  0.0000000E+00 -0.3386863E-04 -0.7277456E-10
         2      4 -0.4852667E-02  0.1918492E-02  0.0000000E+00  0.0000000E+00 -0.2042759E-03 -0.4331103E-09

         3      0  0.0000000E+00  0.0000000E+00  0.0000000E+00  0.0000000E+00  0.0000000E+00  0.0000000E+00
         3      1  0.0000000E+00  0.0000000E+00  0.0000000E+00  0.0000000E+00  0.0000000E+00  0.0000000E+00
         3      2  0.8554434E-03  0.1142373E-03  0.0000000E+00  0.0000000E+00 -0.1571232E-04 -0.2942614E-10
         3      3  0.1713321E-02  0.2216788E-03  0.0000000E+00  0.0000000E+00 -0.6152473E-04 -0.1169332E-09
         3      4  0.4362142E-02  0.4599835E-03  0.0000000E+00  0.0000000E+00 -0.3710445E-03 -0.7190418E-09

         4      0  0.0000000E+00  0.0000000E+00  0.0000000E+00  0.0000000E+00  0.0000000E+00  0.0000000E+00
         4      1  0.0000000E+00  0.0000000E+00  0.0000000E+00  0.0000000E+00  0.0000000E+00  0.0000000E+00
         4      2  0.2806791E-03 -0.4824555E-03  0.0000000E+00  0.0000000E+00 -0.1646968E-04 -0.3160029E-10
         4      3  0.5603726E-03 -0.9594995E-03  0.0000000E+00  0.0000000E+00 -0.7052843E-04 -0.1260980E-09
         4      4  0.1255829E-02 -0.2345830E-02  0.0000000E+00  0.0000000E+00 -0.4514600E-03 -0.7756482E-09

         5      0  0.0000000E+00  0.0000000E+00  0.0000000E+00  0.0000000E+00  0.0000000E+00  0.0000000E+00
         5      1  0.0000000E+00  0.0000000E+00  0.0000000E+00  0.0000000E+00  0.0000000E+00  0.0000000E+00
         5      2 -0.1084214E-02  0.2987991E-03  0.0000000E+00  0.0000000E+00 -0.2364740E-04 -0.5234830E-10
         5      3 -0.2146356E-02  0.5974732E-03  0.0000000E+00  0.0000000E+00 -0.9419641E-04 -0.2079564E-09
         5      4 -0.5161801E-02  0.1552106E-02  0.0000000E+00  0.0000000E+00 -0.5734058E-03 -0.1259707E-08

         6      0  0.0000000E+00  0.0000000E+00  0.0000000E+00  0.0000000E+00  0.0000000E+00  0.0000000E+00
         6      1  0.0000000E+00  0.0000000E+00  0.0000000E+00  0.0000000E+00  0.0000000E+00  0.0000000E+00
         6      2  0.6638427E-03  0.2226817E-03  0.0000000E+00  0.0000000E+00 -0.3111366E-04 -0.5850700E-10
         6      3  0.1336173E-02  0.4336250E-03  0.0000000E+00  0.0000000E+00 -0.1219735E-03 -0.2334641E-09
         6      4  0.3551357E-02  0.9147936E-03  0.0000000E+00  0.0000000E+00 -0.7358680E-03 -0.1448082E-08

         7      0  0.0000000E+00  0.0000000E+00  0.0000000E+00  0.0000000E+00  0.0000000E+00  0.0000000E+00
         7      1  0.0000000E+00  0.0000000E+00  0.0000000E+00  0.0000000E+00  0.0000000E+00  0.0000000E+00
         7      2  0.5238528E-03 -0.4913337E-03  0.0000000E+00  0.0000000E+00 -0.3121416E-04 -0.6463642E-10
         7      3  0.1036345E-02 -0.9750832E-03  0.0000000E+00  0.0000000E+00 -0.1288083E-03 -0.2583531E-09
         7      4  0.2284028E-02 -0.2378248E-02  0.0000000E+00  0.0000000E+00 -0.8046504E-03 -0.1588654E-08

         8      0  0.0000000E+00  0.0000000E+00  0.0000000E+00  0.0000000E+00  0.0000000E+00  0.0000000E+00
         8      1  0.0000000E+00  0.0000000E+00  0.0000000E+00  0.0000000E+00  0.0000000E+00  0.0000000E+00
         8      2 -0.1102450E-02  0.1976059E-03  0.0000000E+00  0.0000000E+00 -0.3868709E-04 -0.8542395E-10
         8      3 -0.2182412E-02  0.3975635E-03  0.0000000E+00  0.0000000E+00 -0.1547514E-03 -0.3406071E-09
         8      4 -0.5276433E-02  0.1119267E-02  0.0000000E+00  0.0000000E+00 -0.9423191E-03 -0.2085542E-08

         9      0  0.0000000E+00  0.0000000E+00  0.0000000E+00  0.0000000E+00  0.0000000E+00  0.0000000E+00
         9      1  0.0000000E+00  0.0000000E+00  0.0000000E+00  0.0000000E+00  0.0000000E+00  0.0000000E+00
         9      2  0.4359981E-03  0.3193487E-03  0.0000000E+00  0.0000000E+00 -0.4617533E-04 -0.8769117E-10
         9      3  0.8895307E-03  0.6245216E-03  0.0000000E+00  0.0000000E+00 -0.1812710E-03 -0.3507717E-09
         9      4  0.2604194E-02  0.1345054E-02  0.0000000E+00  0.0000000E+00 -0.1094604E-02 -0.2186372E-08

        10      0  0.0000000E+00  0.0000000E+00  0.0000000E+00  0.0000000E+00  0.0000000E+00  0.0000000E+00
        10      1  0.0000000E+00  0.0000000E+00  0.0000000E+00  0.0000000E+00  0.0000000E+00  0.0000000E+00
        10      2  0.7389681E-03 -0.4736952E-03  0.0000000E+00  0.0000000E+00 -0.4617796E-04 -0.9870958E-10
        10      3  0.1460693E-02 -0.9411426E-03  0.0000000E+00  0.0000000E+00 -0.1877280E-03 -0.3947774E-09
        10      4  0.3243880E-02 -0.2327134E-02  0.0000000E+00  0.0000000E+00 -0.1158916E-02 -0.2427774E-08

        11      0  0.0000000E+00  0.0000000E+00  0.0000000E+00  0.0000000E+00  0.0000000E+00  0.0000000E+00
        11      1  0.0000000E+00  0.0000000E+00  0.0000000E+00  0.0000000E+00  0.0000000E+00  0.0000000E+00
        11      2 -0.1060421E-02  0.8556942E-04  0.0000000E+00  0.0000000E+00 -0.5369636E-04 -0.1172373E-09
        11      3 -0.2104573E-02  0.1767160E-03  0.0000000E+00  0.0000000E+00 -0.2152003E-03 -0.4684473E-09
        11      4 -0.5190886E-02  0.6408961E-03  0.0000000E+00  0.0000000E+00 -0.1310479E-02 -0.2893733E-08

        12      0  0.0000000E+00  0.0000000E+00  0.0000000E+00  0.0000000E+00  0.0000000E+00  0.0000000E+00
        12      1  0.0000000E+00  0.0000000E+00  0.0000000E+00  0.0000000E+00  0.0000000E+00  0.0000000E+00
        12      2  0.1847001E-03  0.3987945E-03  0.0000000E+00  0.0000000E+00 -0.6092038E-04 -0.1173775E-09
        12      3  0.3980675E-03  0.7837597E-03  0.0000000E+00  0.0000000E+00 -0.2395254E-03 -0.4696704E-09
        12      4  0.1565250E-02  0.1730281E-02  0.0000000E+00  0.0000000E+00 -0.1448335E-02 -0.2929521E-08

        13      0  0.0000000E+00  0.0000000E+00  0.0000000E+00  0.0000000E+00  0.0000000E+00  0.0000000E+00
        13      1  0.0000000E+00  0.0000000E+00  0.0000000E+00  0.0000000E+00  0.0000000E+00  0.0000000E+00
        13      2  0.9139967E-03 -0.4305930E-03  0.0000000E+00  0.0000000E+00 -0.6139791E-04 -0.1331675E-09
        13      3  0.1810185E-02 -0.8598108E-03  0.0000000E+00  0.0000000E+00 -0.2474544E-03 -0.5322722E-09
        13      4  0.4091353E-02 -0.2196339E-02  0.0000000E+00  0.0000000E+00 -0.1516078E-02 -0.3273485E-08

        14      0  0.0000000E+00  0.0000000E+00  0.0000000E+00  0.0000000E+00  0.0000000E+00  0.0000000E+00
        14      1  0.0000000E+00  0.0000000E+00  0.0000000E+00  0.0000000E+00  0.0000000E+00  0.0000000E+00
        14      2 -0.9604462E-03 -0.3092735E-04  0.0000000E+00  0.0000000E+00 -0.6859383E-04 -0.1476351E-09
        14      3 -0.1917045E-02 -0.5253452E-04  0.0000000E+00  0.0000000E+00 -0.2751961E-03 -0.5902341E-09
        14      4 -0.4909434E-02  0.1409398E-03  0.0000000E+00  0.0000000E+00 -0.1677365E-02 -0.3669831E-08

        15      0  0.0000000E+00  0.0000000E+00  0.0000000E+00  0.0000000E+00  0.0000000E+00  0.0000000E+00
        15      1  0.0000000E+00  0.0000000E+00  0.0000000E+00  0.0000000E+00  0.0000000E+00  0.0000000E+00
        15      2 -0.7603790E-04  0.4564471E-03  0.0000000E+00  0.0000000E+00 -0.7541720E-04 -0.1478764E-09
        15      3 -0.1114564E-03  0.9021547E-03  0.0000000E+00  0.0000000E+00 -0.2970054E-03 -0.5907858E-09
        15      4  0.4829798E-03  0.2051202E-02  0.0000000E+00  0.0000000E+00 -0.1798857E-02 -0.3672698E-08

        16      0  0.0000000E+00  0.0000000E+00  0.0000000E+00  0.0000000E+00  0.0000000E+00  0.0000000E+00
        16      1  0.0000000E+00  0.0000000E+00  0.0000000E+00  0.0000000E+00  0.0000000E+00  0.0000000E+00
        16      2  0.1039048E-02 -0.3643666E-03  0.0000000E+00  0.0000000E+00 -0.7685984E-04 -0.1673077E-09
        16      3  0.2065306E-02 -0.7353189E-03  0.0000000E+00  0.0000000E+00 -0.3079747E-03 -0.6677444E-09
        16      4  0.4786622E-02 -0.1992395E-02  0.0000000E+00  0.0000000E+00 -0.1877267E-02 -0.4106037E-08

        17      0  0.0000000E+00  0.0000000E+00  0.0000000E+00  0.0000000E+00  0.0000000E+00  0.0000000E+00
        17      1  0.0000000E+00  0.0000000E+00  0.0000000E+00  0.0000000E+00  0.0000000E+00  0.0000000E+00
        17      2 -0.8079271E-03 -0.1453155E-03  0.0000000E+00  0.0000000E+00 -0.8331706E-04 -0.1768189E-09
        17      3 -0.1629524E-02 -0.2774280E-03  0.0000000E+00  0.0000000E+00 -0.3344581E-03 -0.7063254E-09
        17      4 -0.4445904E-02 -0.3562516E-03  0.0000000E+00  0.0000000E+00 -0.2042456E-02 -0.4406732E-08

        18      0  0.0000000E+00  0.0000000E+00  0.0000000E+00  0.0000000E+00  0.0000000E+00  0.0000000E+00
        18      1  0.0000000E+00  0.0000000E+00  0.0000000E+00  0.0000000E+00  0.0000000E+00  0.0000000E+00
        18      2 -0.3317976E-03  0.4889036E-03  0.0000000E+00  0.0000000E+00 -0.8976381E-04 -0.1793812E-09
        18      3 -0.6118480E-03  0.9726112E-03  0.0000000E+00  0.0000000E+00 -0.3540825E-03 -0.7147043E-09
        18      4 -0.5953624E-03  0.2291847E-02  0.0000000E+00  0.0000000E+00 -0.2148263E-02 -0.4413841E-08

        19      0  0.0000000E+00  0.0000000E+00  0.0000000E+00  0.0000000E+00  0.0000000E+00  0.0000000E+00
        19      1  0.0000000E+00  0.0000000E+00  0.0000000E+00  0.0000000E+00  0.0000000E+00  0.0000000E+00
        19      2  0.1106979E-02 -0.2785177E-03  0.0000000E+00  0.0000000E+00 -0.9249958E-04 -0.2005601E-09
        19      3  0.2211546E-02 -0.5737536E-03  0.0000000E+00  0.0000000E+00 -0.3690988E-03 -0.7989847E-09
        19      4  0.5297749E-02 -0.1723488E-02  0.0000000E+00  0.0000000E+00 -0.2242681E-02 -0.4911168E-08

        20      0  0.0000000E+00  0.0000000E+00  0.0000000E+00  0.0000000E+00  0.0000000E+00  0.0000000E+00
        20      1  0.0000000E+00  0.0000000E+00  0.0000000E+00  0.0000000E+00  0.0000000E+00  0.0000000E+00
        20      2 -0.6110563E-03 -0.2512398E-03  0.0000000E+00  0.0000000E+00 -0.9784006E-04 -0.2053213E-09
        20      3 -0.1256608E-02 -0.4858207E-03  0.0000000E+00  0.0000000E+00 -0.3928362E-03 -0.8187541E-09
        20      4 -0.3820935E-02 -0.8285249E-03  0.0000000E+00  0.0000000E+00 -0.2405188E-02 -0.5107227E-08

        21      0  0.0000000E+00  0.0000000E+00  0.0000000E+00  0.0000000E+00  0.0000000E+00  0.0000000E+00
        21      1  0.0000000E+00  0.0000000E+00  0.0000000E+00  0.0000000E+00  0.0000000E+00  0.0000000E+00
        21      2 -0.5685654E-03  0.4941665E-03  0.0000000E+00  0.0000000E+00 -0.1040662E-03 -0.2119355E-09
        21      3 -0.1076991E-02  0.9906532E-03  0.0000000E+00  0.0000000E+00 -0.4111513E-03 -0.8419381E-09
        21      4 -0.1627820E-02  0.2440687E-02  0.0000000E+00  0.0000000E+00 -0.2498412E-02 -0.5155318E-08

        22      0  0.0000000E+00  0.0000000E+00  0.0000000E+00  0.0000000E+00  0.0000000E+00  0.0000000E+00
        22      1  0.0000000E+00  0.0000000E+00  0.0000000E+00  0.0000000E+00  0.0000000E+00  0.0000000E+00
        22      2  0.1113842E-02 -0.1775458E-03  0.0000000E+00  0.0000000E+00 -0.1082139E-03 -0.2326107E-09
        22      3  0.2240373E-02 -0.3828087E-03  0.0000000E+00  0.0000000E+00 -0.4304959E-03 -0.9251426E-09
        22      4  0.5602404E-02 -0.1398344E-02  0.0000000E+00  0.0000000E+00 -0.2611523E-02 -0.5683360E-08

        23      0  0.0000000E+00  0.0000000E+00  0.0000000E+00  0.0000000E+00  0.0000000E+00  0.0000000E+00
        23      1  0.0000000E+00  0.0000000E+00  0.0000000E+00  0.0000000E+00  0.0000000E+00  0.0000000E+00
        23      2 -0.3803996E-03 -0.3429237E-03  0.0000000E+00  0.0000000E+00 -0.1121822E-03 -0.2338788E-09
        23      3 -0.8170362E-03 -0.6668882E-03  0.0000000E+00  0.0000000E+00 -0.4503479E-03 -0.9307338E-09
        23      4 -0.3058444E-02 -0.1257595E-02  0.0000000E+00  0.0000000E+00 -0.2764915E-02 -0.5783399E-08

        24      0  0.0000000E+00  0.0000000E+00  0.0000000E+00  0.0000000E+00  0.0000000E+00  0.0000000E+00
        24      1  0.0000000E+00  0.0000000E+00  0.0000000E+00  0.0000000E+00  0.0000000E+00  0.0000000E+00
        24      2 -0.7734863E-03  0.4717961E-03  0.0000000E+00  0.0000000E+00 -0.1184153E-03 -0.2454026E-09
        24      3 -0.1483103E-02  0.9547760E-03  0.0000000E+00  0.0000000E+00 -0.4685451E-03 -0.9726748E-09
        24      4 -0.2579526E-02  0.2490736E-02  0.0000000E+00  0.0000000E+00 -0.2850502E-02 -0.5903402E-08

        25      0  0.0000000E+00  0.0000000E+00  0.0000000E+00  0.0000000E+00  0.0000000E+00  0.0000000E+00
        25      1  0.0000000E+00  0.0000000E+00  0.0000000E+00  0.0000000E+00  0.0000000E+00  0.0000000E+00
        25      2  0.1059155E-02 -0.6674922E-04  0.0000000E+00  0.0000000E+00 -0.1238788E-03 -0.2634379E-09
        25      3  0.2149815E-02 -0.1715490E-03  0.0000000E+00  0.0000000E+00 -0.4917559E-03 -0.1046692E-08
        25      4  0.5687772E-02 -0.1025614E-02  0.0000000E+00  0.0000000E+00 -0.2982128E-02 -0.6425832E-08

        26      0  0.0000000E+00  0.0000000E+00  0.0000000E+00  0.0000000E+00  0.0000000E+00  0.0000000E+00
        26      1  0.0000000E+00  0.0000000E+00  0.0000000E+00  0.0000000E+00  0.0000000E+00  0.0000000E+00
        26      2 -0.1283650E-03 -0.4154767E-03  0.0000000E+00  0.0000000E+00 -0.1264067E-03 -0.2632339E-09
        26      3 -0.3328538E-03 -0.8116425E-03  0.0000000E+00  0.0000000E+00 -0.5071798E-03 -0.1045735E-08
        26      4 -0.2183171E-02 -0.1629430E-02  0.0000000E+00  0.0000000E+00 -0.3120962E-02 -0.6453494E-08

        27      0  0.0000000E+00  0.0000000E+00  0.0000000E+00  0.0000000E+00  0.0000000E+00  0.0000000E+00
        27      1  0.0000000E+00  0.0000000E+00  0.0000000E+00  0.0000000E+00  0.0000000E+00  0.0000000E+00
        27      2 -0.9355293E-03  0.4229650E-03  0.0000000E+00  0.0000000E+00 -0.1328685E-03 -0.2794501E-09
        27      3 -0.1809740E-02  0.8666081E-03  0.0000000E+00  0.0000000E+00 -0.5264678E-03 -0.1106432E-08
        27      4 -0.3422053E-02  0.2439069E-02  0.0000000E+00  0.0000000E+00 -0.3204901E-02 -0.6665956E-08

        28      0  0.0000000E+00  0.0000000E+00  0.0000000E+00  0.0000000E+00  0.0000000E+00  0.0000000E+00
        28      1  0.0000000E+00  0.0000000E+00  0.0000000E+00  0.0000000E+00  0.0000000E+00  0.0000000E+00
        28      2  0.9459483E-03  0.4801006E-04  0.0000000E+00  0.0000000E+00 -0.1393720E-03 -0.2932703E-09
        28      3  0.1944647E-02  0.4983434E-04  0.0000000E+00  0.0000000E+00 -0.5524641E-03 -0.1164995E-08
        28      4  0.5549691E-02 -0.6140680E-03  0.0000000E+00  0.0000000E+00 -0.3352271E-02 -0.7148012E-08

        29      0  0.0000000E+00  0.0000000E+00  0.0000000E+00  0.0000000E+00  0.0000000E+00  0.0000000E+00
        29      1  0.0000000E+00  0.0000000E+00  0.0000000E+00  0.0000000E+00  0.0000000E+00  0.0000000E+00
        29      2  0.1314182E-03 -0.4651305E-03  0.0000000E+00  0.0000000E+00 -0.1406080E-03 -0.2939271E-09
        29      3  0.1714685E-03 -0.9132688E-03  0.0000000E+00  0.0000000E+00 -0.5636535E-03 -0.1166438E-08
        29      4 -0.1220362E-02 -0.1933664E-02  0.0000000E+00  0.0000000E+00 -0.3472842E-02 -0.7137553E-08

        30      0  0.0000000E+00  0.0000000E+00  0.0000000E+00  0.0000000E+00  0.0000000E+00  0.0000000E+00
        30      1  0.0000000E+00  0.0000000E+00  0.0000000E+00  0.0000000E+00  0.0000000E+00  0.0000000E+00
        30      2 -0.1046041E-02  0.3504058E-03  0.0000000E+00  0.0000000E+00 -0.1474383E-03 -0.3135778E-09
        30      3 -0.2040619E-02  0.7308811E-03  0.0000000E+00  0.0000000E+00 -0.5849557E-03 -0.1241827E-08
        30      4 -0.4131355E-02  0.2286429E-02  0.0000000E+00  0.0000000E+00 -0.3561306E-02 -0.7449259E-08

        31      0  0.0000000E+00  0.0000000E+00  0.0000000E+00  0.0000000E+00  0.0000000E+00  0.0000000E+00
        31      1  0.0000000E+00  0.0000000E+00  0.0000000E+00  0.0000000E+00  0.0000000E+00  0.0000000E+00
        31      2  0.7805909E-03  0.1605767E-03  0.0000000E+00  0.0000000E+00 -0.1545947E-03 -0.3224967E-09
        31      3  0.1636155E-02  0.2703307E-03  0.0000000E+00  0.0000000E+00 -0.6122768E-03 -0.1281714E-08
        31      4  0.5192180E-02 -0.1735330E-03  0.0000000E+00  0.0000000E+00 -0.3719616E-02 -0.7861823E-08

        32      0  0.0000000E+00  0.0000000E+00  0.0000000E+00  0.0000000E+00  0.0000000E+00  0.0000000E+00
        32      1  0.0000000E+00  0.0000000E+00  0.0000000E+00  0.0000000E+00  0.0000000E+00  0.0000000E+00
        32      2  0.3847931E-03 -0.4893988E-03  0.0000000E+00  0.0000000E+00 -0.1548928E-03 -0.3261468E-09
        32      3  0.6700171E-03 -0.9673133E-03  0.0000000E+00  0.0000000E+00 -0.6201605E-03 -0.1293915E-08
        32      4 -0.1973475E-03 -0.2162697E-02  0.0000000E+00  0.0000000E+00 -0.3820590E-02 -0.7852840E-08

        33      0  0.0000000E+00  0.0000000E+00  0.0000000E+00  0.0000000E+00  0.0000000E+00  0.0000000E+00
        33      1  0.0000000E+00  0.0000000E+00  0.0000000E+00  0.0000000E+00  0.0000000E+00  0.0000000E+00
        33      2 -0.1099174E-02  0.2582524E-03  0.0000000E+00  0.0000000E+00 -0.1620926E-03 -0.3472020E-09
        33      3 -0.2164318E-02  0.5551939E-03  0.0000000E+00  0.0000000E+00 -0.6438754E-03 -0.1376666E-08
        33      4 -0.4685855E-02  0.2037378E-02  0.0000000E+00  0.0000000E+00 -0.3919067E-02 -0.8254918E-08

        34      0  0.0000000E+00  0.0000000E+00  0.0000000E+00  0.0000000E+00  0.0000000E+00  0.0000000E+00
        34      1  0.0000000E+00  0.0000000E+00  0.0000000E+00  0.0000000E+00  0.0000000E+00  0.0000000E+00
        34      2  0.5724118E-03  0.2648077E-03  0.0000000E+00  0.0000000E+00 -0.1694891E-03 -0.3515680E-09
        34      3  0.1241489E-02  0.4785378E-03  0.0000000E+00  0.0000000E+00 -0.6709852E-03 -0.1398331E-08
        34      4  0.4627941E-02  0.2838662E-03  0.0000000E+00  0.0000000E+00 -0.4082197E-02 -0.8577954E-08

        35      0  0.0000000E+00  0.0000000E+00  0.0000000E+00  0.0000000E+00  0.0000000E+00  0.0000000E+00
        35      1  0.0000000E+00  0.0000000E+00  0.0000000E+00  0.0000000E+00  0.0000000E+00  0.0000000E+00
        35      2  0.6178217E-03 -0.4871628E-03  0.0000000E+00  0.0000000E+00 -0.1693561E-03 -0.3596839E-09
        35      3  0.1136600E-02 -0.9717513E-03  0.0000000E+00  0.0000000E+00 -0.6770790E-03 -0.1427336E-08
        35      4  0.8541850E-03 -0.2311136E-02  0.0000000E+00  0.0000000E+00 -0.4165022E-02 -0.8609715E-08

        36      0  0.0000000E+00  0.0000000E+00  0.0000000E+00  0.0000000E+00  0.0000000E+00  0.0000000E+00
        36      1  0.0000000E+00  0.0000000E+00  0.0000000E+00  0.0000000E+00  0.0000000E+00  0.0000000E+00
        36      2 -0.1092168E-02  0.1517839E-03  0.0000000E+00  0.0000000E+00 -0.1767649E-03 -0.3797898E-09
        36      3 -0.2174832E-02  0.3495567E-03  0.0000000E+00  0.0000000E+00 -0.7029572E-03 -0.1508414E-08
        36      4 -0.5066049E-02  0.1700936E-02  0.0000000E+00  0.0000000E+00 -0.4277483E-02 -0.9077788E-08

        37      0  0.0000000E+00  0.0000000E+00  0.0000000E+00  0.0000000E+00  0.0000000E+00  0.0000000E+00
        37      1  0.0000000E+00  0.0000000E+00  0.0000000E+00  0.0000000E+00  0.0000000E+00  0.0000000E+00
        37      2  0.3331299E-03  0.3549029E-03  0.0000000E+00  0.0000000E+00 -0.1840483E-03 -0.3809177E-09
        37      3  0.7825808E-03  0.6632358E-03  0.0000000E+00  0.0000000E+00 -0.7285549E-03 -0.1515934E-08
        37      4  0.3879444E-02  0.7428145E-03  0.0000000E+00  0.0000000E+00 -0.4438801E-02 -0.9302987E-08

        38      0  0.0000000E+00  0.0000000E+00  0.0000000E+00  0.0000000E+00  0.0000000E+00  0.0000000E+00
        38      1  0.0000000E+00  0.0000000E+00  0.0000000E+00  0.0000000E+00  0.0000000E+00  0.0000000E+00
        38      2  0.8175532E-03 -0.4586872E-03  0.0000000E+00  0.0000000E+00 -0.1840610E-03 -0.3940044E-09
        38      3  0.1546114E-02 -0.9269487E-03  0.0000000E+00  0.0000000E+00 -0.7346932E-03 -0.1564284E-08
        38      4  0.1896805E-02 -0.2375831E-02  0.0000000E+00  0.0000000E+00 -0.4507728E-02 -0.9408718E-08

        39      0  0.0000000E+00  0.0000000E+00  0.0000000E+00  0.0000000E+00  0.0000000E+00  0.0000000E+00
        39      1  0.0000000E+00  0.0000000E+00  0.0000000E+00  0.0000000E+00  0.0000000E+00  0.0000000E+00
        39      2 -0.1025478E-02  0.3708880E-04  0.0000000E+00  0.0000000E+00 -0.1913729E-03 -0.4110111E-09
        39      3 -0.2071895E-02  0.1257197E-03  0.0000000E+00  0.0000000E+00 -0.7618575E-03 -0.1634958E-08
        39      4 -0.5256162E-02  0.1291252E-02  0.0000000E+00  0.0000000E+00 -0.4635928E-02 -0.9905860E-08

        40      0  0.0000000E+00  0.0000000E+00  0.0000000E+00  0.0000000E+00  0.0000000E+00  0.0000000E+00
        40      1  0.0000000E+00  0.0000000E+00  0.0000000E+00  0.0000000E+00  0.0000000E+00  0.0000000E+00
        40      2  0.7614395E-04  0.4257435E-03  0.0000000E+00  0.0000000E+00 -0.1983157E-03 -0.4109116E-09
        40      3  0.2847144E-03  0.8140725E-03  0.0000000E+00  0.0000000E+00 -0.7851332E-03 -0.1635277E-08
        40      4  0.2979489E-02  0.1184861E-02  0.0000000E+00  0.0000000E+00 -0.4789178E-02 -0.1003812E-07

        41      0  0.0000000E+00  0.0000000E+00  0.0000000E+00  0.0000000E+00  0.0000000E+00  0.0000000E+00
        41      1  0.0000000E+00  0.0000000E+00  0.0000000E+00  0.0000000E+00  0.0000000E+00  0.0000000E+00
        41      2  0.9727703E-03 -0.4055745E-03  0.0000000E+00  0.0000000E+00 -0.1990235E-03 -0.4284112E-09
        41      3  0.1876036E-02 -0.8355273E-03  0.0000000E+00  0.0000000E+00 -0.7931314E-03 -0.1701576E-08
        41      4  0.2888050E-02 -0.2356346E-02  0.0000000E+00  0.0000000E+00 -0.4850746E-02 -0.1023995E-07

        42      0  0.0000000E+00  0.0000000E+00  0.0000000E+00  0.0000000E+00  0.0000000E+00  0.0000000E+00
        42      1  0.0000000E+00  0.0000000E+00  0.0000000E+00  0.0000000E+00  0.0000000E+00  0.0000000E+00
        42      2 -0.9027374E-03 -0.7932282E-04  0.0000000E+00  0.0000000E+00 -0.2058406E-03 -0.4408566E-09
        42      3 -0.1860978E-02 -0.1036548E-03  0.0000000E+00  0.0000000E+00 -0.8202377E-03 -0.1755377E-08
        42      4 -0.5247158E-02  0.8275640E-03  0.0000000E+00  0.0000000E+00 -0.4993851E-02 -0.1072275E-07

        43      0  0.0000000E+00  0.0000000E+00  0.0000000E+00  0.0000000E+00  0.0000000E+00  0.0000000E+00
        43      1  0.0000000E+00  0.0000000E+00  0.0000000E+00  0.0000000E+00  0.0000000E+00  0.0000000E+00
        43      2 -0.1842633E-03  0.4732126E-03  0.0000000E+00  0.0000000E+00 -0.2123744E-03 -0.4418149E-09
        43      3 -0.2251119E-03  0.9222766E-03  0.0000000E+00  0.0000000E+00 -0.8410178E-03 -0.1756969E-08
        43      4  0.1969992E-02  0.1589688E-02  0.0000000E+00  0.0000000E+00 -0.5134064E-02 -0.1078004E-07

        44      0  0.0000000E+00  0.0000000E+00  0.0000000E+00  0.0000000E+00  0.0000000E+00  0.0000000E+00
        44      1  0.0000000E+00  0.0000000E+00  0.0000000E+00  0.0000000E+00  0.0000000E+00  0.0000000E+00
        44      2  0.1074663E-02 -0.3306671E-03  0.0000000E+00  0.0000000E+00 -0.2142078E-03 -0.4622371E-09
        44      3  0.2107866E-02 -0.7021548E-03  0.0000000E+00  0.0000000E+00 -0.8523396E-03 -0.1836249E-08
        44      4  0.3783489E-02 -0.2255353E-02  0.0000000E+00  0.0000000E+00 -0.5196055E-02 -0.1108560E-07

        45      0  0.0000000E+00  0.0000000E+00  0.0000000E+00  0.0000000E+00  0.0000000E+00  0.0000000E+00
        45      1  0.0000000E+00  0.0000000E+00  0.0000000E+00  0.0000000E+00  0.0000000E+00  0.0000000E+00
        45      2 -0.7305550E-03 -0.1909240E-03  0.0000000E+00  0.0000000E+00 -0.2201189E-03 -0.4696754E-09
        45      3 -0.1552932E-02 -0.3258753E-03  0.0000000E+00  0.0000000E+00 -0.8778415E-03 -0.1870420E-08
        45      4 -0.5039405E-02  0.3329401E-03  0.0000000E+00  0.0000000E+00 -0.5350727E-02 -0.1151244E-07

        46      0  0.0000000E+00  0.0000000E+00  0.0000000E+00  0.0000000E+00  0.0000000E+00  0.0000000E+00
        46      1  0.0000000E+00  0.0000000E+00  0.0000000E+00  0.0000000E+00  0.0000000E+00  0.0000000E+00
        46      2 -0.4337464E-03  0.4944698E-03  0.0000000E+00  0.0000000E+00 -0.2263284E-03 -0.4737623E-09
        46      3 -0.7198228E-03  0.9812983E-03  0.0000000E+00  0.0000000E+00 -0.8965931E-03 -0.1881591E-08
        46      4  0.8985245E-03  0.1937281E-02  0.0000000E+00  0.0000000E+00 -0.5475022E-02 -0.1152366E-07

        47      0  0.0000000E+00  0.0000000E+00  0.0000000E+00  0.0000000E+00  0.0000000E+00  0.0000000E+00
        47      1  0.0000000E+00  0.0000000E+00  0.0000000E+00  0.0000000E+00  0.0000000E+00  0.0000000E+00
        47      2  0.1117378E-02 -0.2379054E-03  0.0000000E+00  0.0000000E+00 -0.2295317E-03 -0.4950090E-09
        47      3  0.2228362E-02 -0.5332988E-03  0.0000000E+00  0.0000000E+00 -0.9120921E-03 -0.1966376E-08
        47      4  0.4541173E-02 -0.2078456E-02  0.0000000E+00  0.0000000E+00 -0.5545091E-02 -0.1192527E-07

        48      0  0.0000000E+00  0.0000000E+00  0.0000000E+00  0.0000000E+00  0.0000000E+00  0.0000000E+00
        48      1  0.0000000E+00  0.0000000E+00  0.0000000E+00  0.0000000E+00  0.0000000E+00  0.0000000E+00
        48      2 -0.5181725E-03 -0.2915598E-03  0.0000000E+00  0.0000000E+00 -0.2342005E-03 -0.4981061E-09
        48      3 -0.1163351E-02 -0.5290382E-03  0.0000000E+00  0.0000000E+00 -0.9345540E-03 -0.1982443E-08
        48      4 -0.4643300E-02 -0.1680919E-03  0.0000000E+00  0.0000000E+00 -0.5706039E-02 -0.1226454E-07

        49      0  0.0000000E+00  0.0000000E+00  0.0000000E+00  0.0000000E+00  0.0000000E+00  0.0000000E+00
        49      1  0.0000000E+00  0.0000000E+00  0.0000000E+00  0.0000000E+00  0.0000000E+00  0.0000000E+00
        49      2 -0.6586884E-03  0.4881548E-03  0.0000000E+00  0.0000000E+00 -0.2402803E-03 -0.5067257E-09
        49      3 -0.1173724E-02  0.9873023E-03  0.0000000E+00  0.0000000E+00 -0.9522466E-03 -0.2009610E-08
        49      4 -0.1866266E-03  0.2210213E-02  0.0000000E+00  0.0000000E+00 -0.5814091E-02 -0.1226555E-07

        50      0  0.0000000E+00  0.0000000E+00  0.0000000E+00  0.0000000E+00  0.0000000E+00  0.0000000E+00
        50      1  0.0000000E+00  0.0000000E+00  0.0000000E+00  0.0000000E+00  0.0000000E+00  0.0000000E+00
        50      2  0.1098396E-02 -0.1321487E-03  0.0000000E+00  0.0000000E+00 -0.2448807E-03 -0.5265353E-09
        50      3  0.2230421E-02 -0.3369797E-03  0.0000000E+00  0.0000000E+00 -0.9720342E-03 -0.2091421E-08
        50      4  0.5125831E-02 -0.1833348E-02  0.0000000E+00  0.0000000E+00 -0.5898422E-02 -0.1274203E-07

        51      0  0.0000000E+00  0.0000000E+00  0.0000000E+00  0.0000000E+00  0.0000000E+00  0.0000000E+00
        51      1  0.0000000E+00  0.0000000E+00  0.0000000E+00  0.0000000E+00  0.0000000E+00  0.0000000E+00
        51      2 -0.2769950E-03 -0.3757900E-03  0.0000000E+00  0.0000000E+00 -0.2481237E-03 -0.5269136E-09
        51      3 -0.7117882E-03 -0.7026918E-03  0.0000000E+00  0.0000000E+00 -0.9904319E-03 -0.2094810E-08
        51      4 -0.4077297E-02 -0.6522768E-03  0.0000000E+00  0.0000000E+00 -0.6059244E-02 -0.1297798E-07

        52      0  0.0000000E+00  0.0000000E+00  0.0000000E+00  0.0000000E+00  0.0000000E+00  0.0000000E+00
        52      1  0.0000000E+00  0.0000000E+00  0.0000000E+00  0.0000000E+00  0.0000000E+00  0.0000000E+00
        52      2 -0.8469209E-03  0.4545007E-03  0.0000000E+00  0.0000000E+00 -0.2543088E-03 -0.5404864E-09
        52      3 -0.1563701E-02  0.9394773E-03  0.0000000E+00  0.0000000E+00 -0.1008288E-02 -0.2141094E-08
        52      4 -0.1241127E-02  0.2395194E-02  0.0000000E+00  0.0000000E+00 -0.6153282E-02 -0.1300633E-07

        53      0  0.0000000E+00  0.0000000E+00  0.0000000E+00  0.0000000E+00  0.0000000E+00  0.0000000E+00
        53      1  0.0000000E+00  0.0000000E+00  0.0000000E+00  0.0000000E+00  0.0000000E+00  0.0000000E+00
        53      2  0.1018707E-02 -0.1896110E-04  0.0000000E+00  0.0000000E+00 -0.2601286E-03 -0.5569078E-09
        53      3  0.2113579E-02 -0.1225366E-03  0.0000000E+00  0.0000000E+00 -0.1031748E-02 -0.2212106E-08
        53      4  0.5511389E-02 -0.1528661E-02  0.0000000E+00  0.0000000E+00 -0.6255628E-02 -0.1352687E-07

        54      0  0.0000000E+00  0.0000000E+00  0.0000000E+00  0.0000000E+00  0.0000000E+00  0.0000000E+00
        54      1  0.0000000E+00  0.0000000E+00  0.0000000E+00  0.0000000E+00  0.0000000E+00  0.0000000E+00
        54      2 -0.2002069E-04 -0.4391684E-03  0.0000000E+00  0.0000000E+00 -0.2619669E-03 -0.5567795E-09
        54      3 -0.2209096E-03 -0.8383107E-03  0.0000000E+00  0.0000000E+00 -0.1045696E-02 -0.2210900E-08
        54      4 -0.3364445E-02 -0.1099736E-02  0.0000000E+00  0.0000000E+00 -0.6409730E-02 -0.1366154E-07

        55      0  0.0000000E+00  0.0000000E+00  0.0000000E+00  0.0000000E+00  0.0000000E+00  0.0000000E+00
        55      1  0.0000000E+00  0.0000000E+00  0.0000000E+00  0.0000000E+00  0.0000000E+00  0.0000000E+00
        55      2 -0.9883455E-03  0.3953439E-03  0.0000000E+00  0.0000000E+00 -0.2684532E-03 -0.5746356E-09
        55      3 -0.1870174E-02  0.8401555E-03  0.0000000E+00  0.0000000E+00 -0.1064885E-02 -0.2275370E-08
        55      4 -0.2227355E-02  0.2483544E-02  0.0000000E+00  0.0000000E+00 -0.6494082E-02 -0.1375098E-07

        56      0  0.0000000E+00  0.0000000E+00  0.0000000E+00  0.0000000E+00  0.0000000E+00  0.0000000E+00
        56      1  0.0000000E+00  0.0000000E+00  0.0000000E+00  0.0000000E+00  0.0000000E+00  0.0000000E+00
        56      2  0.8827678E-03  0.9563770E-04  0.0000000E+00  0.0000000E+00 -0.2751606E-03 -0.5864342E-09
        56      3  0.1884102E-02  0.9962592E-04  0.0000000E+00  0.0000000E+00 -0.1090829E-02 -0.2329911E-08
        56      4  0.5681487E-02 -0.1173099E-02  0.0000000E+00  0.0000000E+00 -0.6615349E-02 -0.1427984E-07

        57      0  0.0000000E+00  0.0000000E+00  0.0000000E+00  0.0000000E+00  0.0000000E+00  0.0000000E+00
        57      1  0.0000000E+00  0.0000000E+00  0.0000000E+00  0.0000000E+00  0.0000000E+00  0.0000000E+00
        57      2  0.2388129E-03 -0.4784470E-03  0.0000000E+00  0.0000000E+00 -0.2758323E-03 -0.5881104E-09
        57      3  0.2844009E-03 -0.9295964E-03  0.0000000E+00  0.0000000E+00 -0.1100690E-02 -0.2333092E-08
        57      4 -0.2529331E-02 -0.1494843E-02  0.0000000E+00  0.0000000E+00 -0.6756816E-02 -0.1433158E-07

        58      0  0.0000000E+00  0.0000000E+00  0.0000000E+00  0.0000000E+00  0.0000000E+00  0.0000000E+00
        58      1  0.0000000E+00  0.0000000E+00  0.0000000E+00  0.0000000E+00  0.0000000E+00  0.0000000E+00
        58      2 -0.1075436E-02  0.3140275E-03  0.0000000E+00  0.0000000E+00 -0.2827069E-03 -0.6086246E-09
        58      3 -0.2077890E-02  0.6947376E-03  0.0000000E+00  0.0000000E+00 -0.1122037E-02 -0.2410854E-08
        58      4 -0.3114623E-02  0.2470850E-02  0.0000000E+00  0.0000000E+00 -0.6837172E-02 -0.1450710E-07

        59      0  0.0000000E+00  0.0000000E+00  0.0000000E+00  0.0000000E+00  0.0000000E+00  0.0000000E+00
        59      1  0.0000000E+00  0.0000000E+00  0.0000000E+00  0.0000000E+00  0.0000000E+00  0.0000000E+00
        59      2  0.6982429E-03  0.2054587E-03  0.0000000E+00  0.0000000E+00 -0.2898931E-03 -0.6155405E-09
        59      3  0.1554660E-02  0.3183672E-03  0.0000000E+00  0.0000000E+00 -0.1148957E-02 -0.2446492E-08
        59      4  0.5628753E-02 -0.7753085E-03  0.0000000E+00  0.0000000E+00 -0.6975527E-02 -0.1500842E-07

        60      0  0.0000000E+00  0.0000000E+00  0.0000000E+00  0.0000000E+00  0.0000000E+00  0.0000000E+00
        60      1  0.0000000E+00  0.0000000E+00  0.0000000E+00  0.0000000E+00  0.0000000E+00  0.0000000E+00
        60      2  0.4853475E-03 -0.4917042E-03  0.0000000E+00  0.0000000E+00 -0.2898245E-03 -0.6209271E-09
        60      3  0.7780583E-03 -0.9726364E-03  0.0000000E+00  0.0000000E+00 -0.1155811E-02 -0.2462036E-08
        60      4 -0.1596906E-02 -0.1825936E-02  0.0000000E+00  0.0000000E+00 -0.7099906E-02 -0.1500802E-07

        61      0  0.0000000E+00  0.0000000E+00  0.0000000E+00  0.0000000E+00  0.0000000E+00  0.0000000E+00
        61      1  0.0000000E+00  0.0000000E+00  0.0000000E+00  0.0000000E+00  0.0000000E+00  0.0000000E+00
        61      2 -0.1103609E-02  0.2151998E-03  0.0000000E+00  0.0000000E+00 -0.2970216E-03 -0.6418725E-09
        61      3 -0.2176597E-02  0.5114097E-03  0.0000000E+00  0.0000000E+00 -0.1179573E-02 -0.2545219E-08
        61      4 -0.3877481E-02  0.2356470E-02  0.0000000E+00  0.0000000E+00 -0.7182472E-02 -0.1528197E-07

        62      0  0.0000000E+00  0.0000000E+00  0.0000000E+00  0.0000000E+00  0.0000000E+00  0.0000000E+00
        62      1  0.0000000E+00  0.0000000E+00  0.0000000E+00  0.0000000E+00  0.0000000E+00  0.0000000E+00
        62      2  0.4755374E-03  0.3044608E-03  0.0000000E+00  0.0000000E+00 -0.3042891E-03 -0.6446783E-09
        62      3  0.1143579E-02  0.5222712E-03  0.0000000E+00  0.0000000E+00 -0.1205962E-02 -0.2563249E-08
        62      4  0.5354079E-02 -0.3445699E-03  0.0000000E+00  0.0000000E+00 -0.7333809E-02 -0.1572402E-07

        63      0  0.0000000E+00  0.0000000E+00  0.0000000E+00  0.0000000E+00  0.0000000E+00  0.0000000E+00
        63      1  0.0000000E+00  0.0000000E+00  0.0000000E+00  0.0000000E+00  0.0000000E+00  0.0000000E+00
        63      2  0.7059640E-03 -0.4784006E-03  0.0000000E+00  0.0000000E+00 -0.3040276E-03 -0.6548699E-09
        63      3  0.1233989E-02 -0.9659475E-03  0.0000000E+00  0.0000000E+00 -0.1211421E-02 -0.2596498E-08
        63      4 -0.5934383E-03 -0.2084453E-02  0.0000000E+00  0.0000000E+00 -0.7438798E-02 -0.1570969E-07

        64      0  0.0000000E+00  0.0000000E+00  0.0000000E+00  0.0000000E+00  0.0000000E+00  0.0000000E+00
        64      1  0.0000000E+00  0.0000000E+00  0.0000000E+00  0.0000000E+00  0.0000000E+00  0.0000000E+00
        64      2 -0.1071440E-02  0.1045224E-03  0.0000000E+00  0.0000000E+00 -0.3113216E-03 -0.6739134E-09
        64      3 -0.2161555E-02  0.3006359E-03  0.0000000E+00  0.0000000E+00 -0.1237202E-02 -0.2675956E-08
        64      4 -0.4493559E-02  0.2143451E-02  0.0000000E+00  0.0000000E+00 -0.7529425E-02 -0.1607930E-07

        65      0  0.0000000E+00  0.0000000E+00  0.0000000E+00  0.0000000E+00  0.0000000E+00  0.0000000E+00
        65      1  0.0000000E+00  0.0000000E+00  0.0000000E+00  0.0000000E+00  0.0000000E+00  0.0000000E+00
        65      2  0.2271641E-03  0.3870877E-03  0.0000000E+00  0.0000000E+00 -0.3183633E-03 -0.6742577E-09
        65      3  0.6736757E-03  0.7002499E-03  0.0000000E+00  0.0000000E+00 -0.1261850E-02 -0.2681184E-08
        65      4  0.4866731E-02  0.1080090E-03  0.0000000E+00  0.0000000E+00 -0.7688036E-02 -0.1643821E-07

        66      0  0.0000000E+00  0.0000000E+00  0.0000000E+00  0.0000000E+00  0.0000000E+00  0.0000000E+00
        66      1  0.0000000E+00  0.0000000E+00  0.0000000E+00  0.0000000E+00  0.0000000E+00  0.0000000E+00
        66      2  0.8883476E-03 -0.4393685E-03  0.0000000E+00  0.0000000E+00 -0.3184861E-03 -0.6893139E-09
        66      3  0.1627538E-02 -0.9104149E-03  0.0000000E+00  0.0000000E+00 -0.1267775E-02 -0.2733807E-08
        66      4  0.4512939E-03 -0.2264188E-02  0.0000000E+00  0.0000000E+00 -0.7773992E-02 -0.1645003E-07

        67      0  0.0000000E+00  0.0000000E+00  0.0000000E+00  0.0000000E+00  0.0000000E+00  0.0000000E+00
        67      1  0.0000000E+00  0.0000000E+00  0.0000000E+00  0.0000000E+00  0.0000000E+00  0.0000000E+00
        67      2 -0.9807262E-03 -0.1169128E-04  0.0000000E+00  0.0000000E+00 -0.3255244E-03 -0.7045404E-09
        67      3 -0.2033795E-02  0.7444642E-04  0.0000000E+00  0.0000000E+00 -0.1294575E-02 -0.2801155E-08
        67      4 -0.4942476E-02  0.1839018E-02  0.0000000E+00  0.0000000E+00 -0.7877324E-02 -0.1689666E-07

        68      0  0.0000000E+00  0.0000000E+00  0.0000000E+00  0.0000000E+00  0.0000000E+00  0.0000000E+00
        68      1  0.0000000E+00  0.0000000E+00  0.0000000E+00  0.0000000E+00  0.0000000E+00  0.0000000E+00
        68      2 -0.3300948E-04  0.4486020E-03  0.0000000E+00  0.0000000E+00 -0.3321773E-03 -0.7046059E-09
        68      3  0.1707629E-03  0.8422441E-03  0.0000000E+00  0.0000000E+00 -0.1316806E-02 -0.2801001E-08
        68      4  0.4185322E-02  0.5683881E-03  0.0000000E+00  0.0000000E+00 -0.8036671E-02 -0.1715940E-07

        69      0  0.0000000E+00  0.0000000E+00  0.0000000E+00  0.0000000E+00  0.0000000E+00  0.0000000E+00
        69      1  0.0000000E+00  0.0000000E+00  0.0000000E+00  0.0000000E+00  0.0000000E+00  0.0000000E+00
        69      2  0.1022210E-02 -0.3767427E-03  0.0000000E+00  0.0000000E+00 -0.3331945E-03 -0.7235511E-09
        69      3  0.1936959E-02 -0.8091383E-03  0.0000000E+00  0.0000000E+00 -0.1324960E-02 -0.2870744E-08
        69      4  0.1502102E-02 -0.2361091E-02  0.0000000E+00  0.0000000E+00 -0.8106804E-02 -0.1723356E-07

        70      0  0.0000000E+00  0.0000000E+00  0.0000000E+00  0.0000000E+00  0.0000000E+00  0.0000000E+00
        70      1  0.0000000E+00  0.0000000E+00  0.0000000E+00  0.0000000E+00  0.0000000E+00  0.0000000E+00
        70      2 -0.8363760E-03 -0.1268750E-03  0.0000000E+00  0.0000000E+00 -0.3395631E-03 -0.7338955E-09
        70      3 -0.1800034E-02 -0.1544140E-03  0.0000000E+00  0.0000000E+00 -0.1351365E-02 -0.2920245E-08
        70      4 -0.5206721E-02  0.1455312E-02  0.0000000E+00  0.0000000E+00 -0.8225508E-02 -0.1772453E-07

        71      0  0.0000000E+00  0.0000000E+00  0.0000000E+00  0.0000000E+00  0.0000000E+00  0.0000000E+00
        71      1  0.0000000E+00  0.0000000E+00  0.0000000E+00  0.0000000E+00  0.0000000E+00  0.0000000E+00
        71      2 -0.2905751E-03  0.4853899E-03  0.0000000E+00  0.0000000E+00 -0.3458258E-03 -0.7359374E-09
        71      3 -0.3380057E-03  0.9399277E-03  0.0000000E+00  0.0000000E+00 -0.1371153E-02 -0.2923298E-08
        71      4  0.3338732E-02  0.1019231E-02  0.0000000E+00  0.0000000E+00 -0.8379084E-02 -0.1789087E-07

        72      0  0.0000000E+00  0.0000000E+00  0.0000000E+00  0.0000000E+00  0.0000000E+00  0.0000000E+00
        72      1  0.0000000E+00  0.0000000E+00  0.0000000E+00  0.0000000E+00  0.0000000E+00  0.0000000E+00
        72      2  0.1099919E-02 -0.2938435E-03  0.0000000E+00  0.0000000E+00 -0.3480963E-03 -0.7569793E-09
        72      3  0.2144833E-02 -0.6672099E-03  0.0000000E+00  0.0000000E+00 -0.1382883E-02 -0.3004520E-08
        72      4  0.2518206E-02 -0.2373628E-02  0.0000000E+00  0.0000000E+00 -0.8439155E-02 -0.1805424E-07

        73      0  0.0000000E+00  0.0000000E+00  0.0000000E+00  0.0000000E+00  0.0000000E+00  0.0000000E+00
        73      1  0.0000000E+00  0.0000000E+00  0.0000000E+00  0.0000000E+00  0.0000000E+00  0.0000000E+00
        73      2 -0.6461473E-03 -0.2346119E-03  0.0000000E+00  0.0000000E+00 -0.3534048E-03 -0.7624627E-09
        73      3 -0.1472246E-02 -0.3733634E-03  0.0000000E+00  0.0000000E+00 -0.1407343E-02 -0.3034359E-08
        73      4 -0.5274306E-02  0.1009700E-02  0.0000000E+00  0.0000000E+00 -0.8573404E-02 -0.1854772E-07

        74      0  0.0000000E+00  0.0000000E+00  0.0000000E+00  0.0000000E+00  0.0000000E+00  0.0000000E+00
        74      1  0.0000000E+00  0.0000000E+00  0.0000000E+00  0.0000000E+00  0.0000000E+00  0.0000000E+00
        74      2 -0.5313986E-03  0.4952091E-03  0.0000000E+00  0.0000000E+00 -0.3594150E-03 -0.7683230E-09
        74      3 -0.8257459E-03  0.9873215E-03  0.0000000E+00  0.0000000E+00 -0.1425284E-02 -0.3048648E-08
        74      4  0.2365682E-02  0.1440711E-02  0.0000000E+00  0.0000000E+00 -0.8715643E-02 -0.1863077E-07

        75      0  0.0000000E+00  0.0000000E+00  0.0000000E+00  0.0000000E+00  0.0000000E+00  0.0000000E+00
        75      1  0.0000000E+00  0.0000000E+00  0.0000000E+00  0.0000000E+00  0.0000000E+00  0.0000000E+00
        75      2  0.1116978E-02 -0.1950188E-03  0.0000000E+00  0.0000000E+00 -0.3630937E-03 -0.7892372E-09
        75      3  0.2239227E-02 -0.4914651E-03  0.0000000E+00  0.0000000E+00 -0.1441284E-02 -0.3133507E-08
        75      4  0.3455441E-02 -0.2303264E-02  0.0000000E+00  0.0000000E+00 -0.8773110E-02 -0.1889678E-07

        76      0  0.0000000E+00  0.0000000E+00  0.0000000E+00  0.0000000E+00  0.0000000E+00  0.0000000E+00
        76      1  0.0000000E+00  0.0000000E+00  0.0000000E+00  0.0000000E+00  0.0000000E+00  0.0000000E+00
        76      2 -0.4202486E-03 -0.3290072E-03  0.0000000E+00  0.0000000E+00 -0.3670613E-03 -0.7909576E-09
        76      3 -0.1066981E-02 -0.5707720E-03  0.0000000E+00  0.0000000E+00 -0.1462431E-02 -0.3146150E-08
        76      4 -0.5141793E-02  0.5240197E-03  0.0000000E+00  0.0000000E+00 -0.8920480E-02 -0.1934944E-07

        77      0  0.0000000E+00  0.0000000E+00  0.0000000E+00  0.0000000E+00  0.0000000E+00  0.0000000E+00
        77      1  0.0000000E+00  0.0000000E+00  0.0000000E+00  0.0000000E+00  0.0000000E+00  0.0000000E+00
        77      2 -0.7423856E-03  0.4773568E-03  0.0000000E+00  0.0000000E+00 -0.3730399E-03 -0.8016573E-09
        77      3 -0.1267246E-02  0.9812465E-03  0.0000000E+00  0.0000000E+00 -0.1479576E-02 -0.3177458E-08
        77      4  0.1312117E-02  0.1812415E-02  0.0000000E+00  0.0000000E+00 -0.9047625E-02 -0.1937430E-07

        78      0  0.0000000E+00  0.0000000E+00  0.0000000E+00  0.0000000E+00  0.0000000E+00  0.0000000E+00
        78      1  0.0000000E+00  0.0000000E+00  0.0000000E+00  0.0000000E+00  0.0000000E+00  0.0000000E+00
        78      2  0.1072323E-02 -0.8545029E-04  0.0000000E+00  0.0000000E+00 -0.3780646E-03 -0.8202561E-09
        78      3  0.2214495E-02 -0.2902399E-03  0.0000000E+00  0.0000000E+00 -0.1499788E-02 -0.3257479E-08
        78      4  0.4270364E-02 -0.2154549E-02  0.0000000E+00  0.0000000E+00 -0.9110361E-02 -0.1974104E-07

        79      0  0.0000000E+00  0.0000000E+00  0.0000000E+00  0.0000000E+00  0.0000000E+00  0.0000000E+00
        79      1  0.0000000E+00  0.0000000E+00  0.0000000E+00  0.0000000E+00  0.0000000E+00  0.0000000E+00
        79      2 -0.1708246E-03 -0.4050060E-03  0.0000000E+00  0.0000000E+00 -0.3805890E-03 -0.8201363E-09
        79      3 -0.6045649E-03 -0.7365841E-03  0.0000000E+00  0.0000000E+00 -0.1516724E-02 -0.3259076E-08
        79      4 -0.4815847E-02  0.2256477E-04  0.0000000E+00  0.0000000E+00 -0.9266219E-02 -0.2011658E-07

        80      0  0.0000000E+00  0.0000000E+00  0.0000000E+00  0.0000000E+00  0.0000000E+00  0.0000000E+00
        80      1  0.0000000E+00  0.0000000E+00  0.0000000E+00  0.0000000E+00  0.0000000E+00  0.0000000E+00
        80      2 -0.9121628E-03  0.4327404E-03  0.0000000E+00  0.0000000E+00 -0.3867642E-03 -0.8356398E-09
        80      3 -0.1640105E-02  0.9215907E-03  0.0000000E+00  0.0000000E+00 -0.1534311E-02 -0.3309656E-08
        80      4  0.2266589E-03  0.2115690E-02  0.0000000E+00  0.0000000E+00 -0.9376942E-02 -0.2011702E-07

        81      0  0.0000000E+00  0.0000000E+00  0.0000000E+00  0.0000000E+00  0.0000000E+00  0.0000000E+00
        81      1  0.0000000E+00  0.0000000E+00  0.0000000E+00  0.0000000E+00  0.0000000E+00  0.0000000E+00
        81      2  0.9684114E-03  0.2907517E-04  0.0000000E+00  0.0000000E+00 -0.3928848E-03 -0.8502288E-09
        81      3  0.2071684E-02 -0.7313505E-04  0.0000000E+00  0.0000000E+00 -0.1557973E-02 -0.3377376E-08
        81      4  0.4924742E-02 -0.1934511E-02  0.0000000E+00  0.0000000E+00 -0.9451832E-02 -0.2056811E-07

        82      0  0.0000000E+00  0.0000000E+00  0.0000000E+00  0.0000000E+00  0.0000000E+00  0.0000000E+00
        82      1  0.0000000E+00  0.0000000E+00  0.0000000E+00  0.0000000E+00  0.0000000E+00  0.0000000E+00
        82      2  0.8865048E-04 -0.4586420E-03  0.0000000E+00  0.0000000E+00 -0.3940786E-03 -0.8505853E-09
        82      3 -0.1082387E-03 -0.8627520E-03  0.0000000E+00  0.0000000E+00 -0.1570476E-02 -0.3376378E-08
        82      4 -0.4312209E-02 -0.4706207E-03  0.0000000E+00  0.0000000E+00 -0.9610092E-02 -0.2084426E-07

        83      0  0.0000000E+00  0.0000000E+00  0.0000000E+00  0.0000000E+00  0.0000000E+00  0.0000000E+00
        83      1  0.0000000E+00  0.0000000E+00  0.0000000E+00  0.0000000E+00  0.0000000E+00  0.0000000E+00
        83      2 -0.1031652E-02  0.3638432E-03  0.0000000E+00  0.0000000E+00 -0.4006082E-03 -0.8697937E-09
        83      3 -0.1925648E-02  0.8113861E-03  0.0000000E+00  0.0000000E+00 -0.1589621E-02 -0.3444372E-08
        83      4 -0.8443896E-03  0.2335550E-02  0.0000000E+00  0.0000000E+00 -0.9705679E-02 -0.2085785E-07

        84      0  0.0000000E+00  0.0000000E+00  0.0000000E+00  0.0000000E+00  0.0000000E+00  0.0000000E+00
        84      1  0.0000000E+00  0.0000000E+00  0.0000000E+00  0.0000000E+00  0.0000000E+00  0.0000000E+00
        84      2  0.8110825E-03  0.1424305E-03  0.0000000E+00  0.0000000E+00 -0.4074503E-03 -0.8795246E-09
        84      3  0.1818535E-02  0.1492475E-03  0.0000000E+00  0.0000000E+00 -0.1615447E-02 -0.3494767E-08
        84      4  0.5388825E-02 -0.1651553E-02  0.0000000E+00  0.0000000E+00 -0.9797485E-02 -0.2136562E-07

        85      0  0.0000000E+00  0.0000000E+00  0.0000000E+00  0.0000000E+00  0.0000000E+00  0.0000000E+00
        85      1  0.0000000E+00  0.0000000E+00  0.0000000E+00  0.0000000E+00  0.0000000E+00  0.0000000E+00
        85      2  0.3440566E-03 -0.4872096E-03  0.0000000E+00  0.0000000E+00 -0.4076361E-03 -0.8825574E-09
        85      3  0.3967503E-03 -0.9435012E-03  0.0000000E+00  0.0000000E+00 -0.1624049E-02 -0.3500092E-08
        85      4 -0.3652598E-02 -0.9341923E-03  0.0000000E+00  0.0000000E+00 -0.9951519E-02 -0.2153763E-07

        86      0  0.0000000E+00  0.0000000E+00  0.0000000E+00  0.0000000E+00  0.0000000E+00  0.0000000E+00
        86      1  0.0000000E+00  0.0000000E+00  0.0000000E+00  0.0000000E+00  0.0000000E+00  0.0000000E+00
        86      2 -0.1094520E-02  0.2745837E-03  0.0000000E+00  0.0000000E+00 -0.4145467E-03 -0.9035407E-09
        86      3 -0.2109686E-02  0.6566889E-03  0.0000000E+00  0.0000000E+00 -0.1645465E-02 -0.3579825E-08
        86      4 -0.1860681E-02  0.2461562E-02  0.0000000E+00  0.0000000E+00 -0.1003557E-01 -0.2160021E-07

        87      0  0.0000000E+00  0.0000000E+00  0.0000000E+00  0.0000000E+00  0.0000000E+00  0.0000000E+00
        87      1  0.0000000E+00  0.0000000E+00  0.0000000E+00  0.0000000E+00  0.0000000E+00  0.0000000E+00
        87      2  0.6092122E-03  0.2484484E-03  0.0000000E+00  0.0000000E+00 -0.4216956E-03 -0.9085904E-09
        87      3  0.1469064E-02  0.3656603E-03  0.0000000E+00  0.0000000E+00 -0.1671921E-02 -0.3611280E-08
        87      4  0.5642585E-02 -0.1314414E-02  0.0000000E+00  0.0000000E+00 -0.1014630E-01 -0.2213022E-07

        88      0  0.0000000E+00  0.0000000E+00  0.0000000E+00  0.0000000E+00  0.0000000E+00  0.0000000E+00
        88      1  0.0000000E+00  0.0000000E+00  0.0000000E+00  0.0000000E+00  0.0000000E+00  0.0000000E+00
        88      2  0.5813670E-03 -0.4893617E-03  0.0000000E+00  0.0000000E+00 -0.4213601E-03 -0.9159070E-09
        88      3  0.8842070E-03 -0.9754627E-03  0.0000000E+00  0.0000000E+00 -0.1677839E-02 -0.3630439E-08
        88      4 -0.2861274E-02 -0.1350878E-02  0.0000000E+00  0.0000000E+00 -0.1028984E-01 -0.2221058E-07

        89      0  0.0000000E+00  0.0000000E+00  0.0000000E+00  0.0000000E+00  0.0000000E+00  0.0000000E+00
        89      1  0.0000000E+00  0.0000000E+00  0.0000000E+00  0.0000000E+00  0.0000000E+00  0.0000000E+00
        89      2 -0.1097483E-02  0.1700732E-03  0.0000000E+00  0.0000000E+00 -0.4285178E-03 -0.9363293E-09
        89      3 -0.2183163E-02  0.4662464E-03  0.0000000E+00  0.0000000E+00 -0.1701641E-02 -0.3713589E-08
        89      4 -0.2788999E-02  0.2487748E-02  0.0000000E+00  0.0000000E+00 -0.1036762E-01 -0.2235099E-07

        90      0  0.0000000E+00  0.0000000E+00  0.0000000E+00  0.0000000E+00  0.0000000E+00  0.0000000E+00
        90      1  0.0000000E+00  0.0000000E+00  0.0000000E+00  0.0000000E+00  0.0000000E+00  0.0000000E+00
        90      2  0.3741711E-03  0.3412488E-03  0.0000000E+00  0.0000000E+00 -0.4356053E-03 -0.9378667E-09
        90      3  0.1042715E-02  0.5647038E-03  0.0000000E+00  0.0000000E+00 -0.1727260E-02 -0.3728227E-08
        90      4  0.5675329E-02 -0.9317203E-03  0.0000000E+00  0.0000000E+00 -0.1049644E-01 -0.2286690E-07

        91      0  0.0000000E+00  0.0000000E+00  0.0000000E+00  0.0000000E+00  0.0000000E+00  0.0000000E+00
        91      1  0.0000000E+00  0.0000000E+00  0.0000000E+00  0.0000000E+00  0.0000000E+00  0.0000000E+00
        91      2  0.7874154E-03 -0.4651366E-03  0.0000000E+00  0.0000000E+00 -0.4353202E-03 -0.9501444E-09
        91      3  0.1328247E-02 -0.9576918E-03  0.0000000E+00  0.0000000E+00 -0.1732191E-02 -0.3765805E-08
        91      4 -0.1963042E-02 -0.1707589E-02  0.0000000E+00  0.0000000E+00 -0.1062439E-01 -0.2288219E-07

        92      0  0.0000000E+00  0.0000000E+00  0.0000000E+00  0.0000000E+00  0.0000000E+00  0.0000000E+00
        92      1  0.0000000E+00  0.0000000E+00  0.0000000E+00  0.0000000E+00  0.0000000E+00  0.0000000E+00
        92      2 -0.1040467E-02  0.5629252E-04  0.0000000E+00  0.0000000E+00 -0.4424402E-03 -0.9677861E-09
        92      3 -0.2142617E-02  0.2509413E-03  0.0000000E+00  0.0000000E+00 -0.1757837E-02 -0.3843215E-08
        92      4 -0.3602159E-02  0.2412067E-02  0.0000000E+00  0.0000000E+00 -0.1070201E-01 -0.2311799E-07

        93      0  0.0000000E+00  0.0000000E+00  0.0000000E+00  0.0000000E+00  0.0000000E+00  0.0000000E+00
        93      1  0.0000000E+00  0.0000000E+00  0.0000000E+00  0.0000000E+00  0.0000000E+00  0.0000000E+00
        93      2  0.1191343E-03  0.4155777E-03  0.0000000E+00  0.0000000E+00 -0.4492147E-03 -0.9677332E-09
        93      3  0.5631143E-03  0.7354573E-03  0.0000000E+00  0.0000000E+00 -0.1781513E-02 -0.3846528E-08
        93      4  0.5484832E-02 -0.5123874E-03  0.0000000E+00  0.0000000E+00 -0.1084563E-01 -0.2358601E-07

        94      0  0.0000000E+00  0.0000000E+00  0.0000000E+00  0.0000000E+00  0.0000000E+00  0.0000000E+00
        94      1  0.0000000E+00  0.0000000E+00  0.0000000E+00  0.0000000E+00  0.0000000E+00  0.0000000E+00
        94      2  0.9506496E-03 -0.4159216E-03  0.0000000E+00  0.0000000E+00 -0.4495408E-03 -0.9845860E-09
        94      3  0.1704736E-02 -0.8915853E-03  0.0000000E+00  0.0000000E+00 -0.1787326E-02 -0.3903309E-08
        94      4 -0.9834476E-03 -0.1994686E-02  0.0000000E+00  0.0000000E+00 -0.1095477E-01 -0.2357224E-07

        95      0  0.0000000E+00  0.0000000E+00  0.0000000E+00  0.0000000E+00  0.0000000E+00  0.0000000E+00
        95      1  0.0000000E+00  0.0000000E+00  0.0000000E+00  0.0000000E+00  0.0000000E+00  0.0000000E+00
        95      2 -0.9265878E-03 -0.6028993E-04  0.0000000E+00  0.0000000E+00 -0.4562354E-03 -0.9978437E-09
        95      3 -0.1990372E-02  0.2304025E-04  0.0000000E+00  0.0000000E+00 -0.1813704E-02 -0.3967039E-08
        95      4 -0.4276831E-02  0.2236128E-02  0.0000000E+00  0.0000000E+00 -0.1103833E-01 -0.2390664E-07

        96      0  0.0000000E+00  0.0000000E+00  0.0000000E+00  0.0000000E+00  0.0000000E+00  0.0000000E+00
        96      1  0.0000000E+00  0.0000000E+00  0.0000000E+00  0.0000000E+00  0.0000000E+00  0.0000000E+00
        96      2 -0.1417048E-03  0.4671325E-03  0.0000000E+00  0.0000000E+00 -0.4626016E-03 -0.9984734E-09
        96      3  0.5651979E-04  0.8681899E-03  0.0000000E+00  0.0000000E+00 -0.1834900E-02 -0.3966849E-08
        96      4  0.5077082E-02 -0.6667425E-04  0.0000000E+00  0.0000000E+00 -0.1119155E-01 -0.2429951E-07

        97      0  0.0000000E+00  0.0000000E+00  0.0000000E+00  0.0000000E+00  0.0000000E+00  0.0000000E+00
        97      1  0.0000000E+00  0.0000000E+00  0.0000000E+00  0.0000000E+00  0.0000000E+00  0.0000000E+00
        97      2  0.1061821E-02 -0.3443635E-03  0.0000000E+00  0.0000000E+00 -0.4639945E-03 -0.1018547E-08
        97      3  0.1992781E-02 -0.7807092E-03  0.0000000E+00  0.0000000E+00 -0.1843291E-02 -0.4039749E-08
        97      4  0.4934971E-04 -0.2205121E-02  0.0000000E+00  0.0000000E+00 -0.1128120E-01 -0.2429672E-07

        98      0  0.0000000E+00  0.0000000E+00  0.0000000E+00  0.0000000E+00  0.0000000E+00  0.0000000E+00
        98      1  0.0000000E+00  0.0000000E+00  0.0000000E+00  0.0000000E+00  0.0000000E+00  0.0000000E+00
        98      2 -0.7619856E-03 -0.1731224E-03  0.0000000E+00  0.0000000E+00 -0.4698487E-03 -0.1026794E-08
        98      3 -0.1734368E-02 -0.2046736E-03  0.0000000E+00  0.0000000E+00 -0.1868929E-02 -0.4084857E-08
        98      4 -0.4791885E-02  0.1965473E-02  0.0000000E+00  0.0000000E+00 -0.1137590E-01 -0.2471709E-07

        99      0  0.0000000E+00  0.0000000E+00  0.0000000E+00  0.0000000E+00  0.0000000E+00  0.0000000E+00
        99      1  0.0000000E+00  0.0000000E+00  0.0000000E+00  0.0000000E+00  0.0000000E+00  0.0000000E+00
        99      2 -0.3939551E-03  0.4928462E-03  0.0000000E+00  0.0000000E+00 -0.4758682E-03 -0.1030246E-08
        99      3 -0.4498408E-03  0.9550521E-03  0.0000000E+00  0.0000000E+00 -0.1887767E-02 -0.4089781E-08
        99      4  0.4466981E-02  0.3925961E-03  0.0000000E+00  0.0000000E+00 -0.1153241E-01 -0.2501733E-07

       100      0  0.0000000E+00  0.0000000E+00  0.0000000E+00  0.0000000E+00  0.0000000E+00  0.0000000E+00
       100      1  0.0000000E+00  0.0000000E+00  0.0000000E+00  0.0000000E+00  0.0000000E+00  0.0000000E+00
       100      2  0.1114559E-02 -0.2542329E-03  0.0000000E+00  0.0000000E+00 -0.4786059E-03 -0.1051514E-08
       100      3  0.2176099E-02 -0.6305676E-03  0.0000000E+00  0.0000000E+00 -0.1899953E-02 -0.4172546E-08
       100      4  0.1102369E-02 -0.2334003E-02  0.0000000E+00  0.0000000E+00 -0.1160469E-01 -0.2506388E-07
