# number of rays:       5
# iteration   ray    X              A              Y              B              T              D
         0      0  0.0000000E+00  0.0000000E+00  0.0000000E+00  0.0000000E+00  0.0000000E+00  0.0000000E+00
         0      1  0.0000000E+00  0.0000000E+00  0.0000000E+00  0.0000000E+00  0.0000000E+00  0.0000000E+00
         0      2  0.1000000E-02  0.0000000E+00  0.0000000E+00  0.0000000E+00  0.0000000E+00  0.0000000E+00
         0      3  0.2000000E-02  0.0000000E+00  0.0000000E+00  0.0000000E+00  0.0000000E+00  0.0000000E+00
         0      4  0.5000000E-02  0.0000000E+00  0.0000000E+00  0.0000000E+00  0.0000000E+00  0.0000000E+00

         1      0  0.0000000E+00  0.0000000E+00  0.0000000E+00  0.0000000E+00  0.0000000E+00  0.0000000E+00
         1      1  0.0000000E+00  0.0000000E+00  0.0000000E+00  0.0000000E+00  0.0000000E+00  0.0000000E+00
         1      2 -0.2822541E-03 -0.3771463E-03  0.0000000E+00  0.0000000E+00 -0.2987901E-04  0.7482261E-13
         1      3 -0.5676679E-03 -0.7540092E-03  0.0000000E+00  0.0000000E+00 -0.1139270E-03  0.6274732E-12
         1      4 -0.1446373E-02 -0.1881864E-02  0.0000000E+00  0.0000000E+00 -0.6908541E-03  0.1116824E-10

         2      0  0.0000000E+00  0.0000000E+00  0.0000000E+00  0.0000000E+00  0.0000000E+00  0.0000000E+00
         2      1  0.0000000E+00  0.0000000E+00  0.0000000E+00  0.0000000E+00  0.0000000E+00  0.0000000E+00
         2      2 -0.6349470E-03  0.4928516E-03  0.0000000E+00  0.0000000E+00 -0.5358195E-04 -0.1176565E-09
         2      3 -0.1272543E-02  0.9864569E-03  0.0000000E+00  0.0000000E+00 -0.2164542E-03 -0.4701572E-09
         2      4 -0.3195613E-02  0.2472307E-02  0.0000000E+00  0.0000000E+00 -0.1360575E-02 -0.2926743E-08

         3      0  0.0000000E+00  0.0000000E+00  0.0000000E+00  0.0000000E+00  0.0000000E+00  0.0000000E+00
         3      1  0.0000000E+00  0.0000000E+00  0.0000000E+00  0.0000000E+00  0.0000000E+00  0.0000000E+00
         3      2  0.1108038E-02 -0.2656433E-03  0.0000000E+00  0.0000000E+00 -0.8271380E-04 -0.1918006E-09
         3      3  0.2216632E-02 -0.5314784E-03  0.0000000E+00  0.0000000E+00 -0.3284737E-03 -0.7660933E-09
         3      4  0.5544451E-02 -0.1334067E-02  0.0000000E+00  0.0000000E+00 -0.2043577E-02 -0.4770122E-08

         4      0  0.0000000E+00  0.0000000E+00  0.0000000E+00  0.0000000E+00  0.0000000E+00  0.0000000E+00
         4      1  0.0000000E+00  0.0000000E+00  0.0000000E+00  0.0000000E+00  0.0000000E+00  0.0000000E+00
         4      2 -0.8131421E-03 -0.1457435E-03  0.0000000E+00  0.0000000E+00 -0.1101997E-03 -0.1612222E-09
         4      3 -0.1627879E-02 -0.2912727E-03  0.0000000E+00  0.0000000E+00 -0.4365597E-03 -0.6438020E-09
         4      4 -0.4090932E-02 -0.7207565E-03  0.0000000E+00  0.0000000E+00 -0.2711953E-02 -0.4008074E-08

         5      0  0.0000000E+00  0.0000000E+00  0.0000000E+00  0.0000000E+00  0.0000000E+00  0.0000000E+00
         5      1  0.0000000E+00  0.0000000E+00  0.0000000E+00  0.0000000E+00  0.0000000E+00  0.0000000E+00
         5      2 -0.4871265E-04  0.4561400E-03  0.0000000E+00  0.0000000E+00 -0.1340236E-03 -0.2051394E-09
         5      3 -0.1000620E-03  0.9126952E-03  0.0000000E+00  0.0000000E+00 -0.5387757E-03 -0.8193707E-09
         5      4 -0.2527016E-03  0.2281714E-02  0.0000000E+00  0.0000000E+00 -0.3376906E-02 -0.5092528E-08

         6      0  0.0000000E+00  0.0000000E+00  0.0000000E+00  0.0000000E+00  0.0000000E+00  0.0000000E+00
         6      1  0.0000000E+00  0.0000000E+00  0.0000000E+00  0.0000000E+00  0.0000000E+00  0.0000000E+00
         6      2  0.8730376E-03 -0.4491745E-03  0.0000000E+00  0.0000000E+00 -0.1649407E-03 -0.3319011E-09
         6      3  0.1743736E-02 -0.8981405E-03  0.0000000E+00  0.0000000E+00 -0.6552848E-03 -0.1326433E-08
         6      4  0.4328847E-02 -0.2247768E-02  0.0000000E+00  0.0000000E+00 -0.4078420E-02 -0.8263416E-08

         7      0  0.0000000E+00  0.0000000E+00  0.0000000E+00  0.0000000E+00  0.0000000E+00  0.0000000E+00
         7      1  0.0000000E+00  0.0000000E+00  0.0000000E+00  0.0000000E+00  0.0000000E+00  0.0000000E+00
         7      2 -0.1093579E-02  0.1308344E-03  0.0000000E+00  0.0000000E+00 -0.1902692E-03 -0.3599149E-09
         7      3 -0.2186865E-02  0.2622932E-03  0.0000000E+00  0.0000000E+00 -0.7590732E-03 -0.1439719E-08
         7      4 -0.5469288E-02  0.6706730E-03  0.0000000E+00  0.0000000E+00 -0.4736805E-02 -0.9009995E-08

         8      0  0.0000000E+00  0.0000000E+00  0.0000000E+00  0.0000000E+00  0.0000000E+00  0.0000000E+00
         8      1  0.0000000E+00  0.0000000E+00  0.0000000E+00  0.0000000E+00  0.0000000E+00  0.0000000E+00
         8      2  0.5532575E-03  0.2785640E-03  0.0000000E+00  0.0000000E+00 -0.2149576E-03 -0.3341718E-09
         8      3  0.1106155E-02  0.5564379E-03  0.0000000E+00  0.0000000E+00 -0.8618277E-03 -0.1336875E-08
         8      4  0.2786599E-02  0.1375834E-02  0.0000000E+00  0.0000000E+00 -0.5394432E-02 -0.8362609E-08

         9      0  0.0000000E+00  0.0000000E+00  0.0000000E+00  0.0000000E+00  0.0000000E+00  0.0000000E+00
         9      1  0.0000000E+00  0.0000000E+00  0.0000000E+00  0.0000000E+00  0.0000000E+00  0.0000000E+00
         9      2  0.3683457E-03 -0.4941707E-03  0.0000000E+00  0.0000000E+00 -0.2461328E-03 -0.4231731E-09
         9      3  0.7307785E-03 -0.9875115E-03  0.0000000E+00  0.0000000E+00 -0.9789080E-03 -0.1692422E-08
         9      4  0.1753794E-02 -0.2460933E-02  0.0000000E+00  0.0000000E+00 -0.6097711E-02 -0.1055840E-07

        10      0  0.0000000E+00  0.0000000E+00  0.0000000E+00  0.0000000E+00  0.0000000E+00  0.0000000E+00
        10      1  0.0000000E+00  0.0000000E+00  0.0000000E+00  0.0000000E+00  0.0000000E+00  0.0000000E+00
        10      2 -0.1037720E-02  0.3672572E-03  0.0000000E+00  0.0000000E+00 -0.2701202E-03 -0.5319885E-09
        10      3 -0.2074666E-02  0.7356723E-03  0.0000000E+00  0.0000000E+00 -0.1080876E-02 -0.2128653E-08
        10      4 -0.5168784E-02  0.1858122E-02  0.0000000E+00  0.0000000E+00 -0.6758067E-02 -0.1331699E-07

        11      0  0.0000000E+00  0.0000000E+00  0.0000000E+00  0.0000000E+00  0.0000000E+00  0.0000000E+00
        11      1  0.0000000E+00  0.0000000E+00  0.0000000E+00  0.0000000E+00  0.0000000E+00  0.0000000E+00
        11      2  0.9845698E-03  0.1512886E-04  0.0000000E+00  0.0000000E+00 -0.2965613E-03 -0.5199436E-09
        11      3  0.1970763E-02  0.2861634E-04  0.0000000E+00  0.0000000E+00 -0.1186461E-02 -0.2080616E-08
        11      4  0.4956396E-02  0.4275420E-04  0.0000000E+00  0.0000000E+00 -0.7417503E-02 -0.1303609E-07

        12      0  0.0000000E+00  0.0000000E+00  0.0000000E+00  0.0000000E+00  0.0000000E+00  0.0000000E+00
        12      1  0.0000000E+00  0.0000000E+00  0.0000000E+00  0.0000000E+00  0.0000000E+00  0.0000000E+00
        12      2 -0.2494165E-03 -0.3868300E-03  0.0000000E+00  0.0000000E+00 -0.3262782E-03 -0.5238397E-09
        12      3 -0.5056546E-03 -0.7723133E-03  0.0000000E+00  0.0000000E+00 -0.1299564E-02 -0.2095007E-08
        12      4 -0.1354270E-02 -0.1909280E-02  0.0000000E+00  0.0000000E+00 -0.8102206E-02 -0.1308067E-07

        13      0  0.0000000E+00  0.0000000E+00  0.0000000E+00  0.0000000E+00  0.0000000E+00  0.0000000E+00
        13      1  0.0000000E+00  0.0000000E+00  0.0000000E+00  0.0000000E+00  0.0000000E+00  0.0000000E+00
        13      2 -0.6624310E-03  0.4903798E-03  0.0000000E+00  0.0000000E+00 -0.3497155E-03 -0.6437248E-09
        13      3 -0.1324444E-02  0.9817973E-03  0.0000000E+00  0.0000000E+00 -0.1401004E-02 -0.2573973E-08
        13      4 -0.3273033E-02  0.2465610E-02  0.0000000E+00  0.0000000E+00 -0.8765071E-02 -0.1605004E-07

        14      0  0.0000000E+00  0.0000000E+00  0.0000000E+00  0.0000000E+00  0.0000000E+00  0.0000000E+00
        14      1  0.0000000E+00  0.0000000E+00  0.0000000E+00  0.0000000E+00  0.0000000E+00  0.0000000E+00
        14      2  0.1111143E-02 -0.2527380E-03  0.0000000E+00  0.0000000E+00 -0.3784490E-03 -0.7132604E-09
        14      3  0.2222619E-02 -0.5071093E-03  0.0000000E+00  0.0000000E+00 -0.1511640E-02 -0.2852469E-08
        14      4  0.5554415E-02 -0.1297956E-02  0.0000000E+00  0.0000000E+00 -0.9440573E-02 -0.1782839E-07

        15      0  0.0000000E+00  0.0000000E+00  0.0000000E+00  0.0000000E+00  0.0000000E+00  0.0000000E+00
        15      1  0.0000000E+00  0.0000000E+00  0.0000000E+00  0.0000000E+00  0.0000000E+00  0.0000000E+00
        15      2 -0.7896860E-03 -0.1601328E-03  0.0000000E+00  0.0000000E+00 -0.4057902E-03 -0.6818794E-09
        15      3 -0.1583701E-02 -0.3184800E-03  0.0000000E+00  0.0000000E+00 -0.1618903E-02 -0.2727057E-08
        15      4 -0.4026179E-02 -0.7614345E-03  0.0000000E+00  0.0000000E+00 -0.1010263E-01 -0.1705300E-07

        16      0  0.0000000E+00  0.0000000E+00  0.0000000E+00  0.0000000E+00  0.0000000E+00  0.0000000E+00
        16      1  0.0000000E+00  0.0000000E+00  0.0000000E+00  0.0000000E+00  0.0000000E+00  0.0000000E+00
        16      2 -0.8250895E-04  0.4620300E-03  0.0000000E+00  0.0000000E+00 -0.4293145E-03 -0.7306265E-09
        16      3 -0.1639976E-03  0.9238894E-03  0.0000000E+00  0.0000000E+00 -0.1720023E-02 -0.2920866E-08
        16      4 -0.3483106E-03  0.2298926E-02  0.0000000E+00  0.0000000E+00 -0.1076095E-01 -0.1820520E-07

        17      0  0.0000000E+00  0.0000000E+00  0.0000000E+00  0.0000000E+00  0.0000000E+00  0.0000000E+00
        17      1  0.0000000E+00  0.0000000E+00  0.0000000E+00  0.0000000E+00  0.0000000E+00  0.0000000E+00
        17      2  0.8936981E-03 -0.4424648E-03  0.0000000E+00  0.0000000E+00 -0.4598917E-03 -0.8567400E-09
        17      3  0.1783018E-02 -0.8855118E-03  0.0000000E+00  0.0000000E+00 -0.1835273E-02 -0.3425493E-08
        17      4  0.4388960E-02 -0.2229447E-02  0.0000000E+00  0.0000000E+00 -0.1145522E-01 -0.2136808E-07

        18      0  0.0000000E+00  0.0000000E+00  0.0000000E+00  0.0000000E+00  0.0000000E+00  0.0000000E+00
        18      1  0.0000000E+00  0.0000000E+00  0.0000000E+00  0.0000000E+00  0.0000000E+00  0.0000000E+00
        18      2 -0.1086686E-02  0.1161722E-03  0.0000000E+00  0.0000000E+00 -0.4850421E-03 -0.8800999E-09
        18      3 -0.2173961E-02  0.2345617E-03  0.0000000E+00  0.0000000E+00 -0.1938116E-02 -0.3521140E-08
        18      4 -0.5451301E-02  0.6293307E-03  0.0000000E+00  0.0000000E+00 -0.1210684E-01 -0.2204818E-07

        19      0  0.0000000E+00  0.0000000E+00  0.0000000E+00  0.0000000E+00  0.0000000E+00  0.0000000E+00
        19      1  0.0000000E+00  0.0000000E+00  0.0000000E+00  0.0000000E+00  0.0000000E+00  0.0000000E+00
        19      2  0.5235829E-03  0.2909898E-03  0.0000000E+00  0.0000000E+00 -0.5093859E-03 -0.8563745E-09
        19      3  0.1049966E-02  0.5799944E-03  0.0000000E+00  0.0000000E+00 -0.2039697E-02 -0.3425889E-08
        19      4  0.2702776E-02  0.1411453E-02  0.0000000E+00  0.0000000E+00 -0.1275777E-01 -0.2142774E-07

        20      0  0.0000000E+00  0.0000000E+00  0.0000000E+00  0.0000000E+00  0.0000000E+00  0.0000000E+00
        20      1  0.0000000E+00  0.0000000E+00  0.0000000E+00  0.0000000E+00  0.0000000E+00  0.0000000E+00
        20      2  0.4001291E-03 -0.4957169E-03  0.0000000E+00  0.0000000E+00 -0.5403191E-03 -0.9494346E-09
        20      3  0.7909984E-03 -0.9904875E-03  0.0000000E+00  0.0000000E+00 -0.2155769E-02 -0.3796846E-08
        20      4  0.1844469E-02 -0.2465976E-02  0.0000000E+00  0.0000000E+00 -0.1345450E-01 -0.2368231E-07

        21      0  0.0000000E+00  0.0000000E+00  0.0000000E+00  0.0000000E+00  0.0000000E+00  0.0000000E+00
        21      1  0.0000000E+00  0.0000000E+00  0.0000000E+00  0.0000000E+00  0.0000000E+00  0.0000000E+00
        21      2 -0.1049505E-02  0.3568521E-03  0.0000000E+00  0.0000000E+00 -0.5640821E-03 -0.1055049E-08
        21      3 -0.2096977E-02  0.7160084E-03  0.0000000E+00  0.0000000E+00 -0.2256686E-02 -0.4221064E-08
        21      4 -0.5203017E-02  0.1829116E-02  0.0000000E+00  0.0000000E+00 -0.1410790E-01 -0.2639807E-07

        22      0  0.0000000E+00  0.0000000E+00  0.0000000E+00  0.0000000E+00  0.0000000E+00  0.0000000E+00
        22      1  0.0000000E+00  0.0000000E+00  0.0000000E+00  0.0000000E+00  0.0000000E+00  0.0000000E+00
        22      2  0.9682279E-03  0.3024453E-04  0.0000000E+00  0.0000000E+00 -0.5901338E-03 -0.1039911E-08
        22      3  0.1939889E-02  0.5721177E-04  0.0000000E+00  0.0000000E+00 -0.2360963E-02 -0.4161310E-08
        22      4  0.4911310E-02  0.8550114E-04  0.0000000E+00  0.0000000E+00 -0.1476024E-01 -0.2607221E-07

        23      0  0.0000000E+00  0.0000000E+00  0.0000000E+00  0.0000000E+00  0.0000000E+00  0.0000000E+00
        23      1  0.0000000E+00  0.0000000E+00  0.0000000E+00  0.0000000E+00  0.0000000E+00  0.0000000E+00
        23      2 -0.2163468E-03 -0.3961567E-03  0.0000000E+00  0.0000000E+00 -0.6196887E-03 -0.1047940E-08
        23      3 -0.4432175E-03 -0.7899802E-03  0.0000000E+00  0.0000000E+00 -0.2473250E-02 -0.4191303E-08
        23      4 -0.1261755E-02 -0.1936134E-02  0.0000000E+00  0.0000000E+00 -0.1543886E-01 -0.2617391E-07

        24      0  0.0000000E+00  0.0000000E+00  0.0000000E+00  0.0000000E+00  0.0000000E+00  0.0000000E+00
        24      1  0.0000000E+00  0.0000000E+00  0.0000000E+00  0.0000000E+00  0.0000000E+00  0.0000000E+00
        24      2 -0.6893028E-03  0.4874549E-03  0.0000000E+00  0.0000000E+00 -0.6428648E-03 -0.1169713E-08
        24      3 -0.1375249E-02  0.9763255E-03  0.0000000E+00  0.0000000E+00 -0.2573612E-02 -0.4677504E-08
        24      4 -0.3349481E-02  0.2458184E-02  0.0000000E+00  0.0000000E+00 -0.1609493E-01 -0.2917267E-07

        25      0  0.0000000E+00  0.0000000E+00  0.0000000E+00  0.0000000E+00  0.0000000E+00  0.0000000E+00
        25      1  0.0000000E+00  0.0000000E+00  0.0000000E+00  0.0000000E+00  0.0000000E+00  0.0000000E+00
        25      2  0.1113218E-02 -0.2395989E-03  0.0000000E+00  0.0000000E+00 -0.6712015E-03 -0.1234559E-08
        25      3  0.2226759E-02 -0.4823200E-03  0.0000000E+00  0.0000000E+00 -0.2682876E-02 -0.4938269E-08
        25      4  0.5562714E-02 -0.1261460E-02  0.0000000E+00  0.0000000E+00 -0.1676300E-01 -0.3088529E-07

        26      0  0.0000000E+00  0.0000000E+00  0.0000000E+00  0.0000000E+00  0.0000000E+00  0.0000000E+00
        26      1  0.0000000E+00  0.0000000E+00  0.0000000E+00  0.0000000E+00  0.0000000E+00  0.0000000E+00
        26      2 -0.7655023E-03 -0.1743736E-03  0.0000000E+00  0.0000000E+00 -0.6984014E-03 -0.1202667E-08
        26      3 -0.1538220E-02 -0.3454222E-03  0.0000000E+00  0.0000000E+00 -0.2789330E-02 -0.4810781E-08
        26      4 -0.3960253E-02 -0.8018825E-03  0.0000000E+00  0.0000000E+00 -0.1741881E-01 -0.3009888E-07

        27      0  0.0000000E+00  0.0000000E+00  0.0000000E+00  0.0000000E+00  0.0000000E+00  0.0000000E+00
        27      1  0.0000000E+00  0.0000000E+00  0.0000000E+00  0.0000000E+00  0.0000000E+00  0.0000000E+00
        27      2 -0.1162266E-03  0.4674931E-03  0.0000000E+00  0.0000000E+00 -0.7216309E-03 -0.1256240E-08
        27      3 -0.2277891E-03  0.9343196E-03  0.0000000E+00  0.0000000E+00 -0.2889367E-02 -0.5022820E-08
        27      4 -0.4437968E-03  0.2315458E-02  0.0000000E+00  0.0000000E+00 -0.1807058E-01 -0.3131888E-07

        28      0  0.0000000E+00  0.0000000E+00  0.0000000E+00  0.0000000E+00  0.0000000E+00  0.0000000E+00
        28      1  0.0000000E+00  0.0000000E+00  0.0000000E+00  0.0000000E+00  0.0000000E+00  0.0000000E+00
        28      2  0.9135327E-03 -0.4353469E-03  0.0000000E+00  0.0000000E+00 -0.7518664E-03 -0.1381414E-08
        28      3  0.1820825E-02 -0.8721532E-03  0.0000000E+00  0.0000000E+00 -0.3003360E-02 -0.5523969E-08
        28      4  0.4447772E-02 -0.2210471E-02  0.0000000E+00  0.0000000E+00 -0.1875765E-01 -0.3447137E-07

        29      0  0.0000000E+00  0.0000000E+00  0.0000000E+00  0.0000000E+00  0.0000000E+00  0.0000000E+00
        29      1  0.0000000E+00  0.0000000E+00  0.0000000E+00  0.0000000E+00  0.0000000E+00  0.0000000E+00
        29      2 -0.1078794E-02  0.1014036E-03  0.0000000E+00  0.0000000E+00 -0.7768440E-03 -0.1400210E-08
        29      3 -0.2159276E-02  0.2066393E-03  0.0000000E+00  0.0000000E+00 -0.3105274E-02 -0.5602288E-08
        29      4 -0.5431739E-02  0.5878097E-03  0.0000000E+00  0.0000000E+00 -0.1940259E-01 -0.3508560E-07

        30      0  0.0000000E+00  0.0000000E+00  0.0000000E+00  0.0000000E+00  0.0000000E+00  0.0000000E+00
        30      1  0.0000000E+00  0.0000000E+00  0.0000000E+00  0.0000000E+00  0.0000000E+00  0.0000000E+00
        30      2  0.4934255E-03  0.3031473E-03  0.0000000E+00  0.0000000E+00 -0.8008486E-03 -0.1378764E-08
        30      3  0.9929110E-03  0.6030733E-03  0.0000000E+00  0.0000000E+00 -0.3205698E-02 -0.5515568E-08
        30      4  0.2618162E-02  0.1446658E-02  0.0000000E+00  0.0000000E+00 -0.2004691E-01 -0.3449419E-07

        31      0  0.0000000E+00  0.0000000E+00  0.0000000E+00  0.0000000E+00  0.0000000E+00  0.0000000E+00
        31      1  0.0000000E+00  0.0000000E+00  0.0000000E+00  0.0000000E+00  0.0000000E+00  0.0000000E+00
        31      2  0.4315453E-03 -0.4968062E-03  0.0000000E+00  0.0000000E+00 -0.8315372E-03 -0.1475715E-08
        31      3  0.8505725E-03 -0.9926481E-03  0.0000000E+00  0.0000000E+00 -0.3320760E-02 -0.5901334E-08
        31      4  0.1934615E-02 -0.2470297E-02  0.0000000E+00  0.0000000E+00 -0.2073714E-01 -0.3680625E-07

        32      0  0.0000000E+00  0.0000000E+00  0.0000000E+00  0.0000000E+00  0.0000000E+00  0.0000000E+00
        32      1  0.0000000E+00  0.0000000E+00  0.0000000E+00  0.0000000E+00  0.0000000E+00  0.0000000E+00
        32      2 -0.1060324E-02  0.3461176E-03  0.0000000E+00  0.0000000E+00 -0.8550807E-03 -0.1577914E-08
        32      3 -0.2117567E-02  0.6957540E-03  0.0000000E+00  0.0000000E+00 -0.3420641E-02 -0.6312767E-08
        32      4 -0.5235740E-02  0.1799573E-02  0.0000000E+00  0.0000000E+00 -0.2138365E-01 -0.3947740E-07

        33      0  0.0000000E+00  0.0000000E+00  0.0000000E+00  0.0000000E+00  0.0000000E+00  0.0000000E+00
        33      1  0.0000000E+00  0.0000000E+00  0.0000000E+00  0.0000000E+00  0.0000000E+00  0.0000000E+00
        33      2  0.9509896E-03  0.4533304E-04  0.0000000E+00  0.0000000E+00 -0.8807477E-03 -0.1559915E-08
        33      3  0.1907403E-02  0.8576263E-04  0.0000000E+00  0.0000000E+00 -0.3523628E-02 -0.6242122E-08
        33      4  0.4864755E-02  0.1282278E-03  0.0000000E+00  0.0000000E+00 -0.2202897E-01 -0.3910835E-07

        34      0  0.0000000E+00  0.0000000E+00  0.0000000E+00  0.0000000E+00  0.0000000E+00  0.0000000E+00
        34      1  0.0000000E+00  0.0000000E+00  0.0000000E+00  0.0000000E+00  0.0000000E+00  0.0000000E+00
        34      2 -0.1830755E-03 -0.4051179E-03  0.0000000E+00  0.0000000E+00 -0.9101405E-03 -0.1572222E-08
        34      3 -0.3804078E-03 -0.8069953E-03  0.0000000E+00  0.0000000E+00 -0.3635103E-02 -0.6288248E-08
        34      4 -0.1168854E-02 -0.1962418E-02  0.0000000E+00  0.0000000E+00 -0.2270157E-01 -0.3926845E-07

        35      0  0.0000000E+00  0.0000000E+00  0.0000000E+00  0.0000000E+00  0.0000000E+00  0.0000000E+00
        35      1  0.0000000E+00  0.0000000E+00  0.0000000E+00  0.0000000E+00  0.0000000E+00  0.0000000E+00
        35      2 -0.7155378E-03  0.4840796E-03  0.0000000E+00  0.0000000E+00 -0.9330598E-03 -0.1695609E-08
        35      3 -0.1424917E-02  0.9700461E-03  0.0000000E+00  0.0000000E+00 -0.3734399E-02 -0.6780711E-08
        35      4 -0.3424935E-02  0.2450029E-02  0.0000000E+00  0.0000000E+00 -0.2335091E-01 -0.4229449E-07

        36      0  0.0000000E+00  0.0000000E+00  0.0000000E+00  0.0000000E+00  0.0000000E+00  0.0000000E+00
        36      1  0.0000000E+00  0.0000000E+00  0.0000000E+00  0.0000000E+00  0.0000000E+00  0.0000000E+00
        36      2  0.1114262E-02 -0.2262381E-03  0.0000000E+00  0.0000000E+00 -0.9610013E-03 -0.1755702E-08
        36      3  0.2229047E-02 -0.4571307E-03  0.0000000E+00  0.0000000E+00 -0.3842301E-02 -0.7023516E-08
        36      4  0.5569345E-02 -0.1224589E-02  0.0000000E+00  0.0000000E+00 -0.2401163E-01 -0.4394076E-07

        37      0  0.0000000E+00  0.0000000E+00  0.0000000E+00  0.0000000E+00  0.0000000E+00  0.0000000E+00
        37      1  0.0000000E+00  0.0000000E+00  0.0000000E+00  0.0000000E+00  0.0000000E+00  0.0000000E+00
        37      2 -0.7406132E-03 -0.1884528E-03  0.0000000E+00  0.0000000E+00 -0.9880631E-03 -0.1723593E-08
        37      3 -0.1491473E-02 -0.3720771E-03  0.0000000E+00  0.0000000E+00 -0.3947961E-02 -0.6895003E-08
        37      4 -0.3893171E-02 -0.8420882E-03  0.0000000E+00  0.0000000E+00 -0.2466128E-01 -0.4314567E-07

        38      0  0.0000000E+00  0.0000000E+00  0.0000000E+00  0.0000000E+00  0.0000000E+00  0.0000000E+00
        38      1  0.0000000E+00  0.0000000E+00  0.0000000E+00  0.0000000E+00  0.0000000E+00  0.0000000E+00
        38      2 -0.1498346E-03  0.4725242E-03  0.0000000E+00  0.0000000E+00 -0.1011003E-02 -0.1781969E-08
        38      3 -0.2913837E-03  0.9439773E-03  0.0000000E+00  0.0000000E+00 -0.4046927E-02 -0.7125199E-08
        38      4 -0.5391314E-03  0.2331306E-02  0.0000000E+00  0.0000000E+00 -0.2530656E-01 -0.4443342E-07

        39      0  0.0000000E+00  0.0000000E+00  0.0000000E+00  0.0000000E+00  0.0000000E+00  0.0000000E+00
        39      1  0.0000000E+00  0.0000000E+00  0.0000000E+00  0.0000000E+00  0.0000000E+00  0.0000000E+00
        39      2  0.9325228E-03 -0.4278274E-03  0.0000000E+00  0.0000000E+00 -0.1040895E-02 -0.1905918E-08
        39      3  0.1857124E-02 -0.8580754E-03  0.0000000E+00  0.0000000E+00 -0.4159663E-02 -0.7621841E-08
        39      4  0.4505264E-02 -0.2190846E-02  0.0000000E+00  0.0000000E+00 -0.2598649E-01 -0.4757318E-07

        40      0  0.0000000E+00  0.0000000E+00  0.0000000E+00  0.0000000E+00  0.0000000E+00  0.0000000E+00
        40      1  0.0000000E+00  0.0000000E+00  0.0000000E+00  0.0000000E+00  0.0000000E+00  0.0000000E+00
        40      2 -0.1069910E-02  0.8654206E-04  0.0000000E+00  0.0000000E+00 -0.1065705E-02 -0.1920255E-08
        40      3 -0.2142823E-02  0.1785491E-03  0.0000000E+00  0.0000000E+00 -0.4260667E-02 -0.7683199E-08
        40      4 -0.5410610E-02  0.5461227E-03  0.0000000E+00  0.0000000E+00 -0.2662482E-01 -0.4812219E-07

        41      0  0.0000000E+00  0.0000000E+00  0.0000000E+00  0.0000000E+00  0.0000000E+00  0.0000000E+00
        41      1  0.0000000E+00  0.0000000E+00  0.0000000E+00  0.0000000E+00  0.0000000E+00  0.0000000E+00
        41      2  0.4628134E-03  0.3150253E-03  0.0000000E+00  0.0000000E+00 -0.1089375E-02 -0.1901344E-08
        41      3  0.9350394E-03  0.6256553E-03  0.0000000E+00  0.0000000E+00 -0.4359951E-02 -0.7605921E-08
        41      4  0.2532781E-02  0.1481439E-02  0.0000000E+00  0.0000000E+00 -0.2726261E-01 -0.4756188E-07

        42      0  0.0000000E+00  0.0000000E+00  0.0000000E+00  0.0000000E+00  0.0000000E+00  0.0000000E+00
        42      1  0.0000000E+00  0.0000000E+00  0.0000000E+00  0.0000000E+00  0.0000000E+00  0.0000000E+00
        42      2  0.4625649E-03 -0.4974374E-03  0.0000000E+00  0.0000000E+00 -0.1119817E-02 -0.2002002E-08
        42      3  0.9094511E-03 -0.9939913E-03  0.0000000E+00  0.0000000E+00 -0.4474001E-02 -0.8005846E-08
        42      4  0.2024205E-02 -0.2473895E-02  0.0000000E+00  0.0000000E+00 -0.2794639E-01 -0.4993006E-07

        43      0  0.0000000E+00  0.0000000E+00  0.0000000E+00  0.0000000E+00  0.0000000E+00  0.0000000E+00
        43      1  0.0000000E+00  0.0000000E+00  0.0000000E+00  0.0000000E+00  0.0000000E+00  0.0000000E+00
        43      2 -0.1070168E-02  0.3350639E-03  0.0000000E+00  0.0000000E+00 -0.1143146E-02 -0.2100585E-08
        43      3 -0.2136419E-02  0.6749261E-03  0.0000000E+00  0.0000000E+00 -0.4572860E-02 -0.8403765E-08
        43      4 -0.5266941E-02  0.1769501E-02  0.0000000E+00  0.0000000E+00 -0.2858608E-01 -0.5255485E-07

        44      0  0.0000000E+00  0.0000000E+00  0.0000000E+00  0.0000000E+00  0.0000000E+00  0.0000000E+00
        44      1  0.0000000E+00  0.0000000E+00  0.0000000E+00  0.0000000E+00  0.0000000E+00  0.0000000E+00
        44      2  0.9328707E-03  0.6038046E-04  0.0000000E+00  0.0000000E+00 -0.1168433E-02 -0.2079965E-08
        44      3  0.1873334E-02  0.1142453E-03  0.0000000E+00  0.0000000E+00 -0.4674575E-02 -0.8323088E-08
        44      4  0.4816746E-02  0.1709213E-03  0.0000000E+00  0.0000000E+00 -0.2922447E-01 -0.5214443E-07

        45      0  0.0000000E+00  0.0000000E+00  0.0000000E+00  0.0000000E+00  0.0000000E+00  0.0000000E+00
        45      1  0.0000000E+00  0.0000000E+00  0.0000000E+00  0.0000000E+00  0.0000000E+00  0.0000000E+00
        45      2 -0.1496332E-03 -0.4137052E-03  0.0000000E+00  0.0000000E+00 -0.1197663E-02 -0.2096682E-08
        45      3 -0.3172769E-03 -0.8233449E-03  0.0000000E+00  0.0000000E+00 -0.4785243E-02 -0.8385826E-08
        45      4 -0.1075597E-02 -0.1988124E-02  0.0000000E+00  0.0000000E+00 -0.2989112E-01 -0.5236414E-07

        46      0  0.0000000E+00  0.0000000E+00  0.0000000E+00  0.0000000E+00  0.0000000E+00  0.0000000E+00
        46      1  0.0000000E+00  0.0000000E+00  0.0000000E+00  0.0000000E+00  0.0000000E+00  0.0000000E+00
        46      2 -0.7411118E-03  0.4802570E-03  0.0000000E+00  0.0000000E+00 -0.1220330E-02 -0.2221404E-08
        46      3 -0.1473407E-02  0.9629645E-03  0.0000000E+00  0.0000000E+00 -0.4883484E-02 -0.8883559E-08
        46      4 -0.3499373E-02  0.2441150E-02  0.0000000E+00  0.0000000E+00 -0.3053379E-01 -0.5541533E-07

        47      0  0.0000000E+00  0.0000000E+00  0.0000000E+00  0.0000000E+00  0.0000000E+00  0.0000000E+00
        47      1  0.0000000E+00  0.0000000E+00  0.0000000E+00  0.0000000E+00  0.0000000E+00  0.0000000E+00
        47      2  0.1114274E-02 -0.2126680E-03  0.0000000E+00  0.0000000E+00 -0.1247878E-02 -0.2276698E-08
        47      3  0.2229482E-02 -0.4315624E-03  0.0000000E+00  0.0000000E+00 -0.4990035E-02 -0.9108231E-08
        47      4  0.5574307E-02 -0.1187355E-02  0.0000000E+00  0.0000000E+00 -0.3118723E-01 -0.5699469E-07

        48      0  0.0000000E+00  0.0000000E+00  0.0000000E+00  0.0000000E+00  0.0000000E+00  0.0000000E+00
        48      1  0.0000000E+00  0.0000000E+00  0.0000000E+00  0.0000000E+00  0.0000000E+00  0.0000000E+00
        48      2 -0.7150414E-03 -0.2023575E-03  0.0000000E+00  0.0000000E+00 -0.1274805E-02 -0.2244667E-08
        48      3 -0.1443500E-02 -0.3984227E-03  0.0000000E+00  0.0000000E+00 -0.5094915E-02 -0.8979749E-08
        48      4 -0.3824955E-02 -0.8820398E-03  0.0000000E+00  0.0000000E+00 -0.3183080E-01 -0.5619326E-07

        49      0  0.0000000E+00  0.0000000E+00  0.0000000E+00  0.0000000E+00  0.0000000E+00  0.0000000E+00
        49      1  0.0000000E+00  0.0000000E+00  0.0000000E+00  0.0000000E+00  0.0000000E+00  0.0000000E+00
        49      2 -0.1833018E-03  0.4771188E-03  0.0000000E+00  0.0000000E+00 -0.1297459E-02 -0.2307806E-08
        49      3 -0.3547289E-03  0.9528543E-03  0.0000000E+00  0.0000000E+00 -0.5192822E-02 -0.9227973E-08
        49      4 -0.6342853E-03  0.2346463E-02  0.0000000E+00  0.0000000E+00 -0.3246965E-01 -0.5754864E-07

        50      0  0.0000000E+00  0.0000000E+00  0.0000000E+00  0.0000000E+00  0.0000000E+00  0.0000000E+00
        50      1  0.0000000E+00  0.0000000E+00  0.0000000E+00  0.0000000E+00  0.0000000E+00  0.0000000E+00
        50      2  0.9506508E-03 -0.4199131E-03  0.0000000E+00  0.0000000E+00 -0.1327006E-02 -0.2430247E-08
        50      3  0.1891886E-02 -0.8432900E-03  0.0000000E+00  0.0000000E+00 -0.5304302E-02 -0.9719091E-08
        50      4  0.4561420E-02 -0.2170579E-02  0.0000000E+00  0.0000000E+00 -0.3314249E-01 -0.6067331E-07

        51      0  0.0000000E+00  0.0000000E+00  0.0000000E+00  0.0000000E+00  0.0000000E+00  0.0000000E+00
        51      1  0.0000000E+00  0.0000000E+00  0.0000000E+00  0.0000000E+00  0.0000000E+00  0.0000000E+00
        51      2 -0.1060043E-02  0.7160145E-04  0.0000000E+00  0.0000000E+00 -0.1351654E-02 -0.2440247E-08
        51      3 -0.2124614E-02  0.1503144E-03  0.0000000E+00  0.0000000E+00 -0.5404413E-02 -0.9763914E-08
        51      4 -0.5387918E-02  0.5042824E-03  0.0000000E+00  0.0000000E+00 -0.3377431E-01 -0.6115785E-07

        52      0  0.0000000E+00  0.0000000E+00  0.0000000E+00  0.0000000E+00  0.0000000E+00  0.0000000E+00
        52      1  0.0000000E+00  0.0000000E+00  0.0000000E+00  0.0000000E+00  0.0000000E+00  0.0000000E+00
        52      2  0.4317750E-03  0.3266127E-03  0.0000000E+00  0.0000000E+00 -0.1374996E-02 -0.2424115E-08
        52      3  0.8763990E-03  0.6477217E-03  0.0000000E+00  0.0000000E+00 -0.5502575E-02 -0.9696956E-08
        52      4  0.2446662E-02  0.1515784E-02  0.0000000E+00  0.0000000E+00 -0.3440563E-01 -0.6063066E-07

        53      0  0.0000000E+00  0.0000000E+00  0.0000000E+00  0.0000000E+00  0.0000000E+00  0.0000000E+00
        53      1  0.0000000E+00  0.0000000E+00  0.0000000E+00  0.0000000E+00  0.0000000E+00  0.0000000E+00
        53      2  0.4931594E-03 -0.4976101E-03  0.0000000E+00  0.0000000E+00 -0.1405187E-02 -0.2528284E-08
        53      3  0.9675853E-03 -0.9945162E-03  0.0000000E+00  0.0000000E+00 -0.5615610E-02 -0.1011034E-07
        53      4  0.2113211E-02 -0.2476769E-02  0.0000000E+00  0.0000000E+00 -0.3508301E-01 -0.6305353E-07

        54      0  0.0000000E+00  0.0000000E+00  0.0000000E+00  0.0000000E+00  0.0000000E+00  0.0000000E+00
        54      1  0.0000000E+00  0.0000000E+00  0.0000000E+00  0.0000000E+00  0.0000000E+00  0.0000000E+00
        54      2 -0.1079026E-02  0.3237012E-03  0.0000000E+00  0.0000000E+00 -0.1428307E-02 -0.2623062E-08
        54      3 -0.2153519E-02  0.6535418E-03  0.0000000E+00  0.0000000E+00 -0.5713462E-02 -0.1049406E-07
        54      4 -0.5296612E-02  0.1738911E-02  0.0000000E+00  0.0000000E+00 -0.3571596E-01 -0.6563026E-07

        55      0  0.0000000E+00  0.0000000E+00  0.0000000E+00  0.0000000E+00  0.0000000E+00  0.0000000E+00
        55      1  0.0000000E+00  0.0000000E+00  0.0000000E+00  0.0000000E+00  0.0000000E+00  0.0000000E+00
        55      2  0.9138884E-03  0.7537288E-04  0.0000000E+00  0.0000000E+00 -0.1453219E-02 -0.2600075E-08
        55      3  0.1837710E-02  0.1426363E-03  0.0000000E+00  0.0000000E+00 -0.5813922E-02 -0.1040425E-07
        55      4  0.4767299E-02  0.2135685E-03  0.0000000E+00  0.0000000E+00 -0.3634751E-01 -0.6518033E-07

        56      0  0.0000000E+00  0.0000000E+00  0.0000000E+00  0.0000000E+00  0.0000000E+00  0.0000000E+00
        56      1  0.0000000E+00  0.0000000E+00  0.0000000E+00  0.0000000E+00  0.0000000E+00  0.0000000E+00
        56      2 -0.1160506E-03 -0.4219109E-03  0.0000000E+00  0.0000000E+00 -0.1482286E-02 -0.2621315E-08
        56      3 -0.2538768E-03 -0.8390155E-03  0.0000000E+00  0.0000000E+00 -0.5923786E-02 -0.1048402E-07
        56      4 -0.9820101E-03 -0.2013245E-02  0.0000000E+00  0.0000000E+00 -0.3700826E-01 -0.6546079E-07

        57      0  0.0000000E+00  0.0000000E+00  0.0000000E+00  0.0000000E+00  0.0000000E+00  0.0000000E+00
        57      1  0.0000000E+00  0.0000000E+00  0.0000000E+00  0.0000000E+00  0.0000000E+00  0.0000000E+00
        57      2 -0.7660015E-03  0.4759906E-03  0.0000000E+00  0.0000000E+00 -0.1504705E-02 -0.2747087E-08
        57      3 -0.1520679E-02  0.9550865E-03  0.0000000E+00  0.0000000E+00 -0.6020984E-02 -0.1098601E-07
        57      4 -0.3572773E-02  0.2431548E-02  0.0000000E+00  0.0000000E+00 -0.3764432E-01 -0.6853494E-07

        58      0  0.0000000E+00  0.0000000E+00  0.0000000E+00  0.0000000E+00  0.0000000E+00  0.0000000E+00
        58      1  0.0000000E+00  0.0000000E+00  0.0000000E+00  0.0000000E+00  0.0000000E+00  0.0000000E+00
        58      2  0.1113254E-02 -0.1989010E-03  0.0000000E+00  0.0000000E+00 -0.1531862E-02 -0.2797554E-08
        58      3  0.2228064E-02 -0.4056359E-03  0.0000000E+00  0.0000000E+00 -0.6126194E-02 -0.1119244E-07
        58      4  0.5577598E-02 -0.1149769E-02  0.0000000E+00  0.0000000E+00 -0.3829056E-01 -0.7004692E-07

        59      0  0.0000000E+00  0.0000000E+00  0.0000000E+00  0.0000000E+00  0.0000000E+00  0.0000000E+00
        59      1  0.0000000E+00  0.0000000E+00  0.0000000E+00  0.0000000E+00  0.0000000E+00  0.0000000E+00
        59      2 -0.6888105E-03 -0.2160749E-03  0.0000000E+00  0.0000000E+00 -0.1558656E-02 -0.2765894E-08
        59      3 -0.1394337E-02 -0.4244374E-03  0.0000000E+00  0.0000000E+00 -0.6230309E-02 -0.1106504E-07
        59      4 -0.3755623E-02 -0.9217251E-03  0.0000000E+00  0.0000000E+00 -0.3892814E-01 -0.6924150E-07

        60      0  0.0000000E+00  0.0000000E+00  0.0000000E+00  0.0000000E+00  0.0000000E+00  0.0000000E+00
        60      1  0.0000000E+00  0.0000000E+00  0.0000000E+00  0.0000000E+00  0.0000000E+00  0.0000000E+00
        60      2 -0.2165973E-03  0.4812726E-03  0.0000000E+00  0.0000000E+00 -0.1581030E-02 -0.2833740E-08
        60      3 -0.4177725E-03  0.9609432E-03  0.0000000E+00  0.0000000E+00 -0.6327169E-02 -0.1133110E-07
        60      4 -0.7292297E-03  0.2360926E-02  0.0000000E+00  0.0000000E+00 -0.3956062E-01 -0.7066430E-07

        61      0  0.0000000E+00  0.0000000E+00  0.0000000E+00  0.0000000E+00  0.0000000E+00  0.0000000E+00
        61      1  0.0000000E+00  0.0000000E+00  0.0000000E+00  0.0000000E+00  0.0000000E+00  0.0000000E+00
        61      2  0.9678997E-03 -0.4116114E-03  0.0000000E+00  0.0000000E+00 -0.1610230E-02 -0.2954396E-08
        61      3  0.1925081E-02 -0.8278091E-03  0.0000000E+00  0.0000000E+00 -0.6437394E-02 -0.1181570E-07
        61      4  0.4616220E-02 -0.2149674E-02  0.0000000E+00  0.0000000E+00 -0.4022643E-01 -0.7377157E-07

        62      0  0.0000000E+00  0.0000000E+00  0.0000000E+00  0.0000000E+00  0.0000000E+00  0.0000000E+00
        62      1  0.0000000E+00  0.0000000E+00  0.0000000E+00  0.0000000E+00  0.0000000E+00  0.0000000E+00
        62      2 -0.1049200E-02  0.5659554E-04  0.0000000E+00  0.0000000E+00 -0.1634720E-02 -0.2960198E-08
        62      3 -0.2104665E-02  0.1219585E-03  0.0000000E+00  0.0000000E+00 -0.6536631E-02 -0.1184447E-07
        62      4 -0.5363671E-02  0.4623016E-03  0.0000000E+00  0.0000000E+00 -0.4085182E-01 -0.7419244E-07

        63      0  0.0000000E+00  0.0000000E+00  0.0000000E+00  0.0000000E+00  0.0000000E+00  0.0000000E+00
        63      1  0.0000000E+00  0.0000000E+00  0.0000000E+00  0.0000000E+00  0.0000000E+00  0.0000000E+00
        63      2  0.4003391E-03  0.3378987E-03  0.0000000E+00  0.0000000E+00 -0.1657740E-02 -0.2947080E-08
        63      3  0.8170390E-03  0.6692540E-03  0.0000000E+00  0.0000000E+00 -0.6633685E-02 -0.1178868E-07
        63      4  0.2359831E-02  0.1549684E-02  0.0000000E+00  0.0000000E+00 -0.4147676E-01 -0.7370034E-07

        64      0  0.0000000E+00  0.0000000E+00  0.0000000E+00  0.0000000E+00  0.0000000E+00  0.0000000E+00
        64      1  0.0000000E+00  0.0000000E+00  0.0000000E+00  0.0000000E+00  0.0000000E+00  0.0000000E+00
        64      2  0.5233002E-03 -0.4973240E-03  0.0000000E+00  0.0000000E+00 -0.1687678E-02 -0.3054549E-08
        64      3  0.1024927E-02 -0.9942221E-03  0.0000000E+00  0.0000000E+00 -0.6745703E-02 -0.1221478E-07
        64      4  0.2201606E-02 -0.2478918E-02  0.0000000E+00  0.0000000E+00 -0.4214778E-01 -0.7617639E-07

        65      0  0.0000000E+00  0.0000000E+00  0.0000000E+00  0.0000000E+00  0.0000000E+00  0.0000000E+00
        65      1  0.0000000E+00  0.0000000E+00  0.0000000E+00  0.0000000E+00  0.0000000E+00  0.0000000E+00
        65      2 -0.1086892E-02  0.3120399E-03  0.0000000E+00  0.0000000E+00 -0.1710594E-02 -0.3145348E-08
        65      3 -0.2168852E-02  0.6316192E-03  0.0000000E+00  0.0000000E+00 -0.6842563E-02 -0.1258367E-07
        65      4 -0.5324746E-02  0.1707811E-02  0.0000000E+00  0.0000000E+00 -0.4277405E-01 -0.7870342E-07

        66      0  0.0000000E+00  0.0000000E+00  0.0000000E+00  0.0000000E+00  0.0000000E+00  0.0000000E+00
        66      1  0.0000000E+00  0.0000000E+00  0.0000000E+00  0.0000000E+00  0.0000000E+00  0.0000000E+00
        66      2  0.8940601E-03  0.9029645E-04  0.0000000E+00  0.0000000E+00 -0.1735135E-02 -0.3120253E-08
        66      3  0.1800560E-02  0.1709120E-03  0.0000000E+00  0.0000000E+00 -0.6941785E-02 -0.1248564E-07
        66      4  0.4716429E-02  0.2561565E-03  0.0000000E+00  0.0000000E+00 -0.4339884E-01 -0.7821589E-07

        67      0  0.0000000E+00  0.0000000E+00  0.0000000E+00  0.0000000E+00  0.0000000E+00  0.0000000E+00
        67      1  0.0000000E+00  0.0000000E+00  0.0000000E+00  0.0000000E+00  0.0000000E+00  0.0000000E+00
        67      2 -0.8235881E-04 -0.4297274E-03  0.0000000E+00  0.0000000E+00 -0.1764038E-02 -0.3146114E-08
        67      3 -0.1902596E-03 -0.8539943E-03  0.0000000E+00  0.0000000E+00 -0.7050851E-02 -0.1258281E-07
        67      4 -0.8881220E-03 -0.2037773E-02  0.0000000E+00  0.0000000E+00 -0.4405376E-01 -0.7855814E-07

        68      0  0.0000000E+00  0.0000000E+00  0.0000000E+00  0.0000000E+00  0.0000000E+00  0.0000000E+00
        68      1  0.0000000E+00  0.0000000E+00  0.0000000E+00  0.0000000E+00  0.0000000E+00  0.0000000E+00
        68      2 -0.7901841E-03  0.4712846E-03  0.0000000E+00  0.0000000E+00 -0.1786214E-02 -0.3272649E-08
        68      3 -0.1566695E-02  0.9464187E-03  0.0000000E+00  0.0000000E+00 -0.7147015E-02 -0.1308804E-07
        68      4 -0.3645113E-02  0.2421226E-02  0.0000000E+00  0.0000000E+00 -0.4468329E-01 -0.8165307E-07

        69      0  0.0000000E+00  0.0000000E+00  0.0000000E+00  0.0000000E+00  0.0000000E+00  0.0000000E+00
        69      1  0.0000000E+00  0.0000000E+00  0.0000000E+00  0.0000000E+00  0.0000000E+00  0.0000000E+00
        69      2  0.1111202E-02 -0.1849499E-03  0.0000000E+00  0.0000000E+00 -0.1812981E-02 -0.3318278E-08
        69      3  0.2224792E-02 -0.3793727E-03  0.0000000E+00  0.0000000E+00 -0.7250897E-02 -0.1327617E-07
        69      4  0.5579217E-02 -0.1111842E-02  0.0000000E+00  0.0000000E+00 -0.4532239E-01 -0.8309725E-07

        70      0  0.0000000E+00  0.0000000E+00  0.0000000E+00  0.0000000E+00  0.0000000E+00  0.0000000E+00
        70      1  0.0000000E+00  0.0000000E+00  0.0000000E+00  0.0000000E+00  0.0000000E+00  0.0000000E+00
        70      2 -0.6619443E-03 -0.2295923E-03  0.0000000E+00  0.0000000E+00 -0.1839646E-02 -0.3287283E-08
        70      3 -0.1344027E-02 -0.4500998E-03  0.0000000E+00  0.0000000E+00 -0.7354260E-02 -0.1315091E-07
        70      4 -0.3685196E-02 -0.9611324E-03  0.0000000E+00  0.0000000E+00 -0.4595405E-01 -0.8229019E-07

        71      0  0.0000000E+00  0.0000000E+00  0.0000000E+00  0.0000000E+00  0.0000000E+00  0.0000000E+00
        71      1  0.0000000E+00  0.0000000E+00  0.0000000E+00  0.0000000E+00  0.0000000E+00  0.0000000E+00
        71      2 -0.2496906E-03  0.4849816E-03  0.0000000E+00  0.0000000E+00 -0.1861744E-02 -0.3359761E-08
        71      3 -0.4804624E-03  0.9682372E-03  0.0000000E+00  0.0000000E+00 -0.7450084E-02 -0.1343456E-07
        71      4 -0.8239357E-03  0.2374690E-02  0.0000000E+00  0.0000000E+00 -0.4658024E-01 -0.8378013E-07

        72      0  0.0000000E+00  0.0000000E+00  0.0000000E+00  0.0000000E+00  0.0000000E+00  0.0000000E+00
        72      1  0.0000000E+00  0.0000000E+00  0.0000000E+00  0.0000000E+00  0.0000000E+00  0.0000000E+00
        72      2  0.9842534E-03 -0.4029299E-03  0.0000000E+00  0.0000000E+00 -0.1890596E-02 -0.3478361E-08
        72      3  0.1956680E-02 -0.8116454E-03  0.0000000E+00  0.0000000E+00 -0.7559056E-02 -0.1391167E-07
        72      4  0.4669647E-02 -0.2128139E-02  0.0000000E+00  0.0000000E+00 -0.4723908E-01 -0.8686767E-07

        73      0  0.0000000E+00  0.0000000E+00  0.0000000E+00  0.0000000E+00  0.0000000E+00  0.0000000E+00
        73      1  0.0000000E+00  0.0000000E+00  0.0000000E+00  0.0000000E+00  0.0000000E+00  0.0000000E+00
        73      2 -0.1037392E-02  0.4153820E-04  0.0000000E+00  0.0000000E+00 -0.1914934E-02 -0.3480119E-08
        73      3 -0.2082991E-02  0.9350495E-04  0.0000000E+00  0.0000000E+00 -0.7657435E-02 -0.1392490E-07
        73      4 -0.5337876E-02  0.4201931E-03  0.0000000E+00  0.0000000E+00 -0.4785811E-01 -0.8722576E-07

        74      0  0.0000000E+00  0.0000000E+00  0.0000000E+00  0.0000000E+00  0.0000000E+00  0.0000000E+00
        74      1  0.0000000E+00  0.0000000E+00  0.0000000E+00  0.0000000E+00  0.0000000E+00  0.0000000E+00
        74      2  0.3685349E-03  0.3488731E-03  0.0000000E+00  0.0000000E+00 -0.1937635E-02 -0.3470238E-08
        74      3  0.7570088E-03  0.6902343E-03  0.0000000E+00  0.0000000E+00 -0.7753398E-02 -0.1388108E-07
        74      4  0.2272315E-02  0.1583127E-02  0.0000000E+00  0.0000000E+00 -0.4847674E-01 -0.8677069E-07

        75      0  0.0000000E+00  0.0000000E+00  0.0000000E+00  0.0000000E+00  0.0000000E+00  0.0000000E+00
        75      1  0.0000000E+00  0.0000000E+00  0.0000000E+00  0.0000000E+00  0.0000000E+00  0.0000000E+00
        75      2  0.5529595E-03 -0.4965795E-03  0.0000000E+00  0.0000000E+00 -0.1967318E-02 -0.3580787E-08
        75      3  0.1081427E-02 -0.9931095E-03  0.0000000E+00  0.0000000E+00 -0.7864396E-02 -0.1431913E-07
        75      4  0.2289362E-02 -0.2480342E-02  0.0000000E+00  0.0000000E+00 -0.4914146E-01 -0.8929834E-07

        76      0  0.0000000E+00  0.0000000E+00  0.0000000E+00  0.0000000E+00  0.0000000E+00  0.0000000E+00
        76      1  0.0000000E+00  0.0000000E+00  0.0000000E+00  0.0000000E+00  0.0000000E+00  0.0000000E+00
        76      2 -0.1093758E-02  0.3000909E-03  0.0000000E+00  0.0000000E+00 -0.1990035E-02 -0.3667447E-08
        76      3 -0.2182407E-02  0.6091764E-03  0.0000000E+00  0.0000000E+00 -0.7960279E-02 -0.1467258E-07
        76      4 -0.5351335E-02  0.1676212E-02  0.0000000E+00  0.0000000E+00 -0.4976113E-01 -0.9177409E-07

        77      0  0.0000000E+00  0.0000000E+00  0.0000000E+00  0.0000000E+00  0.0000000E+00  0.0000000E+00
        77      1  0.0000000E+00  0.0000000E+00  0.0000000E+00  0.0000000E+00  0.0000000E+00  0.0000000E+00
        77      2  0.8734045E-03  0.1051374E-03  0.0000000E+00  0.0000000E+00 -0.2014210E-02 -0.3640512E-08
        77      3  0.1761917E-02  0.1990490E-03  0.0000000E+00  0.0000000E+00 -0.8058282E-02 -0.1456729E-07
        77      4  0.4664152E-02  0.2986723E-03  0.0000000E+00  0.0000000E+00 -0.5037924E-01 -0.9125090E-07

        78      0  0.0000000E+00  0.0000000E+00  0.0000000E+00  0.0000000E+00  0.0000000E+00  0.0000000E+00
        78      1  0.0000000E+00  0.0000000E+00  0.0000000E+00  0.0000000E+00  0.0000000E+00  0.0000000E+00
        78      2 -0.4858873E-04 -0.4371474E-03  0.0000000E+00  0.0000000E+00 -0.2042948E-02 -0.3671073E-08
        78      3 -0.1264776E-03 -0.8682691E-03  0.0000000E+00  0.0000000E+00 -0.8166551E-02 -0.1468217E-07
        78      4 -0.7939607E-03 -0.2061701E-02  0.0000000E+00  0.0000000E+00 -0.5102840E-01 -0.9165592E-07

        79      0  0.0000000E+00  0.0000000E+00  0.0000000E+00  0.0000000E+00  0.0000000E+00  0.0000000E+00
        79      1  0.0000000E+00  0.0000000E+00  0.0000000E+00  0.0000000E+00  0.0000000E+00  0.0000000E+00
        79      2 -0.8136374E-03  0.4661431E-03  0.0000000E+00  0.0000000E+00 -0.2064885E-02 -0.3798081E-08
        79      3 -0.1611419E-02  0.9369684E-03  0.0000000E+00  0.0000000E+00 -0.8261693E-02 -0.1518960E-07
        79      4 -0.3716373E-02  0.2410189E-02  0.0000000E+00  0.0000000E+00 -0.5165144E-01 -0.9476938E-07

        80      0  0.0000000E+00  0.0000000E+00  0.0000000E+00  0.0000000E+00  0.0000000E+00  0.0000000E+00
        80      1  0.0000000E+00  0.0000000E+00  0.0000000E+00  0.0000000E+00  0.0000000E+00  0.0000000E+00
        80      2  0.1108121E-02 -0.1708274E-03  0.0000000E+00  0.0000000E+00 -0.2091265E-02 -0.3838879E-08
        80      3  0.2219671E-02 -0.3527943E-03  0.0000000E+00  0.0000000E+00 -0.8364258E-02 -0.1535944E-07
        80      4  0.5579164E-02 -0.1073585E-02  0.0000000E+00  0.0000000E+00 -0.5228349E-01 -0.9614546E-07

        81      0  0.0000000E+00  0.0000000E+00  0.0000000E+00  0.0000000E+00  0.0000000E+00  0.0000000E+00
        81      1  0.0000000E+00  0.0000000E+00  0.0000000E+00  0.0000000E+00  0.0000000E+00  0.0000000E+00
        81      2 -0.6344675E-03 -0.2428973E-03  0.0000000E+00  0.0000000E+00 -0.2117803E-02 -0.3808839E-08
        81      3 -0.1292608E-02 -0.4753889E-03  0.0000000E+00  0.0000000E+00 -0.8466881E-02 -0.1523737E-07
        81      4 -0.3613695E-02 -0.1000250E-02  0.0000000E+00  0.0000000E+00 -0.5290932E-01 -0.9533910E-07

        82      0  0.0000000E+00  0.0000000E+00  0.0000000E+00  0.0000000E+00  0.0000000E+00  0.0000000E+00
        82      1  0.0000000E+00  0.0000000E+00  0.0000000E+00  0.0000000E+00  0.0000000E+00  0.0000000E+00
        82      2 -0.2825509E-03  0.4882425E-03  0.0000000E+00  0.0000000E+00 -0.2139629E-02 -0.3885857E-08
        82      3 -0.5427470E-03  0.9747304E-03  0.0000000E+00  0.0000000E+00 -0.8561682E-02 -0.1553830E-07
        82      4 -0.9183748E-03  0.2387750E-02  0.0000000E+00  0.0000000E+00 -0.5352927E-01 -0.9689580E-07

        83      0  0.0000000E+00  0.0000000E+00  0.0000000E+00  0.0000000E+00  0.0000000E+00  0.0000000E+00
        83      1  0.0000000E+00  0.0000000E+00  0.0000000E+00  0.0000000E+00  0.0000000E+00  0.0000000E+00
        83      2  0.9996967E-03 -0.3938766E-03  0.0000000E+00  0.0000000E+00 -0.2168132E-02 -0.4002140E-08
        83      3  0.1986657E-02 -0.7948120E-03  0.0000000E+00  0.0000000E+00 -0.8669402E-02 -0.1600696E-07
        83      4  0.4721686E-02 -0.2105980E-02  0.0000000E+00  0.0000000E+00 -0.5418119E-01 -0.9996133E-07

        84      0  0.0000000E+00  0.0000000E+00  0.0000000E+00  0.0000000E+00  0.0000000E+00  0.0000000E+00
        84      1  0.0000000E+00  0.0000000E+00  0.0000000E+00  0.0000000E+00  0.0000000E+00  0.0000000E+00
        84      2 -0.1024631E-02  0.2644333E-04  0.0000000E+00  0.0000000E+00 -0.2192322E-02 -0.4000023E-08
        84      3 -0.2059610E-02  0.6497722E-04  0.0000000E+00  0.0000000E+00 -0.8766942E-02 -0.1600526E-07
        84      4 -0.5310541E-02  0.3779697E-03  0.0000000E+00  0.0000000E+00 -0.5479395E-01 -0.1002576E-06

        85      0  0.0000000E+00  0.0000000E+00  0.0000000E+00  0.0000000E+00  0.0000000E+00  0.0000000E+00
        85      1  0.0000000E+00  0.0000000E+00  0.0000000E+00  0.0000000E+00  0.0000000E+00  0.0000000E+00
        85      2  0.3363918E-03  0.3595254E-03  0.0000000E+00  0.0000000E+00 -0.2214711E-02 -0.3993590E-08
        85      3  0.6963587E-03  0.7106453E-03  0.0000000E+00  0.0000000E+00 -0.8861829E-02 -0.1597418E-07
        85      4  0.2184142E-02  0.1616104E-02  0.0000000E+00  0.0000000E+00 -0.5540636E-01 -0.9984143E-07

        86      0  0.0000000E+00  0.0000000E+00  0.0000000E+00  0.0000000E+00  0.0000000E+00  0.0000000E+00
        86      1  0.0000000E+00  0.0000000E+00  0.0000000E+00  0.0000000E+00  0.0000000E+00  0.0000000E+00
        86      2  0.5821098E-03 -0.4953771E-03  0.0000000E+00  0.0000000E+00 -0.2244135E-02 -0.4106985E-08
        86      3  0.1137040E-02 -0.9911792E-03  0.0000000E+00  0.0000000E+00 -0.8971805E-02 -0.1642334E-07
        86      4  0.2376453E-02 -0.2481040E-02  0.0000000E+00  0.0000000E+00 -0.5606482E-01 -0.1024190E-06

        87      0  0.0000000E+00  0.0000000E+00  0.0000000E+00  0.0000000E+00  0.0000000E+00  0.0000000E+00
        87      1  0.0000000E+00  0.0000000E+00  0.0000000E+00  0.0000000E+00  0.0000000E+00  0.0000000E+00
        87      2 -0.1099618E-02  0.2878653E-03  0.0000000E+00  0.0000000E+00 -0.2266658E-02 -0.4189361E-08
        87      3 -0.2194173E-02  0.5862320E-03  0.0000000E+00  0.0000000E+00 -0.9066725E-02 -0.1676083E-07
        87      4 -0.5376371E-02  0.1644123E-02  0.0000000E+00  0.0000000E+00 -0.5667795E-01 -0.1048420E-06

        88      0  0.0000000E+00  0.0000000E+00  0.0000000E+00  0.0000000E+00  0.0000000E+00  0.0000000E+00
        88      1  0.0000000E+00  0.0000000E+00  0.0000000E+00  0.0000000E+00  0.0000000E+00  0.0000000E+00
        88      2  0.8519408E-03  0.1198819E-03  0.0000000E+00  0.0000000E+00 -0.2290473E-02 -0.4160861E-08
        88      3  0.1721812E-02  0.2270241E-03  0.0000000E+00  0.0000000E+00 -0.9163526E-02 -0.1664924E-07
        88      4  0.4610486E-02  0.3411032E-03  0.0000000E+00  0.0000000E+00 -0.5728948E-01 -0.1042851E-06

        89      0  0.0000000E+00  0.0000000E+00  0.0000000E+00  0.0000000E+00  0.0000000E+00  0.0000000E+00
        89      1  0.0000000E+00  0.0000000E+00  0.0000000E+00  0.0000000E+00  0.0000000E+00  0.0000000E+00
        89      2 -0.1477151E-04 -0.4441643E-03  0.0000000E+00  0.0000000E+00 -0.2319044E-02 -0.4196186E-08
        89      3 -0.6258326E-04 -0.8818281E-03  0.0000000E+00  0.0000000E+00 -0.9271000E-02 -0.1678208E-07
        89      4 -0.6995545E-03 -0.2085022E-02  0.0000000E+00  0.0000000E+00 -0.5793293E-01 -0.1047538E-06

        90      0  0.0000000E+00  0.0000000E+00  0.0000000E+00  0.0000000E+00  0.0000000E+00  0.0000000E+00
        90      1  0.0000000E+00  0.0000000E+00  0.0000000E+00  0.0000000E+00  0.0000000E+00  0.0000000E+00
        90      2 -0.8363400E-03  0.4605710E-03  0.0000000E+00  0.0000000E+00 -0.2340747E-02 -0.4323374E-08
        90      3 -0.1654813E-02  0.9267434E-03  0.0000000E+00  0.0000000E+00 -0.9365132E-02 -0.1729067E-07
        90      4 -0.3786531E-02  0.2398439E-02  0.0000000E+00  0.0000000E+00 -0.5854955E-01 -0.1078835E-06

        91      0  0.0000000E+00  0.0000000E+00  0.0000000E+00  0.0000000E+00  0.0000000E+00  0.0000000E+00
        91      1  0.0000000E+00  0.0000000E+00  0.0000000E+00  0.0000000E+00  0.0000000E+00  0.0000000E+00
        91      2  0.1104013E-02 -0.1565466E-03  0.0000000E+00  0.0000000E+00 -0.2366742E-02 -0.4359367E-08
        91      3  0.2212704E-02 -0.3259226E-03  0.0000000E+00  0.0000000E+00 -0.9466392E-02 -0.1744229E-07
        91      4  0.5577438E-02 -0.1035010E-02  0.0000000E+00  0.0000000E+00 -0.5917463E-01 -0.1091913E-06

        92      0  0.0000000E+00  0.0000000E+00  0.0000000E+00  0.0000000E+00  0.0000000E+00  0.0000000E+00
        92      1  0.0000000E+00  0.0000000E+00  0.0000000E+00  0.0000000E+00  0.0000000E+00  0.0000000E+00
        92      2 -0.6064053E-03 -0.2559776E-03  0.0000000E+00  0.0000000E+00 -0.2393155E-02 -0.4330569E-08
        92      3 -0.1240125E-02 -0.5002838E-03  0.0000000E+00  0.0000000E+00 -0.9568288E-02 -0.1732444E-07
        92      4 -0.3541140E-02 -0.1039066E-02  0.0000000E+00  0.0000000E+00 -0.5979470E-01 -0.1083879E-06

        93      0  0.0000000E+00  0.0000000E+00  0.0000000E+00  0.0000000E+00  0.0000000E+00  0.0000000E+00
        93      1  0.0000000E+00  0.0000000E+00  0.0000000E+00  0.0000000E+00  0.0000000E+00  0.0000000E+00
        93      2 -0.3151481E-03  0.4910522E-03  0.0000000E+00  0.0000000E+00 -0.2414714E-02 -0.4412019E-08
        93      3 -0.6045750E-03  0.9804173E-03  0.0000000E+00  0.0000000E+00 -0.9662076E-02 -0.1764229E-07
        93      4 -0.1012519E-02  0.2400103E-02  0.0000000E+00  0.0000000E+00 -0.6040849E-01 -0.1100109E-06

        94      0  0.0000000E+00  0.0000000E+00  0.0000000E+00  0.0000000E+00  0.0000000E+00  0.0000000E+00
        94      1  0.0000000E+00  0.0000000E+00  0.0000000E+00  0.0000000E+00  0.0000000E+00  0.0000000E+00
        94      2  0.1014215E-02 -0.3844597E-03  0.0000000E+00  0.0000000E+00 -0.2442868E-02 -0.4525729E-08
        94      3  0.2014987E-02 -0.7773229E-03  0.0000000E+00  0.0000000E+00 -0.9768547E-02 -0.1810159E-07
        94      4  0.4772319E-02 -0.2083203E-02  0.0000000E+00  0.0000000E+00 -0.6105354E-01 -0.1130522E-06

        95      0  0.0000000E+00  0.0000000E+00  0.0000000E+00  0.0000000E+00  0.0000000E+00  0.0000000E+00
        95      1  0.0000000E+00  0.0000000E+00  0.0000000E+00  0.0000000E+00  0.0000000E+00  0.0000000E+00
        95      2 -0.1010927E-02  0.1132487E-04  0.0000000E+00  0.0000000E+00 -0.2466915E-02 -0.4519920E-08
        95      3 -0.2034542E-02  0.3639892E-04  0.0000000E+00  0.0000000E+00 -0.9865265E-02 -0.1808557E-07
        95      4 -0.5281673E-02  0.3356443E-03  0.0000000E+00  0.0000000E+00 -0.6166012E-01 -0.1132877E-06

        96      0  0.0000000E+00  0.0000000E+00  0.0000000E+00  0.0000000E+00  0.0000000E+00  0.0000000E+00
        96      1  0.0000000E+00  0.0000000E+00  0.0000000E+00  0.0000000E+00  0.0000000E+00  0.0000000E+00
        96      2  0.3039398E-03  0.3698460E-03  0.0000000E+00  0.0000000E+00 -0.2488996E-02 -0.4517135E-08
        96      3  0.6351392E-03  0.7304698E-03  0.0000000E+00  0.0000000E+00 -0.9959092E-02 -0.1806796E-07
        96      4  0.2095339E-02  0.1648605E-02  0.0000000E+00  0.0000000E+00 -0.6226637E-01 -0.1129122E-06

        97      0  0.0000000E+00  0.0000000E+00  0.0000000E+00  0.0000000E+00  0.0000000E+00  0.0000000E+00
        97      1  0.0000000E+00  0.0000000E+00  0.0000000E+00  0.0000000E+00  0.0000000E+00  0.0000000E+00
        97      2  0.6107239E-03 -0.4937180E-03  0.0000000E+00  0.0000000E+00 -0.2518159E-02 -0.4633132E-08
        97      3  0.1191718E-02 -0.9884328E-03  0.0000000E+00  0.0000000E+00 -0.1006804E-01 -0.1852738E-07
        97      4  0.2462852E-02 -0.2481012E-02  0.0000000E+00  0.0000000E+00 -0.6291862E-01 -0.1155381E-06

        98      0  0.0000000E+00  0.0000000E+00  0.0000000E+00  0.0000000E+00  0.0000000E+00  0.0000000E+00
        98      1  0.0000000E+00  0.0000000E+00  0.0000000E+00  0.0000000E+00  0.0000000E+00  0.0000000E+00
        98      2 -0.1104466E-02  0.2753744E-03  0.0000000E+00  0.0000000E+00 -0.2540493E-02 -0.4711096E-08
        98      3 -0.2204139E-02  0.5628053E-03  0.0000000E+00  0.0000000E+00 -0.1016201E-01 -0.1884841E-07
        98      4 -0.5399847E-02  0.1611554E-02  0.0000000E+00  0.0000000E+00 -0.6352529E-01 -0.1179068E-06

        99      0  0.0000000E+00  0.0000000E+00  0.0000000E+00  0.0000000E+00  0.0000000E+00  0.0000000E+00
        99      1  0.0000000E+00  0.0000000E+00  0.0000000E+00  0.0000000E+00  0.0000000E+00  0.0000000E+00
        99      2  0.8296888E-03  0.1345165E-03  0.0000000E+00  0.0000000E+00 -0.2563952E-02 -0.4681311E-08
        99      3  0.1680280E-02  0.2548141E-03  0.0000000E+00  0.0000000E+00 -0.1025763E-01 -0.1873153E-07
        99      4  0.4555448E-02  0.3834360E-03  0.0000000E+00  0.0000000E+00 -0.6413031E-01 -0.1173182E-06

       100      0  0.0000000E+00  0.0000000E+00  0.0000000E+00  0.0000000E+00  0.0000000E+00  0.0000000E+00
       100      1  0.0000000E+00  0.0000000E+00  0.0000000E+00  0.0000000E+00  0.0000000E+00  0.0000000E+00
       100      2  0.1906167E-04 -0.4507715E-03  0.0000000E+00  0.0000000E+00 -0.2592355E-02 -0.4721446E-08
       100      3  0.1370748E-05 -0.8946604E-03  0.0000000E+00  0.0000000E+00 -0.1036431E-01 -0.1888251E-07
       100      4 -0.6049315E-03 -0.2107729E-02  0.0000000E+00  0.0000000E+00 -0.6476813E-01 -0.1178514E-06
