# number of rays:       5
# iteration   ray    X              A              Y              B              T              D
         0      0  0.0000000E+00  0.0000000E+00  0.0000000E+00  0.0000000E+00  0.0000000E+00  0.0000000E+00
         0      1  0.0000000E+00  0.0000000E+00  0.0000000E+00  0.0000000E+00  0.0000000E+00  0.0000000E+00
         0      2  0.1000000E-02  0.0000000E+00  0.0000000E+00  0.0000000E+00  0.0000000E+00  0.0000000E+00
         0      3  0.2000000E-02  0.0000000E+00  0.0000000E+00  0.0000000E+00  0.0000000E+00  0.0000000E+00
         0      4  0.5000000E-02  0.0000000E+00  0.0000000E+00  0.0000000E+00  0.0000000E+00  0.0000000E+00

        10      0  0.0000000E+00  0.0000000E+00  0.0000000E+00  0.0000000E+00  0.0000000E+00  0.0000000E+00
        10      1  0.0000000E+00  0.0000000E+00  0.0000000E+00  0.0000000E+00  0.0000000E+00  0.0000000E+00
        10      2 -0.1038045E-02  0.3672093E-03  0.0000000E+00  0.0000000E+00 -0.2411812E-03 -0.4750810E-09
        10      3 -0.2076463E-02  0.7350488E-03  0.0000000E+00  0.0000000E+00 -0.9655426E-03 -0.1900847E-08
        10      4 -0.5189155E-02  0.1846103E-02  0.0000000E+00  0.0000000E+00 -0.6045052E-02 -0.1189001E-07

        20      0  0.0000000E+00  0.0000000E+00  0.0000000E+00  0.0000000E+00  0.0000000E+00  0.0000000E+00
        20      1  0.0000000E+00  0.0000000E+00  0.0000000E+00  0.0000000E+00  0.0000000E+00  0.0000000E+00
        20      2  0.4022979E-03 -0.4963983E-03  0.0000000E+00  0.0000000E+00 -0.4825843E-03 -0.8474501E-09
        20      3  0.8022929E-03 -0.9933202E-03  0.0000000E+00  0.0000000E+00 -0.1925698E-02 -0.3390700E-08
        20      4  0.1964873E-02 -0.2486047E-02  0.0000000E+00  0.0000000E+00 -0.1203276E-01 -0.2119746E-07

        30      0  0.0000000E+00  0.0000000E+00  0.0000000E+00  0.0000000E+00  0.0000000E+00  0.0000000E+00
        30      1  0.0000000E+00  0.0000000E+00  0.0000000E+00  0.0000000E+00  0.0000000E+00  0.0000000E+00
        30      2  0.4947726E-03  0.3034114E-03  0.0000000E+00  0.0000000E+00 -0.7144836E-03 -0.1229734E-08
        30      3  0.9945028E-03  0.6056295E-03  0.0000000E+00  0.0000000E+00 -0.2861533E-02 -0.4921477E-08
        30      4  0.2556837E-02  0.1491646E-02  0.0000000E+00  0.0000000E+00 -0.1791994E-01 -0.3080909E-07

        40      0  0.0000000E+00  0.0000000E+00  0.0000000E+00  0.0000000E+00  0.0000000E+00  0.0000000E+00
        40      1  0.0000000E+00  0.0000000E+00  0.0000000E+00  0.0000000E+00  0.0000000E+00  0.0000000E+00
        40      2 -0.1070875E-02  0.8660809E-04  0.0000000E+00  0.0000000E+00 -0.9511307E-03 -0.1713150E-08
        40      3 -0.2145190E-02  0.1763538E-03  0.0000000E+00  0.0000000E+00 -0.3804125E-02 -0.6857178E-08
        40      4 -0.5401988E-02  0.4864182E-03  0.0000000E+00  0.0000000E+00 -0.2380378E-01 -0.4296216E-07

        50      0  0.0000000E+00  0.0000000E+00  0.0000000E+00  0.0000000E+00  0.0000000E+00  0.0000000E+00
        50      1  0.0000000E+00  0.0000000E+00  0.0000000E+00  0.0000000E+00  0.0000000E+00  0.0000000E+00
        50      2  0.9516185E-03 -0.4202081E-03  0.0000000E+00  0.0000000E+00 -0.1184541E-02 -0.2169101E-08
        50      3  0.1899510E-02 -0.8428292E-03  0.0000000E+00  0.0000000E+00 -0.4736611E-02 -0.8680821E-08
        50      4  0.4687200E-02 -0.2139934E-02  0.0000000E+00  0.0000000E+00 -0.2963475E-01 -0.5432560E-07

        60      0  0.0000000E+00  0.0000000E+00  0.0000000E+00  0.0000000E+00  0.0000000E+00  0.0000000E+00
        60      1  0.0000000E+00  0.0000000E+00  0.0000000E+00  0.0000000E+00  0.0000000E+00  0.0000000E+00
        60      2 -0.2154970E-03  0.4810466E-03  0.0000000E+00  0.0000000E+00 -0.1410763E-02 -0.2528598E-08
        60      3 -0.4215779E-03  0.9610600E-03  0.0000000E+00  0.0000000E+00 -0.5648688E-02 -0.1011853E-07
        60      4 -0.9084669E-03  0.2385481E-02  0.0000000E+00  0.0000000E+00 -0.3536859E-01 -0.6328776E-07

        70      0  0.0000000E+00  0.0000000E+00  0.0000000E+00  0.0000000E+00  0.0000000E+00  0.0000000E+00
        70      1  0.0000000E+00  0.0000000E+00  0.0000000E+00  0.0000000E+00  0.0000000E+00  0.0000000E+00
        70      2 -0.6599175E-03 -0.2300339E-03  0.0000000E+00  0.0000000E+00 -0.1641796E-02 -0.2932349E-08
        70      3 -0.1328243E-02 -0.4557361E-03  0.0000000E+00  0.0000000E+00 -0.6565845E-02 -0.1173649E-07
        70      4 -0.3453989E-02 -0.1071051E-02  0.0000000E+00  0.0000000E+00 -0.4108208E-01 -0.7350403E-07

        80      0  0.0000000E+00  0.0000000E+00  0.0000000E+00  0.0000000E+00  0.0000000E+00  0.0000000E+00
        80      1  0.0000000E+00  0.0000000E+00  0.0000000E+00  0.0000000E+00  0.0000000E+00  0.0000000E+00
        80      2  0.1107173E-02 -0.1698576E-03  0.0000000E+00  0.0000000E+00 -0.1866235E-02 -0.3424725E-08
        80      3  0.2214857E-02 -0.3442834E-03  0.0000000E+00  0.0000000E+00 -0.7467438E-02 -0.1370754E-07
        80      4  0.5548237E-02 -0.9372627E-03  0.0000000E+00  0.0000000E+00 -0.4673939E-01 -0.8586299E-07

        90      0  0.0000000E+00  0.0000000E+00  0.0000000E+00  0.0000000E+00  0.0000000E+00  0.0000000E+00
        90      1  0.0000000E+00  0.0000000E+00  0.0000000E+00  0.0000000E+00  0.0000000E+00  0.0000000E+00
        90      2 -0.8371926E-03  0.4597378E-03  0.0000000E+00  0.0000000E+00 -0.2088811E-02 -0.3857398E-08
        90      3 -0.1666510E-02  0.9213255E-03  0.0000000E+00  0.0000000E+00 -0.8361105E-02 -0.1543573E-07
        90      4 -0.4027672E-02  0.2334638E-02  0.0000000E+00  0.0000000E+00 -0.5234343E-01 -0.9654761E-07

       100      0  0.0000000E+00  0.0000000E+00  0.0000000E+00  0.0000000E+00  0.0000000E+00  0.0000000E+00
       100      1  0.0000000E+00  0.0000000E+00  0.0000000E+00  0.0000000E+00  0.0000000E+00  0.0000000E+00
       100      2  0.2412834E-04 -0.4517199E-03  0.0000000E+00  0.0000000E+00 -0.2313591E-02 -0.4211878E-08
       100      3  0.3553861E-04 -0.9011564E-03  0.0000000E+00  0.0000000E+00 -0.9253363E-02 -0.1685405E-07
       100      4 -0.1333284E-03 -0.2209099E-02  0.0000000E+00  0.0000000E+00 -0.5790101E-01 -0.1054154E-06

       110      0  0.0000000E+00  0.0000000E+00  0.0000000E+00  0.0000000E+00  0.0000000E+00  0.0000000E+00
       110      1  0.0000000E+00  0.0000000E+00  0.0000000E+00  0.0000000E+00  0.0000000E+00  0.0000000E+00
       110      2  0.8050489E-03  0.1506881E-03  0.0000000E+00  0.0000000E+00 -0.2529340E-02 -0.4639573E-08
       110      3  0.1620353E-02  0.2956273E-03  0.0000000E+00  0.0000000E+00 -0.1012380E-01 -0.1856920E-07
       110      4  0.4217808E-02  0.6358274E-03  0.0000000E+00  0.0000000E+00 -0.6337771E-01 -0.1162954E-06

       120      0  0.0000000E+00  0.0000000E+00  0.0000000E+00  0.0000000E+00  0.0000000E+00  0.0000000E+00
       120      1  0.0000000E+00  0.0000000E+00  0.0000000E+00  0.0000000E+00  0.0000000E+00  0.0000000E+00
       120      2 -0.1112472E-02  0.2484258E-03  0.0000000E+00  0.0000000E+00 -0.2748437E-02 -0.5132870E-08
       120      3 -0.2225530E-02  0.5032831E-03  0.0000000E+00  0.0000000E+00 -0.1099856E-01 -0.2054296E-07
       120      4 -0.5549500E-02  0.1362748E-02  0.0000000E+00  0.0000000E+00 -0.6884674E-01 -0.1286175E-06

       130      0  0.0000000E+00  0.0000000E+00  0.0000000E+00  0.0000000E+00  0.0000000E+00  0.0000000E+00
       130      1  0.0000000E+00  0.0000000E+00  0.0000000E+00  0.0000000E+00  0.0000000E+00  0.0000000E+00
       130      2  0.6975752E-03 -0.4863714E-03  0.0000000E+00  0.0000000E+00 -0.2966315E-02 -0.5541653E-08
       130      3  0.1382252E-02 -0.9751932E-03  0.0000000E+00  0.0000000E+00 -0.1186640E-01 -0.2217515E-07
       130      4  0.3225935E-02 -0.2468094E-02  0.0000000E+00  0.0000000E+00 -0.7426406E-01 -0.1386600E-06

       140      0  0.0000000E+00  0.0000000E+00  0.0000000E+00  0.0000000E+00  0.0000000E+00  0.0000000E+00
       140      1  0.0000000E+00  0.0000000E+00  0.0000000E+00  0.0000000E+00  0.0000000E+00  0.0000000E+00
       140      2  0.1698701E-03  0.4085774E-03  0.0000000E+00  0.0000000E+00 -0.3175477E-02 -0.5899471E-08
       140      3  0.3591798E-03  0.8126426E-03  0.0000000E+00  0.0000000E+00 -0.1271116E-01 -0.2360849E-07
       140      4  0.1215987E-02  0.1949167E-02  0.0000000E+00  0.0000000E+00 -0.7958180E-01 -0.1476906E-06

       150      0  0.0000000E+00  0.0000000E+00  0.0000000E+00  0.0000000E+00  0.0000000E+00  0.0000000E+00
       150      1  0.0000000E+00  0.0000000E+00  0.0000000E+00  0.0000000E+00  0.0000000E+00  0.0000000E+00
       150      2 -0.9267644E-03 -0.6571960E-04  0.0000000E+00  0.0000000E+00 -0.3390048E-02 -0.6350750E-08
       150      3 -0.1865877E-02 -0.1220519E-03  0.0000000E+00  0.0000000E+00 -0.1356368E-01 -0.2541915E-07
       150      4 -0.4853216E-02 -0.1502803E-03  0.0000000E+00  0.0000000E+00 -0.8489815E-01 -0.1592030E-06

       160      0  0.0000000E+00  0.0000000E+00  0.0000000E+00  0.0000000E+00  0.0000000E+00  0.0000000E+00
       160      1  0.0000000E+00  0.0000000E+00  0.0000000E+00  0.0000000E+00  0.0000000E+00  0.0000000E+00
       160      2  0.1081998E-02 -0.3194179E-03  0.0000000E+00  0.0000000E+00 -0.3599954E-02 -0.6836682E-08
       160      3  0.2158483E-02 -0.6464325E-03  0.0000000E+00  0.0000000E+00 -0.1440455E-01 -0.2736162E-07
       160      4  0.5294170E-02 -0.1738985E-02  0.0000000E+00  0.0000000E+00 -0.9016777E-01 -0.1712392E-06

       170      0  0.0000000E+00  0.0000000E+00  0.0000000E+00  0.0000000E+00  0.0000000E+00  0.0000000E+00
       170      1  0.0000000E+00  0.0000000E+00  0.0000000E+00  0.0000000E+00  0.0000000E+00  0.0000000E+00
       170      2 -0.5361512E-03  0.4973235E-03  0.0000000E+00  0.0000000E+00 -0.3805121E-02 -0.7223026E-08
       170      3 -0.1052018E-02  0.9948320E-03  0.0000000E+00  0.0000000E+00 -0.1523079E-01 -0.2890270E-07
       170      4 -0.2280886E-02  0.2486026E-02  0.0000000E+00  0.0000000E+00 -0.9535922E-01 -0.1806754E-06

       180      0  0.0000000E+00  0.0000000E+00  0.0000000E+00  0.0000000E+00  0.0000000E+00  0.0000000E+00
       180      1  0.0000000E+00  0.0000000E+00  0.0000000E+00  0.0000000E+00  0.0000000E+00  0.0000000E+00
       180      2 -0.3571285E-03 -0.3529452E-03  0.0000000E+00  0.0000000E+00 -0.4014259E-02 -0.7592034E-08
       180      3 -0.7364034E-03 -0.6982360E-03  0.0000000E+00  0.0000000E+00 -0.1605997E-01 -0.3038273E-07
       180      4 -0.2218180E-02 -0.1610022E-02  0.0000000E+00  0.0000000E+00 -0.1005234E+00 -0.1900813E-06

       190      0  0.0000000E+00  0.0000000E+00  0.0000000E+00  0.0000000E+00  0.0000000E+00  0.0000000E+00
       190      1  0.0000000E+00  0.0000000E+00  0.0000000E+00  0.0000000E+00  0.0000000E+00  0.0000000E+00
       190      2  0.1019007E-02 -0.2016714E-04  0.0000000E+00  0.0000000E+00 -0.4215617E-02 -0.8063514E-08
       190      3  0.2047441E-02 -0.5106853E-04  0.0000000E+00  0.0000000E+00 -0.1687125E-01 -0.3227386E-07
       190      4  0.5266804E-02 -0.3155251E-03  0.0000000E+00  0.0000000E+00 -0.1056282E+00 -0.2020712E-06

       200      0  0.0000000E+00  0.0000000E+00  0.0000000E+00  0.0000000E+00  0.0000000E+00  0.0000000E+00
       200      1  0.0000000E+00  0.0000000E+00  0.0000000E+00  0.0000000E+00  0.0000000E+00  0.0000000E+00
       200      2 -0.1020724E-02  0.3805025E-03  0.0000000E+00  0.0000000E+00 -0.4417973E-02 -0.8534565E-08
       200      3 -0.2031841E-02  0.7684034E-03  0.0000000E+00  0.0000000E+00 -0.1768165E-01 -0.3415390E-07
       200      4 -0.4883762E-02  0.2040927E-02  0.0000000E+00  0.0000000E+00 -0.1107057E+00 -0.2135890E-06

       210      0  0.0000000E+00  0.0000000E+00  0.0000000E+00  0.0000000E+00  0.0000000E+00  0.0000000E+00
       210      1  0.0000000E+00  0.0000000E+00  0.0000000E+00  0.0000000E+00  0.0000000E+00  0.0000000E+00
       210      2  0.3599283E-03 -0.4942171E-03  0.0000000E+00  0.0000000E+00 -0.4621121E-02 -0.8903323E-08
       210      3  0.6948135E-03 -0.9874040E-03  0.0000000E+00  0.0000000E+00 -0.1848852E-01 -0.3562558E-07
       210      4  0.1290981E-02 -0.2433965E-02  0.0000000E+00  0.0000000E+00 -0.1157365E+00 -0.2226150E-06

       220      0  0.0000000E+00  0.0000000E+00  0.0000000E+00  0.0000000E+00  0.0000000E+00  0.0000000E+00
       220      1  0.0000000E+00  0.0000000E+00  0.0000000E+00  0.0000000E+00  0.0000000E+00  0.0000000E+00
       220      2  0.5347345E-03  0.2871864E-03  0.0000000E+00  0.0000000E+00 -0.4815103E-02 -0.9290246E-08
       220      3  0.1095158E-02  0.5643658E-03  0.0000000E+00  0.0000000E+00 -0.1927262E-01 -0.3717994E-07
       220      4  0.3159034E-02  0.1228156E-02  0.0000000E+00  0.0000000E+00 -0.1206806E+00 -0.2325810E-06

       230      0  0.0000000E+00  0.0000000E+00  0.0000000E+00  0.0000000E+00  0.0000000E+00  0.0000000E+00
       230      1  0.0000000E+00  0.0000000E+00  0.0000000E+00  0.0000000E+00  0.0000000E+00  0.0000000E+00
       230      2 -0.1082561E-02  0.1063725E-03  0.0000000E+00  0.0000000E+00 -0.5014054E-02 -0.9776451E-08
       230      3 -0.2173905E-02  0.2262632E-03  0.0000000E+00  0.0000000E+00 -0.2006461E-01 -0.3912922E-07
       230      4 -0.5541786E-02  0.7899567E-03  0.0000000E+00  0.0000000E+00 -0.1256299E+00 -0.2448641E-06

       240      0  0.0000000E+00  0.0000000E+00  0.0000000E+00  0.0000000E+00  0.0000000E+00  0.0000000E+00
       240      1  0.0000000E+00  0.0000000E+00  0.0000000E+00  0.0000000E+00  0.0000000E+00  0.0000000E+00
       240      2  0.9274333E-03 -0.4307130E-03  0.0000000E+00  0.0000000E+00 -0.5210329E-02 -0.1022727E-07
       240      3  0.1837559E-02 -0.8690733E-03  0.0000000E+00  0.0000000E+00 -0.2084825E-01 -0.4092651E-07
       240      4  0.4272240E-02 -0.2286254E-02  0.0000000E+00  0.0000000E+00 -0.1305347E+00 -0.2557588E-06

       250      0  0.0000000E+00  0.0000000E+00  0.0000000E+00  0.0000000E+00  0.0000000E+00  0.0000000E+00
       250      1  0.0000000E+00  0.0000000E+00  0.0000000E+00  0.0000000E+00  0.0000000E+00  0.0000000E+00
       250      2 -0.1710726E-03  0.4754632E-03  0.0000000E+00  0.0000000E+00 -0.5399508E-02 -0.1058487E-07
       250      3 -0.3089128E-03  0.9465171E-03  0.0000000E+00  0.0000000E+00 -0.2161219E-01 -0.4235495E-07
       250      4 -0.2064039E-03  0.2277723E-02  0.0000000E+00  0.0000000E+00 -0.1353476E+00 -0.2645856E-06

       260      0  0.0000000E+00  0.0000000E+00  0.0000000E+00  0.0000000E+00  0.0000000E+00  0.0000000E+00
       260      1  0.0000000E+00  0.0000000E+00  0.0000000E+00  0.0000000E+00  0.0000000E+00  0.0000000E+00
       260      2 -0.6957637E-03 -0.2119602E-03  0.0000000E+00  0.0000000E+00 -0.5593934E-02 -0.1099408E-07
       260      3 -0.1418438E-02 -0.4097299E-03  0.0000000E+00  0.0000000E+00 -0.2238298E-01 -0.4400053E-07
       260      4 -0.3983332E-02 -0.7778959E-03  0.0000000E+00  0.0000000E+00 -0.1401553E+00 -0.2751888E-06

       270      0  0.0000000E+00  0.0000000E+00  0.0000000E+00  0.0000000E+00  0.0000000E+00  0.0000000E+00
       270      1  0.0000000E+00  0.0000000E+00  0.0000000E+00  0.0000000E+00  0.0000000E+00  0.0000000E+00
       270      2  0.1111138E-02 -0.1886888E-03  0.0000000E+00  0.0000000E+00 -0.5782300E-02 -0.1148742E-07
       270      3  0.2223728E-02 -0.3918256E-03  0.0000000E+00  0.0000000E+00 -0.2314007E-01 -0.4597563E-07
       270      4  0.5553802E-02 -0.1223203E-02  0.0000000E+00  0.0000000E+00 -0.1449187E+00 -0.2874932E-06

       280      0  0.0000000E+00  0.0000000E+00  0.0000000E+00  0.0000000E+00  0.0000000E+00  0.0000000E+00
       280      1  0.0000000E+00  0.0000000E+00  0.0000000E+00  0.0000000E+00  0.0000000E+00  0.0000000E+00
       280      2 -0.8066977E-03  0.4670882E-03  0.0000000E+00  0.0000000E+00 -0.5968773E-02 -0.1191446E-07
       280      3 -0.1588254E-02  0.9394021E-03  0.0000000E+00  0.0000000E+00 -0.2388945E-01 -0.4767499E-07
       280      4 -0.3504585E-02  0.2423978E-02  0.0000000E+00  0.0000000E+00 -0.1496279E+00 -0.2976708E-06

       290      0  0.0000000E+00  0.0000000E+00  0.0000000E+00  0.0000000E+00  0.0000000E+00  0.0000000E+00
       290      1  0.0000000E+00  0.0000000E+00  0.0000000E+00  0.0000000E+00  0.0000000E+00  0.0000000E+00
       290      2 -0.2099600E-04 -0.4428284E-03  0.0000000E+00  0.0000000E+00 -0.6157981E-02 -0.1226895E-07
       290      3 -0.7876903E-04 -0.8780539E-03  0.0000000E+00  0.0000000E+00 -0.2463929E-01 -0.4909368E-07
       290      4 -0.8385935E-03 -0.2043394E-02  0.0000000E+00  0.0000000E+00 -0.1543040E+00 -0.3065408E-06

       300      0  0.0000000E+00  0.0000000E+00  0.0000000E+00  0.0000000E+00  0.0000000E+00  0.0000000E+00
       300      1  0.0000000E+00  0.0000000E+00  0.0000000E+00  0.0000000E+00  0.0000000E+00  0.0000000E+00
       300      2  0.8355228E-03  0.1313462E-03  0.0000000E+00  0.0000000E+00 -0.6338577E-02 -0.1270225E-07
       300      3  0.1696406E-02  0.2464718E-03  0.0000000E+00  0.0000000E+00 -0.2536903E-01 -0.5083687E-07
       300      4  0.4641350E-02  0.3255419E-03  0.0000000E+00  0.0000000E+00 -0.1589143E+00 -0.3177659E-06

       310      0  0.0000000E+00  0.0000000E+00  0.0000000E+00  0.0000000E+00  0.0000000E+00  0.0000000E+00
       310      1  0.0000000E+00  0.0000000E+00  0.0000000E+00  0.0000000E+00  0.0000000E+00  0.0000000E+00
       310      2 -0.1108580E-02  0.2656761E-03  0.0000000E+00  0.0000000E+00 -0.6522597E-02 -0.1319454E-07
       310      3 -0.2214179E-02  0.5465810E-03  0.0000000E+00  0.0000000E+00 -0.2610370E-01 -0.5280444E-07
       310      4 -0.5417101E-02  0.1614124E-02  0.0000000E+00  0.0000000E+00 -0.1635195E+00 -0.3298379E-06

       320      0  0.0000000E+00  0.0000000E+00  0.0000000E+00  0.0000000E+00  0.0000000E+00  0.0000000E+00
       320      1  0.0000000E+00  0.0000000E+00  0.0000000E+00  0.0000000E+00  0.0000000E+00  0.0000000E+00
       320      2  0.6618613E-03 -0.4903675E-03  0.0000000E+00  0.0000000E+00 -0.6705935E-02 -0.1359786E-07
       320      3  0.1290969E-02 -0.9846423E-03  0.0000000E+00  0.0000000E+00 -0.2683311E-01 -0.5440874E-07
       320      4  0.2626478E-02 -0.2497702E-02  0.0000000E+00  0.0000000E+00 -0.1680816E+00 -0.3393857E-06

       330      0  0.0000000E+00  0.0000000E+00  0.0000000E+00  0.0000000E+00  0.0000000E+00  0.0000000E+00
       330      1  0.0000000E+00  0.0000000E+00  0.0000000E+00  0.0000000E+00  0.0000000E+00  0.0000000E+00
       330      2  0.2142908E-03  0.3967286E-03  0.0000000E+00  0.0000000E+00 -0.6880748E-02 -0.1395762E-07
       330      3  0.4713590E-03  0.7821127E-03  0.0000000E+00  0.0000000E+00 -0.2754049E-01 -0.5585230E-07
       330      4  0.1892916E-02  0.1738063E-02  0.0000000E+00  0.0000000E+00 -0.1725545E+00 -0.3485552E-06

       340      0  0.0000000E+00  0.0000000E+00  0.0000000E+00  0.0000000E+00  0.0000000E+00  0.0000000E+00
       340      1  0.0000000E+00  0.0000000E+00  0.0000000E+00  0.0000000E+00  0.0000000E+00  0.0000000E+00
       340      2 -0.9511116E-03 -0.4568413E-04  0.0000000E+00  0.0000000E+00 -0.7061273E-02 -0.1441401E-07
       340      3 -0.1926257E-02 -0.7123288E-04  0.0000000E+00  0.0000000E+00 -0.2825702E-01 -0.5768812E-07
       340      4 -0.5166946E-02  0.1651641E-03  0.0000000E+00  0.0000000E+00 -0.1770374E+00 -0.3603117E-06

       350      0  0.0000000E+00  0.0000000E+00  0.0000000E+00  0.0000000E+00  0.0000000E+00  0.0000000E+00
       350      1  0.0000000E+00  0.0000000E+00  0.0000000E+00  0.0000000E+00  0.0000000E+00  0.0000000E+00
       350      2  0.1070437E-02 -0.3346522E-03  0.0000000E+00  0.0000000E+00 -0.7237657E-02 -0.1489711E-07
       350      3  0.2127631E-02 -0.6845760E-03  0.0000000E+00  0.0000000E+00 -0.2896356E-01 -0.5961509E-07
       350      4  0.5036340E-02 -0.1952977E-02  0.0000000E+00  0.0000000E+00 -0.1814823E+00 -0.3719283E-06

       360      0  0.0000000E+00  0.0000000E+00  0.0000000E+00  0.0000000E+00  0.0000000E+00  0.0000000E+00
       360      1  0.0000000E+00  0.0000000E+00  0.0000000E+00  0.0000000E+00  0.0000000E+00  0.0000000E+00
       360      2 -0.4961401E-03  0.4978507E-03  0.0000000E+00  0.0000000E+00 -0.7409283E-02 -0.1527883E-07
       360      3 -0.9497530E-03  0.9953997E-03  0.0000000E+00  0.0000000E+00 -0.2965576E-01 -0.6113284E-07
       360      4 -0.1616662E-02  0.2456558E-02  0.0000000E+00  0.0000000E+00 -0.1858503E+00 -0.3809547E-06

       370      0  0.0000000E+00  0.0000000E+00  0.0000000E+00  0.0000000E+00  0.0000000E+00  0.0000000E+00
       370      1  0.0000000E+00  0.0000000E+00  0.0000000E+00  0.0000000E+00  0.0000000E+00  0.0000000E+00
       370      2 -0.3996059E-03 -0.3384113E-03  0.0000000E+00  0.0000000E+00 -0.7585348E-02 -0.1565146E-07
       370      3 -0.8435090E-03 -0.6607915E-03  0.0000000E+00  0.0000000E+00 -0.3035266E-01 -0.6263145E-07
       370      4 -0.2851799E-02 -0.1355027E-02  0.0000000E+00  0.0000000E+00 -0.1902057E+00 -0.3905910E-06

       380      0  0.0000000E+00  0.0000000E+00  0.0000000E+00  0.0000000E+00  0.0000000E+00  0.0000000E+00
       380      1  0.0000000E+00  0.0000000E+00  0.0000000E+00  0.0000000E+00  0.0000000E+00  0.0000000E+00
       380      2  0.1036356E-02 -0.4031404E-04  0.0000000E+00  0.0000000E+00 -0.7754103E-02 -0.1612692E-07
       380      3  0.2089598E-02 -0.1021035E-03  0.0000000E+00  0.0000000E+00 -0.3103341E-01 -0.6454155E-07
       380      4  0.5450613E-02 -0.6276256E-03  0.0000000E+00  0.0000000E+00 -0.1945151E+00 -0.4026656E-06

       390      0  0.0000000E+00  0.0000000E+00  0.0000000E+00  0.0000000E+00  0.0000000E+00  0.0000000E+00
       390      1  0.0000000E+00  0.0000000E+00  0.0000000E+00  0.0000000E+00  0.0000000E+00  0.0000000E+00
       390      2 -0.1001718E-02  0.3931808E-03  0.0000000E+00  0.0000000E+00 -0.7923820E-02 -0.1659363E-07
       390      3 -0.1981780E-02  0.7998067E-03  0.0000000E+00  0.0000000E+00 -0.3171347E-01 -0.6639837E-07
       390      4 -0.4498064E-02  0.2204046E-02  0.0000000E+00  0.0000000E+00 -0.1987956E+00 -0.4136330E-06

       400      0  0.0000000E+00  0.0000000E+00  0.0000000E+00  0.0000000E+00  0.0000000E+00  0.0000000E+00
       400      1  0.0000000E+00  0.0000000E+00  0.0000000E+00  0.0000000E+00  0.0000000E+00  0.0000000E+00
       400      2  0.3169389E-03 -0.4912230E-03  0.0000000E+00  0.0000000E+00 -0.8094841E-02 -0.1695913E-07
       400      3  0.5852721E-03 -0.9788721E-03  0.0000000E+00  0.0000000E+00 -0.3239167E-01 -0.6785369E-07
       400      4  0.5922648E-03 -0.2342216E-02  0.0000000E+00  0.0000000E+00 -0.2030402E+00 -0.4223521E-06

       410      0  0.0000000E+00  0.0000000E+00  0.0000000E+00  0.0000000E+00  0.0000000E+00  0.0000000E+00
       410      1  0.0000000E+00  0.0000000E+00  0.0000000E+00  0.0000000E+00  0.0000000E+00  0.0000000E+00
       410      2  0.5738449E-03  0.2704787E-03  0.0000000E+00  0.0000000E+00 -0.8256992E-02 -0.1735093E-07
       410      3  0.1193137E-02  0.5215242E-03  0.0000000E+00  0.0000000E+00 -0.3304845E-01 -0.6943267E-07
       410      4  0.3713274E-02  0.9432437E-03  0.0000000E+00  0.0000000E+00 -0.2072116E+00 -0.4325864E-06

       420      0  0.0000000E+00  0.0000000E+00  0.0000000E+00  0.0000000E+00  0.0000000E+00  0.0000000E+00
       420      1  0.0000000E+00  0.0000000E+00  0.0000000E+00  0.0000000E+00  0.0000000E+00  0.0000000E+00
       420      2 -0.1092476E-02  0.1259754E-03  0.0000000E+00  0.0000000E+00 -0.8424263E-02 -0.1783951E-07
       420      3 -0.2196943E-02  0.2756812E-03  0.0000000E+00  0.0000000E+00 -0.3371398E-01 -0.7139236E-07
       420      4 -0.5592228E-02  0.1082224E-02  0.0000000E+00  0.0000000E+00 -0.2113937E+00 -0.4447605E-06

       430      0  0.0000000E+00  0.0000000E+00  0.0000000E+00  0.0000000E+00  0.0000000E+00  0.0000000E+00
       430      1  0.0000000E+00  0.0000000E+00  0.0000000E+00  0.0000000E+00  0.0000000E+00  0.0000000E+00
       430      2  0.9017096E-03 -0.4405180E-03  0.0000000E+00  0.0000000E+00 -0.8589364E-02 -0.1828501E-07
       430      3  0.1770628E-02 -0.8930815E-03  0.0000000E+00  0.0000000E+00 -0.3437269E-01 -0.7316162E-07
       430      4  0.3785896E-02 -0.2396159E-02  0.0000000E+00  0.0000000E+00 -0.2155384E+00 -0.4550269E-06

       440      0  0.0000000E+00  0.0000000E+00  0.0000000E+00  0.0000000E+00  0.0000000E+00  0.0000000E+00
       440      1  0.0000000E+00  0.0000000E+00  0.0000000E+00  0.0000000E+00  0.0000000E+00  0.0000000E+00
       440      2 -0.1263372E-03  0.4690963E-03  0.0000000E+00  0.0000000E+00 -0.8747421E-02 -0.1864114E-07
       440      3 -0.1951864E-03  0.9294511E-03  0.0000000E+00  0.0000000E+00 -0.3501225E-01 -0.7458305E-07
       440      4  0.5023365E-03  0.2132645E-02  0.0000000E+00  0.0000000E+00 -0.2195974E+00 -0.4636924E-06

       450      0  0.0000000E+00  0.0000000E+00  0.0000000E+00  0.0000000E+00  0.0000000E+00  0.0000000E+00
       450      1  0.0000000E+00  0.0000000E+00  0.0000000E+00  0.0000000E+00  0.0000000E+00  0.0000000E+00
       450      2 -0.7304960E-03 -0.1935260E-03  0.0000000E+00  0.0000000E+00 -0.8911094E-02 -0.1905591E-07
       450      3 -0.1505114E-02 -0.3625399E-03  0.0000000E+00  0.0000000E+00 -0.3566019E-01 -0.7625628E-07
       450      4 -0.4451230E-02 -0.4707584E-03  0.0000000E+00  0.0000000E+00 -0.2236641E+00 -0.4745414E-06

       460      0  0.0000000E+00  0.0000000E+00  0.0000000E+00  0.0000000E+00  0.0000000E+00  0.0000000E+00
       460      1  0.0000000E+00  0.0000000E+00  0.0000000E+00  0.0000000E+00  0.0000000E+00  0.0000000E+00
       460      2  0.1113285E-02 -0.2072258E-03  0.0000000E+00  0.0000000E+00 -0.9069190E-02 -0.1954974E-07
       460      3  0.2226777E-02 -0.4384576E-03  0.0000000E+00  0.0000000E+00 -0.3629605E-01 -0.7823193E-07
       460      4  0.5470126E-02 -0.1491111E-02  0.0000000E+00  0.0000000E+00 -0.2276964E+00 -0.4865337E-06

       470      0  0.0000000E+00  0.0000000E+00  0.0000000E+00  0.0000000E+00  0.0000000E+00  0.0000000E+00
       470      1  0.0000000E+00  0.0000000E+00  0.0000000E+00  0.0000000E+00  0.0000000E+00  0.0000000E+00
       470      2 -0.7748543E-03  0.4736796E-03  0.0000000E+00  0.0000000E+00 -0.9225311E-02 -0.1997111E-07
       470      3 -0.1505610E-02  0.9550581E-03  0.0000000E+00  0.0000000E+00 -0.3692424E-01 -0.7990178E-07
       470      4 -0.2921770E-02  0.2474971E-02  0.0000000E+00  0.0000000E+00 -0.2316726E+00 -0.4960803E-06

       480      0  0.0000000E+00  0.0000000E+00  0.0000000E+00  0.0000000E+00  0.0000000E+00  0.0000000E+00
       480      1  0.0000000E+00  0.0000000E+00  0.0000000E+00  0.0000000E+00  0.0000000E+00  0.0000000E+00
       480      2 -0.6612712E-04 -0.4332024E-03  0.0000000E+00  0.0000000E+00 -0.9384644E-02 -0.2032606E-07
       480      3 -0.1931941E-03 -0.8525730E-03  0.0000000E+00  0.0000000E+00 -0.3755453E-01 -0.8132315E-07
       480      4 -0.1535431E-02 -0.1843560E-02  0.0000000E+00  0.0000000E+00 -0.2356286E+00 -0.5049112E-06

       490      0  0.0000000E+00  0.0000000E+00  0.0000000E+00  0.0000000E+00  0.0000000E+00  0.0000000E+00
       490      1  0.0000000E+00  0.0000000E+00  0.0000000E+00  0.0000000E+00  0.0000000E+00  0.0000000E+00
       490      2  0.8646529E-03  0.1117704E-03  0.0000000E+00  0.0000000E+00 -0.9535743E-02 -0.2076492E-07
       490      3  0.1768201E-02  0.1965214E-03  0.0000000E+00  0.0000000E+00 -0.3816627E-01 -0.8309336E-07
       490      4  0.4992815E-02  0.7606506E-05  0.0000000E+00  0.0000000E+00 -0.2395325E+00 -0.5162871E-06

       500      0  0.0000000E+00  0.0000000E+00  0.0000000E+00  0.0000000E+00  0.0000000E+00  0.0000000E+00
       500      1  0.0000000E+00  0.0000000E+00  0.0000000E+00  0.0000000E+00  0.0000000E+00  0.0000000E+00
       500      2 -0.1102862E-02  0.2825060E-03  0.0000000E+00  0.0000000E+00 -0.9690275E-02 -0.2125573E-07
       500      3 -0.2196936E-02  0.5885609E-03  0.0000000E+00  0.0000000E+00 -0.3878328E-01 -0.8505124E-07
       500      4 -0.5195383E-02  0.1841120E-02  0.0000000E+00  0.0000000E+00 -0.2434312E+00 -0.5278548E-06

       510      0  0.0000000E+00  0.0000000E+00  0.0000000E+00  0.0000000E+00  0.0000000E+00  0.0000000E+00
       510      1  0.0000000E+00  0.0000000E+00  0.0000000E+00  0.0000000E+00  0.0000000E+00  0.0000000E+00
       510      2  0.6250260E-03 -0.4935610E-03  0.0000000E+00  0.0000000E+00 -0.9844612E-02 -0.2165371E-07
       510      3  0.1195999E-02 -0.9915116E-03  0.0000000E+00  0.0000000E+00 -0.3939650E-01 -0.8662791E-07
       510      4  0.1979618E-02 -0.2486650E-02  0.0000000E+00  0.0000000E+00 -0.2472946E+00 -0.5368097E-06

       520      0  0.0000000E+00  0.0000000E+00  0.0000000E+00  0.0000000E+00  0.0000000E+00  0.0000000E+00
       520      1  0.0000000E+00  0.0000000E+00  0.0000000E+00  0.0000000E+00  0.0000000E+00  0.0000000E+00
       520      2  0.2583998E-03  0.3842169E-03  0.0000000E+00  0.0000000E+00 -0.9990580E-02 -0.2201583E-07
       520      3  0.5826167E-03  0.7494238E-03  0.0000000E+00  0.0000000E+00 -0.3998860E-01 -0.8808373E-07
       520      4  0.2543494E-02  0.1497047E-02  0.0000000E+00  0.0000000E+00 -0.2510794E+00 -0.5460469E-06

       530      0  0.0000000E+00  0.0000000E+00  0.0000000E+00  0.0000000E+00  0.0000000E+00  0.0000000E+00
       530      1  0.0000000E+00  0.0000000E+00  0.0000000E+00  0.0000000E+00  0.0000000E+00  0.0000000E+00
       530      2 -0.9739191E-03 -0.2555530E-04  0.0000000E+00  0.0000000E+00 -0.1014250E-01 -0.2247711E-07
       530      3 -0.1981723E-02 -0.2007683E-04  0.0000000E+00  0.0000000E+00 -0.4059096E-01 -0.8994266E-07
       530      4 -0.5398324E-02  0.4799564E-03  0.0000000E+00  0.0000000E+00 -0.2548826E+00 -0.5578081E-06

       540      0  0.0000000E+00  0.0000000E+00  0.0000000E+00  0.0000000E+00  0.0000000E+00  0.0000000E+00
       540      1  0.0000000E+00  0.0000000E+00  0.0000000E+00  0.0000000E+00  0.0000000E+00  0.0000000E+00
       540      2  0.1057108E-02 -0.3493518E-03  0.0000000E+00  0.0000000E+00 -0.1029075E-01 -0.2295697E-07
       540      3  0.2091069E-02 -0.7210277E-03  0.0000000E+00  0.0000000E+00 -0.4118481E-01 -0.9185099E-07
       540      4  0.4694811E-02 -0.2136549E-02  0.0000000E+00  0.0000000E+00 -0.2586547E+00 -0.5687657E-06

       550      0  0.0000000E+00  0.0000000E+00  0.0000000E+00  0.0000000E+00  0.0000000E+00  0.0000000E+00
       550      1  0.0000000E+00  0.0000000E+00  0.0000000E+00  0.0000000E+00  0.0000000E+00  0.0000000E+00
       550      2 -0.4552751E-03  0.4975620E-03  0.0000000E+00  0.0000000E+00 -0.1043418E-01 -0.2333434E-07
       550      3 -0.8446598E-03  0.9933459E-03  0.0000000E+00  0.0000000E+00 -0.4176443E-01 -0.9334656E-07
       550      4 -0.9216742E-03  0.2387076E-02  0.0000000E+00  0.0000000E+00 -0.2623513E+00 -0.5773109E-06

       560      0  0.0000000E+00  0.0000000E+00  0.0000000E+00  0.0000000E+00  0.0000000E+00  0.0000000E+00
       560      1  0.0000000E+00  0.0000000E+00  0.0000000E+00  0.0000000E+00  0.0000000E+00  0.0000000E+00
       560      2 -0.4414732E-03 -0.3233070E-03  0.0000000E+00  0.0000000E+00 -0.1058247E-01 -0.2371093E-07
       560      3 -0.9487488E-03 -0.6214803E-03  0.0000000E+00  0.0000000E+00 -0.4235032E-01 -0.9486522E-07
       560      4 -0.3444014E-02 -0.1076211E-02  0.0000000E+00  0.0000000E+00 -0.2660487E+00 -0.5870692E-06

       570      0  0.0000000E+00  0.0000000E+00  0.0000000E+00  0.0000000E+00  0.0000000E+00  0.0000000E+00
       570      1  0.0000000E+00  0.0000000E+00  0.0000000E+00  0.0000000E+00  0.0000000E+00  0.0000000E+00
       570      2  0.1052024E-02 -0.6041747E-04  0.0000000E+00  0.0000000E+00 -0.1072387E-01 -0.2419003E-07
       570      3  0.2126384E-02 -0.1530480E-03  0.0000000E+00  0.0000000E+00 -0.4292162E-01 -0.9679142E-07
       570      4  0.5547532E-02 -0.9321279E-03  0.0000000E+00  0.0000000E+00 -0.2697110E+00 -0.5989576E-06

       580      0  0.0000000E+00  0.0000000E+00  0.0000000E+00  0.0000000E+00  0.0000000E+00  0.0000000E+00
       580      1  0.0000000E+00  0.0000000E+00  0.0000000E+00  0.0000000E+00  0.0000000E+00  0.0000000E+00
       580      2 -0.9810431E-03  0.4052280E-03  0.0000000E+00  0.0000000E+00 -0.1086614E-01 -0.2465209E-07
       580      3 -0.1926294E-02  0.8292083E-03  0.0000000E+00  0.0000000E+00 -0.4349219E-01 -0.9862257E-07
       580      4 -0.4035717E-02  0.2332767E-02  0.0000000E+00  0.0000000E+00 -0.2733412E+00 -0.6091708E-06

       590      0  0.0000000E+00  0.0000000E+00  0.0000000E+00  0.0000000E+00  0.0000000E+00  0.0000000E+00
       590      1  0.0000000E+00  0.0000000E+00  0.0000000E+00  0.0000000E+00  0.0000000E+00  0.0000000E+00
       590      2  0.2733775E-03 -0.4874174E-03  0.0000000E+00  0.0000000E+00 -0.1101018E-01 -0.2501471E-07
       590      3  0.4737747E-03 -0.9677127E-03  0.0000000E+00  0.0000000E+00 -0.4406237E-01 -0.1000633E-06
       590      4 -0.1225980E-03 -0.2211287E-02  0.0000000E+00  0.0000000E+00 -0.2769458E+00 -0.6175236E-06

       600      0  0.0000000E+00  0.0000000E+00  0.0000000E+00  0.0000000E+00  0.0000000E+00  0.0000000E+00
       600      1  0.0000000E+00  0.0000000E+00  0.0000000E+00  0.0000000E+00  0.0000000E+00  0.0000000E+00
       600      2  0.6120563E-03  0.2533063E-03  0.0000000E+00  0.0000000E+00 -0.1114562E-01 -0.2541159E-07
       600      3  0.1288304E-02  0.4771395E-03  0.0000000E+00  0.0000000E+00 -0.4461237E-01 -0.1016676E-06
       600      4  0.4211422E-02  0.6402009E-03  0.0000000E+00  0.0000000E+00 -0.2804900E+00 -0.6278710E-06

       610      0  0.0000000E+00  0.0000000E+00  0.0000000E+00  0.0000000E+00  0.0000000E+00  0.0000000E+00
       610      1  0.0000000E+00  0.0000000E+00  0.0000000E+00  0.0000000E+00  0.0000000E+00  0.0000000E+00
       610      2 -0.1100605E-02  0.1453934E-03  0.0000000E+00  0.0000000E+00 -0.1128626E-01 -0.2590211E-07
       610      3 -0.2214224E-02  0.3245465E-03  0.0000000E+00  0.0000000E+00 -0.4517172E-01 -0.1036342E-06
       610      4 -0.5550792E-02  0.1359174E-02  0.0000000E+00  0.0000000E+00 -0.2840471E+00 -0.6396504E-06

       620      0  0.0000000E+00  0.0000000E+00  0.0000000E+00  0.0000000E+00  0.0000000E+00  0.0000000E+00
       620      1  0.0000000E+00  0.0000000E+00  0.0000000E+00  0.0000000E+00  0.0000000E+00  0.0000000E+00
       620      2  0.8744728E-03 -0.4496092E-03  0.0000000E+00  0.0000000E+00 -0.1142520E-01 -0.2634214E-07
       620      3  0.1698751E-02 -0.9148046E-03  0.0000000E+00  0.0000000E+00 -0.4572559E-01 -0.1053738E-06
       620      4  0.3232984E-02 -0.2467377E-02  0.0000000E+00  0.0000000E+00 -0.2875729E+00 -0.6491192E-06

       630      0  0.0000000E+00  0.0000000E+00  0.0000000E+00  0.0000000E+00  0.0000000E+00  0.0000000E+00
       630      1  0.0000000E+00  0.0000000E+00  0.0000000E+00  0.0000000E+00  0.0000000E+00  0.0000000E+00
       630      2 -0.8134255E-04  0.4619511E-03  0.0000000E+00  0.0000000E+00 -0.1155710E-01 -0.2669724E-07
       630      3 -0.8052519E-04  0.9098581E-03  0.0000000E+00  0.0000000E+00 -0.4626073E-01 -0.1067904E-06
       630      4  0.1208395E-02  0.1951297E-02  0.0000000E+00  0.0000000E+00 -0.2910192E+00 -0.6575623E-06

       640      0  0.0000000E+00  0.0000000E+00  0.0000000E+00  0.0000000E+00  0.0000000E+00  0.0000000E+00
       640      1  0.0000000E+00  0.0000000E+00  0.0000000E+00  0.0000000E+00  0.0000000E+00  0.0000000E+00
       640      2 -0.7640699E-03 -0.1747520E-03  0.0000000E+00  0.0000000E+00 -0.1169494E-01 -0.2711762E-07
       640      3 -0.1588131E-02 -0.3142125E-03  0.0000000E+00  0.0000000E+00 -0.4680556E-01 -0.1084910E-06
       640      4 -0.4849797E-02 -0.1534911E-03  0.0000000E+00  0.0000000E+00 -0.2944839E+00 -0.6684563E-06

       650      0  0.0000000E+00  0.0000000E+00  0.0000000E+00  0.0000000E+00  0.0000000E+00  0.0000000E+00
       650      1  0.0000000E+00  0.0000000E+00  0.0000000E+00  0.0000000E+00  0.0000000E+00  0.0000000E+00
       650      2  0.1113606E-02 -0.2254458E-03  0.0000000E+00  0.0000000E+00 -0.1182764E-01 -0.2761147E-07
       650      3  0.2223942E-02 -0.4841122E-03  0.0000000E+00  0.0000000E+00 -0.4733977E-01 -0.1104635E-06
       650      4  0.5296226E-02 -0.1736832E-02  0.0000000E+00  0.0000000E+00 -0.2979218E+00 -0.6798530E-06

       660      0  0.0000000E+00  0.0000000E+00  0.0000000E+00  0.0000000E+00  0.0000000E+00  0.0000000E+00
       660      1  0.0000000E+00  0.0000000E+00  0.0000000E+00  0.0000000E+00  0.0000000E+00  0.0000000E+00
       660      2 -0.7416965E-03  0.4795018E-03  0.0000000E+00  0.0000000E+00 -0.1195824E-01 -0.2802718E-07
       660      3 -0.1418641E-02  0.9682499E-03  0.0000000E+00  0.0000000E+00 -0.4786614E-01 -0.1121033E-06
       660      4 -0.2285987E-02  0.2486006E-02  0.0000000E+00  0.0000000E+00 -0.3013011E+00 -0.6886434E-06

       670      0  0.0000000E+00  0.0000000E+00  0.0000000E+00  0.0000000E+00  0.0000000E+00  0.0000000E+00
       670      1  0.0000000E+00  0.0000000E+00  0.0000000E+00  0.0000000E+00  0.0000000E+00  0.0000000E+00
       670      2 -0.1112110E-03 -0.4228511E-03  0.0000000E+00  0.0000000E+00 -0.1209248E-01 -0.2838303E-07
       670      3 -0.3075924E-03 -0.8247225E-03  0.0000000E+00  0.0000000E+00 -0.4839608E-01 -0.1135295E-06
       670      4 -0.2213892E-02 -0.1611625E-02  0.0000000E+00  0.0000000E+00 -0.3046726E+00 -0.6973606E-06

       680      0  0.0000000E+00  0.0000000E+00  0.0000000E+00  0.0000000E+00  0.0000000E+00  0.0000000E+00
       680      1  0.0000000E+00  0.0000000E+00  0.0000000E+00  0.0000000E+00  0.0000000E+00  0.0000000E+00
       680      2  0.8924002E-03  0.9198343E-04  0.0000000E+00  0.0000000E+00 -0.1221883E-01 -0.2882733E-07
       680      3  0.1835602E-02  0.1458318E-03  0.0000000E+00  0.0000000E+00 -0.4890889E-01 -0.1153254E-06
       680      4  0.5265693E-02 -0.3137144E-03  0.0000000E+00  0.0000000E+00 -0.3080038E+00 -0.7086450E-06

       690      0  0.0000000E+00  0.0000000E+00  0.0000000E+00  0.0000000E+00  0.0000000E+00  0.0000000E+00
       690      1  0.0000000E+00  0.0000000E+00  0.0000000E+00  0.0000000E+00  0.0000000E+00  0.0000000E+00
       690      2 -0.1095319E-02  0.2988939E-03  0.0000000E+00  0.0000000E+00 -0.1234857E-01 -0.2931623E-07
       690      3 -0.2173762E-02  0.6291550E-03  0.0000000E+00  0.0000000E+00 -0.4942707E-01 -0.1172700E-06
       690      4 -0.4885385E-02  0.2040036E-02  0.0000000E+00  0.0000000E+00 -0.3113268E+00 -0.7194478E-06

       700      0  0.0000000E+00  0.0000000E+00  0.0000000E+00  0.0000000E+00  0.0000000E+00  0.0000000E+00
       700      1  0.0000000E+00  0.0000000E+00  0.0000000E+00  0.0000000E+00  0.0000000E+00  0.0000000E+00
       700      2  0.5871099E-03 -0.4959453E-03  0.0000000E+00  0.0000000E+00 -0.1247856E-01 -0.2970902E-07
       700      3  0.1097425E-02 -0.9957639E-03  0.0000000E+00  0.0000000E+00 -0.4994277E-01 -0.1188195E-06
       700      4  0.1293181E-02 -0.2434116E-02  0.0000000E+00  0.0000000E+00 -0.3146220E+00 -0.7277174E-06

       710      0  0.0000000E+00  0.0000000E+00  0.0000000E+00  0.0000000E+00  0.0000000E+00  0.0000000E+00
       710      1  0.0000000E+00  0.0000000E+00  0.0000000E+00  0.0000000E+00  0.0000000E+00  0.0000000E+00
       710      2  0.3021425E-03  0.3710551E-03  0.0000000E+00  0.0000000E+00 -0.1260031E-01 -0.3007389E-07
       710      3  0.6927958E-03  0.7145945E-03  0.0000000E+00  0.0000000E+00 -0.5043814E-01 -0.1202894E-06
       710      4  0.3157982E-02  0.1228701E-02  0.0000000E+00  0.0000000E+00 -0.3178492E+00 -0.7369162E-06

       720      0  0.0000000E+00  0.0000000E+00  0.0000000E+00  0.0000000E+00  0.0000000E+00  0.0000000E+00
       720      1  0.0000000E+00  0.0000000E+00  0.0000000E+00  0.0000000E+00  0.0000000E+00  0.0000000E+00
       720      2 -0.9951534E-03 -0.5357238E-05  0.0000000E+00  0.0000000E+00 -0.1272818E-01 -0.3053982E-07
       720      3 -0.2032142E-02  0.3135164E-04  0.0000000E+00  0.0000000E+00 -0.5094467E-01 -0.1221691E-06
       720      4 -0.5541846E-02  0.7896509E-03  0.0000000E+00  0.0000000E+00 -0.3211000E+00 -0.7484094E-06

       730      0  0.0000000E+00  0.0000000E+00  0.0000000E+00  0.0000000E+00  0.0000000E+00  0.0000000E+00
       730      1  0.0000000E+00  0.0000000E+00  0.0000000E+00  0.0000000E+00  0.0000000E+00  0.0000000E+00
       730      2  0.1042021E-02 -0.3634966E-03  0.0000000E+00  0.0000000E+00 -0.1285283E-01 -0.3101607E-07
       730      3  0.2048779E-02 -0.7557176E-03  0.0000000E+00  0.0000000E+00 -0.5144397E-01 -0.1240557E-06
       730      4  0.4272114E-02 -0.2286210E-02  0.0000000E+00  0.0000000E+00 -0.3243247E+00 -0.7584790E-06

       740      0  0.0000000E+00  0.0000000E+00  0.0000000E+00  0.0000000E+00  0.0000000E+00  0.0000000E+00
       740      1  0.0000000E+00  0.0000000E+00  0.0000000E+00  0.0000000E+00  0.0000000E+00  0.0000000E+00
       740      2 -0.4136035E-03  0.4964548E-03  0.0000000E+00  0.0000000E+00 -0.1297256E-01 -0.3138936E-07
       740      3 -0.7368511E-03  0.9886419E-03  0.0000000E+00  0.0000000E+00 -0.5192904E-01 -0.1255304E-06
       740      4 -0.2051673E-03  0.2277443E-02  0.0000000E+00  0.0000000E+00 -0.3274757E+00 -0.7664756E-06

       750      0  0.0000000E+00  0.0000000E+00  0.0000000E+00  0.0000000E+00  0.0000000E+00  0.0000000E+00
       750      1  0.0000000E+00  0.0000000E+00  0.0000000E+00  0.0000000E+00  0.0000000E+00  0.0000000E+00
       750      2 -0.4826763E-03 -0.3076488E-03  0.0000000E+00  0.0000000E+00 -0.1309751E-01 -0.3177023E-07
       750      3 -0.1051952E-02 -0.5803353E-03  0.0000000E+00  0.0000000E+00 -0.5242175E-01 -0.1270704E-06
       750      4 -0.3984934E-02 -0.7770170E-03  0.0000000E+00  0.0000000E+00 -0.3306393E+00 -0.7762146E-06

       760      0  0.0000000E+00  0.0000000E+00  0.0000000E+00  0.0000000E+00  0.0000000E+00  0.0000000E+00
       760      1  0.0000000E+00  0.0000000E+00  0.0000000E+00  0.0000000E+00  0.0000000E+00  0.0000000E+00
       760      2  0.1065984E-02 -0.8045236E-04  0.0000000E+00  0.0000000E+00 -0.1321597E-01 -0.3225259E-07
       760      3  0.2157683E-02 -0.2038288E-03  0.0000000E+00  0.0000000E+00 -0.5290128E-01 -0.1290096E-06
       760      4  0.5553766E-02 -0.1224302E-02  0.0000000E+00  0.0000000E+00 -0.3337765E+00 -0.7876288E-06

       770      0  0.0000000E+00  0.0000000E+00  0.0000000E+00  0.0000000E+00  0.0000000E+00  0.0000000E+00
       770      1  0.0000000E+00  0.0000000E+00  0.0000000E+00  0.0000000E+00  0.0000000E+00  0.0000000E+00
       770      2 -0.9587201E-03  0.4166267E-03  0.0000000E+00  0.0000000E+00 -0.1333516E-01 -0.3270975E-07
       770      3 -0.1865395E-02  0.8565424E-03  0.0000000E+00  0.0000000E+00 -0.5337985E-01 -0.1308128E-06
       770      4 -0.3501562E-02  0.2424276E-02  0.0000000E+00  0.0000000E+00 -0.3368770E+00 -0.7969064E-06

       780      0  0.0000000E+00  0.0000000E+00  0.0000000E+00  0.0000000E+00  0.0000000E+00  0.0000000E+00
       780      1  0.0000000E+00  0.0000000E+00  0.0000000E+00  0.0000000E+00  0.0000000E+00  0.0000000E+00
       780      2  0.2292961E-03 -0.4828020E-03  0.0000000E+00  0.0000000E+00 -0.1345655E-01 -0.3306986E-07
       780      3  0.3604570E-03 -0.9539095E-03  0.0000000E+00  0.0000000E+00 -0.5385937E-01 -0.1322409E-06
       780      4 -0.8434696E-03 -0.2042092E-02  0.0000000E+00  0.0000000E+00 -0.3399618E+00 -0.8048374E-06

       790      0  0.0000000E+00  0.0000000E+00  0.0000000E+00  0.0000000E+00  0.0000000E+00  0.0000000E+00
       790      1  0.0000000E+00  0.0000000E+00  0.0000000E+00  0.0000000E+00  0.0000000E+00  0.0000000E+00
       790      2  0.6493176E-03  0.2356887E-03  0.0000000E+00  0.0000000E+00 -0.1356956E-01 -0.3347201E-07
       790      3  0.1380488E-02  0.4312561E-03  0.0000000E+00  0.0000000E+00 -0.5431982E-01 -0.1338708E-06
       790      4  0.4644656E-02  0.3229964E-03  0.0000000E+00  0.0000000E+00 -0.3429980E+00 -0.8151126E-06

       800      0  0.0000000E+00  0.0000000E+00  0.0000000E+00  0.0000000E+00  0.0000000E+00  0.0000000E+00
       800      1  0.0000000E+00  0.0000000E+00  0.0000000E+00  0.0000000E+00  0.0000000E+00  0.0000000E+00
       800      2 -0.1106929E-02  0.1646016E-03  0.0000000E+00  0.0000000E+00 -0.1368782E-01 -0.3396403E-07
       800      3 -0.2225651E-02  0.3727810E-03  0.0000000E+00  0.0000000E+00 -0.5479000E-01 -0.1358408E-06
       800      4 -0.5415521E-02  0.1616319E-02  0.0000000E+00  0.0000000E+00 -0.3460462E+00 -0.8262128E-06

       810      0  0.0000000E+00  0.0000000E+00  0.0000000E+00  0.0000000E+00  0.0000000E+00  0.0000000E+00
       810      1  0.0000000E+00  0.0000000E+00  0.0000000E+00  0.0000000E+00  0.0000000E+00  0.0000000E+00
       810      2  0.8457507E-03 -0.4579725E-03  0.0000000E+00  0.0000000E+00 -0.1380479E-01 -0.3439846E-07
       810      3  0.1621966E-02 -0.9341797E-03  0.0000000E+00  0.0000000E+00 -0.5525589E-01 -0.1375495E-06
       810      4  0.2619717E-02 -0.2497717E-02  0.0000000E+00  0.0000000E+00 -0.3490681E+00 -0.8347461E-06

       820      0  0.0000000E+00  0.0000000E+00  0.0000000E+00  0.0000000E+00  0.0000000E+00  0.0000000E+00
       820      1  0.0000000E+00  0.0000000E+00  0.0000000E+00  0.0000000E+00  0.0000000E+00  0.0000000E+00
       820      2 -0.3614427E-04  0.4540330E-03  0.0000000E+00  0.0000000E+00 -0.1391473E-01 -0.3475296E-07
       820      3  0.3491148E-04  0.8877328E-03  0.0000000E+00  0.0000000E+00 -0.5570337E-01 -0.1389634E-06
       820      4  0.1901122E-02  0.1735264E-02  0.0000000E+00  0.0000000E+00 -0.3520176E+00 -0.8429028E-06

       830      0  0.0000000E+00  0.0000000E+00  0.0000000E+00  0.0000000E+00  0.0000000E+00  0.0000000E+00
       830      1  0.0000000E+00  0.0000000E+00  0.0000000E+00  0.0000000E+00  0.0000000E+00  0.0000000E+00
       830      2 -0.7964377E-03 -0.1556606E-03  0.0000000E+00  0.0000000E+00 -0.1403086E-01 -0.3517898E-07
       830      3 -0.1667312E-02 -0.2648055E-03  0.0000000E+00  0.0000000E+00 -0.5616166E-01 -0.1406906E-06
       830      4 -0.5170779E-02  0.1694108E-03  0.0000000E+00  0.0000000E+00 -0.3549935E+00 -0.8536184E-06

       840      0  0.0000000E+00  0.0000000E+00  0.0000000E+00  0.0000000E+00  0.0000000E+00  0.0000000E+00
       840      1  0.0000000E+00  0.0000000E+00  0.0000000E+00  0.0000000E+00  0.0000000E+00  0.0000000E+00
       840      2  0.1112093E-02 -0.2433240E-03  0.0000000E+00  0.0000000E+00 -0.1414226E-01 -0.3567238E-07
       840      3  0.2215147E-02 -0.5287052E-03  0.0000000E+00  0.0000000E+00 -0.5661060E-01 -0.1426563E-06
       840      4  0.5031932E-02 -0.1955868E-02  0.0000000E+00  0.0000000E+00 -0.3579478E+00 -0.8641530E-06

       850      0  0.0000000E+00  0.0000000E+00  0.0000000E+00  0.0000000E+00  0.0000000E+00  0.0000000E+00
       850      1  0.0000000E+00  0.0000000E+00  0.0000000E+00  0.0000000E+00  0.0000000E+00  0.0000000E+00
       850      2 -0.7072607E-03  0.4845438E-03  0.0000000E+00  0.0000000E+00 -0.1425140E-01 -0.3608247E-07
       850      3 -0.1327420E-02  0.9789228E-03  0.0000000E+00  0.0000000E+00 -0.5705141E-01 -0.1442658E-06
       850      4 -0.1605515E-02  0.2455671E-02  0.0000000E+00  0.0000000E+00 -0.3608412E+00 -0.8720946E-06

       860      0  0.0000000E+00  0.0000000E+00  0.0000000E+00  0.0000000E+00  0.0000000E+00  0.0000000E+00
       860      1  0.0000000E+00  0.0000000E+00  0.0000000E+00  0.0000000E+00  0.0000000E+00  0.0000000E+00
       860      2 -0.1561898E-03 -0.4117847E-03  0.0000000E+00  0.0000000E+00 -0.1436457E-01 -0.3643966E-07
       860      3 -0.4217841E-03 -0.7945131E-03  0.0000000E+00  0.0000000E+00 -0.5749714E-01 -0.1456992E-06
       860      4 -0.2862799E-02 -0.1350262E-02  0.0000000E+00  0.0000000E+00 -0.3637382E+00 -0.8806174E-06

       870      0  0.0000000E+00  0.0000000E+00  0.0000000E+00  0.0000000E+00  0.0000000E+00  0.0000000E+00
       870      1  0.0000000E+00  0.0000000E+00  0.0000000E+00  0.0000000E+00  0.0000000E+00  0.0000000E+00
       870      2  0.9187229E-03  0.7200968E-04  0.0000000E+00  0.0000000E+00 -0.1447016E-01 -0.3688928E-07
       870      3  0.1898442E-02  0.9447222E-04  0.0000000E+00  0.0000000E+00 -0.5792700E-01 -0.1475190E-06
       870      4  0.5453426E-02 -0.6334928E-03  0.0000000E+00  0.0000000E+00 -0.3666049E+00 -0.8915556E-06

       880      0  0.0000000E+00  0.0000000E+00  0.0000000E+00  0.0000000E+00  0.0000000E+00  0.0000000E+00
       880      1  0.0000000E+00  0.0000000E+00  0.0000000E+00  0.0000000E+00  0.0000000E+00  0.0000000E+00
       880      2 -0.1085953E-02  0.3148168E-03  0.0000000E+00  0.0000000E+00 -0.1457905E-01 -0.3737580E-07
       880      3 -0.2144609E-02  0.6682798E-03  0.0000000E+00  0.0000000E+00 -0.5836214E-01 -0.1494470E-06
       880      4 -0.4489373E-02  0.2206968E-02  0.0000000E+00  0.0000000E+00 -0.3694582E+00 -0.9013652E-06

       890      0  0.0000000E+00  0.0000000E+00  0.0000000E+00  0.0000000E+00  0.0000000E+00  0.0000000E+00
       890      1  0.0000000E+00  0.0000000E+00  0.0000000E+00  0.0000000E+00  0.0000000E+00  0.0000000E+00
       890      2  0.5481565E-03 -0.4975136E-03  0.0000000E+00  0.0000000E+00 -0.1468859E-01 -0.3776360E-07
       890      3  0.9953513E-03 -0.9973544E-03  0.0000000E+00  0.0000000E+00 -0.5879597E-01 -0.1509699E-06
       890      4  0.5766350E-03 -0.2339692E-02  0.0000000E+00  0.0000000E+00 -0.3722911E+00 -0.9088901E-06

       900      0  0.0000000E+00  0.0000000E+00  0.0000000E+00  0.0000000E+00  0.0000000E+00  0.0000000E+00
       900      1  0.0000000E+00  0.0000000E+00  0.0000000E+00  0.0000000E+00  0.0000000E+00  0.0000000E+00
       900      2  0.3454609E-03  0.3572569E-03  0.0000000E+00  0.0000000E+00 -0.1479000E-01 -0.3813161E-07
       900      3  0.8017035E-03  0.6776484E-03  0.0000000E+00  0.0000000E+00 -0.5921020E-01 -0.1524558E-06
       900      4  0.3725741E-02  0.9363327E-03  0.0000000E+00  0.0000000E+00 -0.3750663E+00 -0.9179343E-06

       910      0  0.0000000E+00  0.0000000E+00  0.0000000E+00  0.0000000E+00  0.0000000E+00  0.0000000E+00
       910      1  0.0000000E+00  0.0000000E+00  0.0000000E+00  0.0000000E+00  0.0000000E+00  0.0000000E+00
       910      2 -0.1014779E-02  0.1488424E-04  0.0000000E+00  0.0000000E+00 -0.1489767E-01 -0.3860190E-07
       910      3 -0.2077356E-02  0.8297308E-04  0.0000000E+00  0.0000000E+00 -0.5963625E-01 -0.1543537E-06
       910      4 -0.5592432E-02  0.1089259E-02  0.0000000E+00  0.0000000E+00 -0.3778671E+00 -0.9288876E-06

       920      0  0.0000000E+00  0.0000000E+00  0.0000000E+00  0.0000000E+00  0.0000000E+00  0.0000000E+00
       920      1  0.0000000E+00  0.0000000E+00  0.0000000E+00  0.0000000E+00  0.0000000E+00  0.0000000E+00
       920      2  0.1025187E-02 -0.3770655E-03  0.0000000E+00  0.0000000E+00 -0.1500251E-01 -0.3907418E-07
       920      3  0.2000743E-02 -0.7885610E-03  0.0000000E+00  0.0000000E+00 -0.6005623E-01 -0.1562157E-06
       920      4  0.3772202E-02 -0.2398459E-02  0.0000000E+00  0.0000000E+00 -0.3806455E+00 -0.9378835E-06

       930      0  0.0000000E+00  0.0000000E+00  0.0000000E+00  0.0000000E+00  0.0000000E+00  0.0000000E+00
       930      1  0.0000000E+00  0.0000000E+00  0.0000000E+00  0.0000000E+00  0.0000000E+00  0.0000000E+00
       930      2 -0.3711756E-03  0.4945263E-03  0.0000000E+00  0.0000000E+00 -0.1510232E-01 -0.3944372E-07
       930      3 -0.6264654E-03  0.9812541E-03  0.0000000E+00  0.0000000E+00 -0.6046186E-01 -0.1576711E-06
       930      4  0.5221021E-03  0.2128040E-02  0.0000000E+00  0.0000000E+00 -0.3833529E+00 -0.9452903E-06

       940      0  0.0000000E+00  0.0000000E+00  0.0000000E+00  0.0000000E+00  0.0000000E+00  0.0000000E+00
       940      1  0.0000000E+00  0.0000000E+00  0.0000000E+00  0.0000000E+00  0.0000000E+00  0.0000000E+00
       940      2 -0.5231580E-03 -0.2914545E-03  0.0000000E+00  0.0000000E+00 -0.1520767E-01 -0.3982914E-07
       940      3 -0.1152913E-02 -0.5373977E-03  0.0000000E+00  0.0000000E+00 -0.6087638E-01 -0.1592335E-06
       940      4 -0.4464032E-02 -0.4616143E-03  0.0000000E+00  0.0000000E+00 -0.3860827E+00 -0.9548578E-06

       950      0  0.0000000E+00  0.0000000E+00  0.0000000E+00  0.0000000E+00  0.0000000E+00  0.0000000E+00
       950      1  0.0000000E+00  0.0000000E+00  0.0000000E+00  0.0000000E+00  0.0000000E+00  0.0000000E+00
       950      2  0.1078210E-02 -0.1003920E-03  0.0000000E+00  0.0000000E+00 -0.1530689E-01 -0.4031439E-07
       950      3  0.2183355E-02 -0.2543568E-03  0.0000000E+00  0.0000000E+00 -0.6127896E-01 -0.1611825E-06
       950      4  0.5466229E-02 -0.1498947E-02  0.0000000E+00  0.0000000E+00 -0.3887926E+00 -0.9655251E-06

       960      0  0.0000000E+00  0.0000000E+00  0.0000000E+00  0.0000000E+00  0.0000000E+00  0.0000000E+00
       960      1  0.0000000E+00  0.0000000E+00  0.0000000E+00  0.0000000E+00  0.0000000E+00  0.0000000E+00
       960      2 -0.9347698E-03  0.4273588E-03  0.0000000E+00  0.0000000E+00 -0.1540667E-01 -0.4076640E-07
       960      3 -0.1799104E-02  0.8817298E-03  0.0000000E+00  0.0000000E+00 -0.6168021E-01 -0.1629557E-06
       960      4 -0.2902093E-02  0.2475883E-02  0.0000000E+00  0.0000000E+00 -0.3914605E+00 -0.9737354E-06

       970      0  0.0000000E+00  0.0000000E+00  0.0000000E+00  0.0000000E+00  0.0000000E+00  0.0000000E+00
       970      1  0.0000000E+00  0.0000000E+00  0.0000000E+00  0.0000000E+00  0.0000000E+00  0.0000000E+00
       970      2  0.1847501E-03 -0.4773787E-03  0.0000000E+00  0.0000000E+00 -0.1550903E-01 -0.4112442E-07
       970      3  0.2454843E-03 -0.9374444E-03  0.0000000E+00  0.0000000E+00 -0.6208361E-01 -0.1643733E-06
       970      4 -0.1558725E-02 -0.1836221E-02  0.0000000E+00  0.0000000E+00 -0.3941224E+00 -0.9812093E-06

       980      0  0.0000000E+00  0.0000000E+00  0.0000000E+00  0.0000000E+00  0.0000000E+00  0.0000000E+00
       980      1  0.0000000E+00  0.0000000E+00  0.0000000E+00  0.0000000E+00  0.0000000E+00  0.0000000E+00
       980      2  0.6855749E-03  0.2176468E-03  0.0000000E+00  0.0000000E+00 -0.1560323E-01 -0.4153197E-07
       980      3  0.1469483E-02  0.3839286E-03  0.0000000E+00  0.0000000E+00 -0.6246898E-01 -0.1660290E-06
       980      4  0.5003907E-02 -0.3639233E-05  0.0000000E+00  0.0000000E+00 -0.3967464E+00 -0.9912197E-06

       990      0  0.0000000E+00  0.0000000E+00  0.0000000E+00  0.0000000E+00  0.0000000E+00  0.0000000E+00
       990      1  0.0000000E+00  0.0000000E+00  0.0000000E+00  0.0000000E+00  0.0000000E+00  0.0000000E+00
       990      2 -0.1111431E-02  0.1835736E-03  0.0000000E+00  0.0000000E+00 -0.1570266E-01 -0.4202503E-07
       990      3 -0.2231106E-02  0.4202910E-03  0.0000000E+00  0.0000000E+00 -0.6286423E-01 -0.1679988E-06
       990      4 -0.5185643E-02  0.1848864E-02  0.0000000E+00  0.0000000E+00 -0.3993786E+00 -0.1001386E-05

      1000      0  0.0000000E+00  0.0000000E+00  0.0000000E+00  0.0000000E+00  0.0000000E+00  0.0000000E+00
      1000      1  0.0000000E+00  0.0000000E+00  0.0000000E+00  0.0000000E+00  0.0000000E+00  0.0000000E+00
      1000      2  0.8155734E-03 -0.4655926E-03  0.0000000E+00  0.0000000E+00 -0.1580120E-01 -0.4245377E-07
      1000      3  0.1540325E-02 -0.9511337E-03  0.0000000E+00  0.0000000E+00 -0.6325626E-01 -0.1696755E-06
      1000      4  0.1954078E-02 -0.2485342E-02  0.0000000E+00  0.0000000E+00 -0.4019893E+00 -0.1008899E-05
