# number of rays:       5
# iteration   ray    X              A              Y              B              T              D
         0      0  0.0000000E+00  0.0000000E+00  0.0000000E+00  0.0000000E+00  0.0000000E+00  0.0000000E+00
         0      1  0.0000000E+00  0.0000000E+00  0.0000000E+00  0.0000000E+00  0.0000000E+00  0.0000000E+00
         0      2  0.1000000E-02  0.0000000E+00  0.0000000E+00  0.0000000E+00  0.0000000E+00  0.0000000E+00
         0      3  0.2000000E-02  0.0000000E+00  0.0000000E+00  0.0000000E+00  0.0000000E+00  0.0000000E+00
         0      4  0.5000000E-02  0.0000000E+00  0.0000000E+00  0.0000000E+00  0.0000000E+00  0.0000000E+00

         1      0  0.0000000E+00  0.0000000E+00  0.0000000E+00  0.0000000E+00  0.0000000E+00  0.0000000E+00
         1      1  0.0000000E+00  0.0000000E+00  0.0000000E+00  0.0000000E+00  0.0000000E+00  0.0000000E+00
         1      2 -0.2836736E-03 -0.3767576E-03  0.0000000E+00  0.0000000E+00 -0.3270056E-04  0.1761461E-12
         1      3 -0.5731627E-03 -0.7525034E-03  0.0000000E+00  0.0000000E+00 -0.1253275E-03  0.1416304E-11
         1      4 -0.1477283E-02 -0.1873385E-02  0.0000000E+00  0.0000000E+00 -0.7642636E-03  0.2246310E-10

         2      0  0.0000000E+00  0.0000000E+00  0.0000000E+00  0.0000000E+00  0.0000000E+00  0.0000000E+00
         2      1  0.0000000E+00  0.0000000E+00  0.0000000E+00  0.0000000E+00  0.0000000E+00  0.0000000E+00
         2      2 -0.6349098E-03  0.4928746E-03  0.0000000E+00  0.0000000E+00 -0.5949712E-04 -0.1308025E-09
         2      3 -0.1272731E-02  0.9865201E-03  0.0000000E+00  0.0000000E+00 -0.2403967E-03 -0.5229400E-09
         2      4 -0.3203128E-02  0.2472167E-02  0.0000000E+00  0.0000000E+00 -0.1515517E-02 -0.3262698E-08

         3      0  0.0000000E+00  0.0000000E+00  0.0000000E+00  0.0000000E+00  0.0000000E+00  0.0000000E+00
         3      1  0.0000000E+00  0.0000000E+00  0.0000000E+00  0.0000000E+00  0.0000000E+00  0.0000000E+00
         3      2  0.1107583E-02 -0.2660977E-03  0.0000000E+00  0.0000000E+00 -0.9135200E-04 -0.2124968E-09
         3      3  0.2214869E-02 -0.5330744E-03  0.0000000E+00  0.0000000E+00 -0.3634344E-03 -0.8500765E-09
         3      4  0.5534667E-02 -0.1339871E-02  0.0000000E+00  0.0000000E+00 -0.2269737E-02 -0.5314919E-08

         4      0  0.0000000E+00  0.0000000E+00  0.0000000E+00  0.0000000E+00  0.0000000E+00  0.0000000E+00
         4      1  0.0000000E+00  0.0000000E+00  0.0000000E+00  0.0000000E+00  0.0000000E+00  0.0000000E+00
         4      2 -0.8149150E-03 -0.1449513E-03  0.0000000E+00  0.0000000E+00 -0.1213968E-03 -0.1777972E-09
         4      3 -0.1634442E-02 -0.2884332E-03  0.0000000E+00  0.0000000E+00 -0.4818844E-03 -0.7112401E-09
         4      4 -0.4122084E-02 -0.7092508E-03  0.0000000E+00  0.0000000E+00 -0.3005337E-02 -0.4446853E-08

         5      0  0.0000000E+00  0.0000000E+00  0.0000000E+00  0.0000000E+00  0.0000000E+00  0.0000000E+00
         5      1  0.0000000E+00  0.0000000E+00  0.0000000E+00  0.0000000E+00  0.0000000E+00  0.0000000E+00
         5      2 -0.4822875E-04  0.4563220E-03  0.0000000E+00  0.0000000E+00 -0.1481949E-03 -0.2267618E-09
         5      3 -0.9910997E-04  0.9135954E-03  0.0000000E+00  0.0000000E+00 -0.5961478E-03 -0.9070555E-09
         5      4 -0.2653933E-03  0.2290649E-02  0.0000000E+00  0.0000000E+00 -0.3748438E-02 -0.5668199E-08

         6      0  0.0000000E+00  0.0000000E+00  0.0000000E+00  0.0000000E+00  0.0000000E+00  0.0000000E+00
         6      1  0.0000000E+00  0.0000000E+00  0.0000000E+00  0.0000000E+00  0.0000000E+00  0.0000000E+00
         6      2  0.8725115E-03 -0.4498681E-03  0.0000000E+00  0.0000000E+00 -0.1821101E-03 -0.3674163E-09
         6      3  0.1742352E-02 -0.9006865E-03  0.0000000E+00  0.0000000E+00 -0.7247528E-03 -0.1470211E-08
         6      4  0.4334001E-02 -0.2259414E-02  0.0000000E+00  0.0000000E+00 -0.4527418E-02 -0.9198136E-08

         7      0  0.0000000E+00  0.0000000E+00  0.0000000E+00  0.0000000E+00  0.0000000E+00  0.0000000E+00
         7      1  0.0000000E+00  0.0000000E+00  0.0000000E+00  0.0000000E+00  0.0000000E+00  0.0000000E+00
         7      2 -0.1095320E-02  0.1314402E-03  0.0000000E+00  0.0000000E+00 -0.2100135E-03 -0.3974819E-09
         7      3 -0.2193576E-02  0.2641286E-03  0.0000000E+00  0.0000000E+00 -0.8389723E-03 -0.1591638E-08
         7      4 -0.5506499E-02  0.6710502E-03  0.0000000E+00  0.0000000E+00 -0.5253390E-02 -0.9981397E-08

         8      0  0.0000000E+00  0.0000000E+00  0.0000000E+00  0.0000000E+00  0.0000000E+00  0.0000000E+00
         8      1  0.0000000E+00  0.0000000E+00  0.0000000E+00  0.0000000E+00  0.0000000E+00  0.0000000E+00
         8      2  0.5535153E-03  0.2789689E-03  0.0000000E+00  0.0000000E+00 -0.2373680E-03 -0.3684419E-09
         8      3  0.1105832E-02  0.5586303E-03  0.0000000E+00  0.0000000E+00 -0.9525146E-03 -0.1475357E-08
         8      4  0.2758952E-02  0.1400370E-02  0.0000000E+00  0.0000000E+00 -0.5980813E-02 -0.9251278E-08

         9      0  0.0000000E+00  0.0000000E+00  0.0000000E+00  0.0000000E+00  0.0000000E+00  0.0000000E+00
         9      1  0.0000000E+00  0.0000000E+00  0.0000000E+00  0.0000000E+00  0.0000000E+00  0.0000000E+00
         9      2  0.3677931E-03 -0.4945704E-03  0.0000000E+00  0.0000000E+00 -0.2715936E-03 -0.4675201E-09
         9      3  0.7302029E-03 -0.9891918E-03  0.0000000E+00  0.0000000E+00 -0.1081895E-02 -0.1871483E-08
         9      4  0.1781026E-02 -0.2473009E-02  0.0000000E+00  0.0000000E+00 -0.6762808E-02 -0.1172070E-07

        10      0  0.0000000E+00  0.0000000E+00  0.0000000E+00  0.0000000E+00  0.0000000E+00  0.0000000E+00
        10      1  0.0000000E+00  0.0000000E+00  0.0000000E+00  0.0000000E+00  0.0000000E+00  0.0000000E+00
        10      2 -0.1038899E-02  0.3674108E-03  0.0000000E+00  0.0000000E+00 -0.2984302E-03 -0.5878446E-09
        10      3 -0.2080082E-02  0.7356976E-03  0.0000000E+00  0.0000000E+00 -0.1195407E-02 -0.2354055E-08
        10      4 -0.5215777E-02  0.1847248E-02  0.0000000E+00  0.0000000E+00 -0.7497976E-02 -0.1476287E-07

        11      0  0.0000000E+00  0.0000000E+00  0.0000000E+00  0.0000000E+00  0.0000000E+00  0.0000000E+00
        11      1  0.0000000E+00  0.0000000E+00  0.0000000E+00  0.0000000E+00  0.0000000E+00  0.0000000E+00
        11      2  0.9843529E-03  0.1539032E-04  0.0000000E+00  0.0000000E+00 -0.3273848E-03 -0.5735523E-09
        11      3  0.1968894E-02  0.3060997E-04  0.0000000E+00  0.0000000E+00 -0.1311164E-02 -0.2296938E-08
        11      4  0.4926029E-02  0.7297897E-04  0.0000000E+00  0.0000000E+00 -0.8223225E-02 -0.1440940E-07

        12      0  0.0000000E+00  0.0000000E+00  0.0000000E+00  0.0000000E+00  0.0000000E+00  0.0000000E+00
        12      1  0.0000000E+00  0.0000000E+00  0.0000000E+00  0.0000000E+00  0.0000000E+00  0.0000000E+00
        12      2 -0.2502892E-03 -0.3866289E-03  0.0000000E+00  0.0000000E+00 -0.3599137E-03 -0.5778864E-09
        12      3 -0.5069017E-03 -0.7721500E-03  0.0000000E+00  0.0000000E+00 -0.1435638E-02 -0.2313433E-08
        12      4 -0.1320315E-02 -0.1920342E-02  0.0000000E+00  0.0000000E+00 -0.8981434E-02 -0.1449307E-07

        13      0  0.0000000E+00  0.0000000E+00  0.0000000E+00  0.0000000E+00  0.0000000E+00  0.0000000E+00
        13      1  0.0000000E+00  0.0000000E+00  0.0000000E+00  0.0000000E+00  0.0000000E+00  0.0000000E+00
        13      2 -0.6628701E-03  0.4903622E-03  0.0000000E+00  0.0000000E+00 -0.3864125E-03 -0.7112700E-09
        13      3 -0.1328227E-02  0.9815244E-03  0.0000000E+00  0.0000000E+00 -0.1549489E-02 -0.2847382E-08
        13      4 -0.3334685E-02  0.2460312E-02  0.0000000E+00  0.0000000E+00 -0.9724971E-02 -0.1783602E-07

        14      0  0.0000000E+00  0.0000000E+00  0.0000000E+00  0.0000000E+00  0.0000000E+00  0.0000000E+00
        14      1  0.0000000E+00  0.0000000E+00  0.0000000E+00  0.0000000E+00  0.0000000E+00  0.0000000E+00
        14      2  0.1110742E-02 -0.2529610E-03  0.0000000E+00  0.0000000E+00 -0.4178229E-03 -0.7877403E-09
        14      3  0.2221227E-02 -0.5069626E-03  0.0000000E+00  0.0000000E+00 -0.1670948E-02 -0.3153751E-08
        14      4  0.5550470E-02 -0.1277753E-02  0.0000000E+00  0.0000000E+00 -0.1047012E-01 -0.1976472E-07

        15      0  0.0000000E+00  0.0000000E+00  0.0000000E+00  0.0000000E+00  0.0000000E+00  0.0000000E+00
        15      1  0.0000000E+00  0.0000000E+00  0.0000000E+00  0.0000000E+00  0.0000000E+00  0.0000000E+00
        15      2 -0.7910669E-03 -0.1595749E-03  0.0000000E+00  0.0000000E+00 -0.4477051E-03 -0.7521724E-09
        15      3 -0.1587198E-02 -0.3174712E-03  0.0000000E+00  0.0000000E+00 -0.1788511E-02 -0.3011395E-08
        15      4 -0.4010891E-02 -0.7781560E-03  0.0000000E+00  0.0000000E+00 -0.1119920E-01 -0.1887432E-07

        16      0  0.0000000E+00  0.0000000E+00  0.0000000E+00  0.0000000E+00  0.0000000E+00  0.0000000E+00
        16      1  0.0000000E+00  0.0000000E+00  0.0000000E+00  0.0000000E+00  0.0000000E+00  0.0000000E+00
        16      2 -0.8256779E-04  0.4622870E-03  0.0000000E+00  0.0000000E+00 -0.4741887E-03 -0.8066097E-09
        16      3 -0.1673324E-03  0.9254377E-03  0.0000000E+00  0.0000000E+00 -0.1901620E-02 -0.3228955E-08
        16      4 -0.4275307E-03  0.2318785E-02  0.0000000E+00  0.0000000E+00 -0.1193542E-01 -0.2022480E-07

        17      0  0.0000000E+00  0.0000000E+00  0.0000000E+00  0.0000000E+00  0.0000000E+00  0.0000000E+00
        17      1  0.0000000E+00  0.0000000E+00  0.0000000E+00  0.0000000E+00  0.0000000E+00  0.0000000E+00
        17      2  0.8934926E-03 -0.4430483E-03  0.0000000E+00  0.0000000E+00 -0.5077225E-03 -0.9465012E-09
        17      3  0.1784172E-02 -0.8871740E-03  0.0000000E+00  0.0000000E+00 -0.2028794E-02 -0.3789098E-08
        17      4  0.4434468E-02 -0.2227631E-02  0.0000000E+00  0.0000000E+00 -0.1270583E-01 -0.2373742E-07

        18      0  0.0000000E+00  0.0000000E+00  0.0000000E+00  0.0000000E+00  0.0000000E+00  0.0000000E+00
        18      1  0.0000000E+00  0.0000000E+00  0.0000000E+00  0.0000000E+00  0.0000000E+00  0.0000000E+00
        18      2 -0.1088326E-02  0.1165661E-03  0.0000000E+00  0.0000000E+00 -0.5354113E-03 -0.9713123E-09
        18      3 -0.2179771E-02  0.2346214E-03  0.0000000E+00  0.0000000E+00 -0.2141923E-02 -0.3889613E-08
        18      4 -0.5474503E-02  0.6012587E-03  0.0000000E+00  0.0000000E+00 -0.1342409E-01 -0.2439579E-07

        19      0  0.0000000E+00  0.0000000E+00  0.0000000E+00  0.0000000E+00  0.0000000E+00  0.0000000E+00
        19      1  0.0000000E+00  0.0000000E+00  0.0000000E+00  0.0000000E+00  0.0000000E+00  0.0000000E+00
        19      2  0.5233890E-03  0.2915851E-03  0.0000000E+00  0.0000000E+00 -0.5624073E-03 -0.9445889E-09
        19      3  0.1045931E-02  0.5837108E-03  0.0000000E+00  0.0000000E+00 -0.2254234E-02 -0.3782524E-08
        19      4  0.2616360E-02  0.1460121E-02  0.0000000E+00  0.0000000E+00 -0.1414454E-01 -0.2371979E-07

        20      0  0.0000000E+00  0.0000000E+00  0.0000000E+00  0.0000000E+00  0.0000000E+00  0.0000000E+00
        20      1  0.0000000E+00  0.0000000E+00  0.0000000E+00  0.0000000E+00  0.0000000E+00  0.0000000E+00
        20      2  0.4000870E-03 -0.4961661E-03  0.0000000E+00  0.0000000E+00 -0.5963684E-03 -0.1048238E-08
        20      3  0.7944353E-03 -0.9924275E-03  0.0000000E+00  0.0000000E+00 -0.2382517E-02 -0.4196854E-08
        20      4  0.1934251E-02 -0.2481255E-02  0.0000000E+00  0.0000000E+00 -0.1491950E-01 -0.2629828E-07

        21      0  0.0000000E+00  0.0000000E+00  0.0000000E+00  0.0000000E+00  0.0000000E+00  0.0000000E+00
        21      1  0.0000000E+00  0.0000000E+00  0.0000000E+00  0.0000000E+00  0.0000000E+00  0.0000000E+00
        21      2 -0.1050904E-02  0.3568591E-03  0.0000000E+00  0.0000000E+00 -0.6229358E-03 -0.1164904E-08
        21      3 -0.2103928E-02  0.7147659E-03  0.0000000E+00  0.0000000E+00 -0.2494797E-02 -0.4664936E-08
        21      4 -0.5272580E-02  0.1797795E-02  0.0000000E+00  0.0000000E+00 -0.1564640E-01 -0.2925540E-07

        22      0  0.0000000E+00  0.0000000E+00  0.0000000E+00  0.0000000E+00  0.0000000E+00  0.0000000E+00
        22      1  0.0000000E+00  0.0000000E+00  0.0000000E+00  0.0000000E+00  0.0000000E+00  0.0000000E+00
        22      2  0.9677659E-03  0.3076586E-04  0.0000000E+00  0.0000000E+00 -0.6514707E-03 -0.1147135E-08
        22      3  0.1935930E-02  0.6119068E-04  0.0000000E+00  0.0000000E+00 -0.2609116E-02 -0.4593989E-08
        22      4  0.4847838E-02  0.1458924E-03  0.0000000E+00  0.0000000E+00 -0.1636358E-01 -0.2881928E-07

        23      0  0.0000000E+00  0.0000000E+00  0.0000000E+00  0.0000000E+00  0.0000000E+00  0.0000000E+00
        23      1  0.0000000E+00  0.0000000E+00  0.0000000E+00  0.0000000E+00  0.0000000E+00  0.0000000E+00
        23      2 -0.2166660E-03 -0.3961326E-03  0.0000000E+00  0.0000000E+00 -0.6838279E-03 -0.1156163E-08
        23      3 -0.4401631E-03 -0.7910739E-03  0.0000000E+00  0.0000000E+00 -0.2732741E-02 -0.4629123E-08
        23      4 -0.1162220E-02 -0.1965689E-02  0.0000000E+00  0.0000000E+00 -0.1711580E-01 -0.2901326E-07

        24      0  0.0000000E+00  0.0000000E+00  0.0000000E+00  0.0000000E+00  0.0000000E+00  0.0000000E+00
        24      1  0.0000000E+00  0.0000000E+00  0.0000000E+00  0.0000000E+00  0.0000000E+00  0.0000000E+00
        24      2 -0.6901997E-03  0.4873837E-03  0.0000000E+00  0.0000000E+00 -0.7100327E-03 -0.1291643E-08
        24      3 -0.1382479E-02  0.9756106E-03  0.0000000E+00  0.0000000E+00 -0.2845383E-02 -0.5171454E-08
        24      4 -0.3463434E-02  0.2446396E-02  0.0000000E+00  0.0000000E+00 -0.1785165E-01 -0.3240720E-07

        25      0  0.0000000E+00  0.0000000E+00  0.0000000E+00  0.0000000E+00  0.0000000E+00  0.0000000E+00
        25      1  0.0000000E+00  0.0000000E+00  0.0000000E+00  0.0000000E+00  0.0000000E+00  0.0000000E+00
        25      2  0.1112840E-02 -0.2395826E-03  0.0000000E+00  0.0000000E+00 -0.7410007E-03 -0.1362798E-08
        25      3  0.2225487E-02 -0.4803720E-03  0.0000000E+00  0.0000000E+00 -0.2965275E-02 -0.5456695E-08
        25      4  0.5561510E-02 -0.1214539E-02  0.0000000E+00  0.0000000E+00 -0.1858782E-01 -0.3421032E-07

        26      0  0.0000000E+00  0.0000000E+00  0.0000000E+00  0.0000000E+00  0.0000000E+00  0.0000000E+00
        26      1  0.0000000E+00  0.0000000E+00  0.0000000E+00  0.0000000E+00  0.0000000E+00  0.0000000E+00
        26      2 -0.7664671E-03 -0.1740470E-03  0.0000000E+00  0.0000000E+00 -0.7707250E-03 -0.1326698E-08
        26      3 -0.1538470E-02 -0.3462131E-03  0.0000000E+00  0.0000000E+00 -0.3081971E-02 -0.5312144E-08
        26      4 -0.3896345E-02 -0.8464132E-03  0.0000000E+00  0.0000000E+00 -0.1931051E-01 -0.3330506E-07

        27      0  0.0000000E+00  0.0000000E+00  0.0000000E+00  0.0000000E+00  0.0000000E+00  0.0000000E+00
        27      1  0.0000000E+00  0.0000000E+00  0.0000000E+00  0.0000000E+00  0.0000000E+00  0.0000000E+00
        27      2 -0.1168274E-03  0.4678117E-03  0.0000000E+00  0.0000000E+00 -0.7968987E-03 -0.1386600E-08
        27      3 -0.2353945E-03  0.9364109E-03  0.0000000E+00  0.0000000E+00 -0.3193937E-02 -0.5551420E-08
        27      4 -0.5892885E-03  0.2344960E-02  0.0000000E+00  0.0000000E+00 -0.2003990E-01 -0.3478456E-07

        28      0  0.0000000E+00  0.0000000E+00  0.0000000E+00  0.0000000E+00  0.0000000E+00  0.0000000E+00
        28      1  0.0000000E+00  0.0000000E+00  0.0000000E+00  0.0000000E+00  0.0000000E+00  0.0000000E+00
        28      2  0.9136212E-03 -0.4358055E-03  0.0000000E+00  0.0000000E+00 -0.8300488E-03 -0.1525395E-08
        28      3  0.1824310E-02 -0.8728248E-03  0.0000000E+00  0.0000000E+00 -0.3319677E-02 -0.6107233E-08
        28      4  0.4531147E-02 -0.2193944E-02  0.0000000E+00  0.0000000E+00 -0.2080177E-01 -0.3827236E-07

        29      0  0.0000000E+00  0.0000000E+00  0.0000000E+00  0.0000000E+00  0.0000000E+00  0.0000000E+00
        29      1  0.0000000E+00  0.0000000E+00  0.0000000E+00  0.0000000E+00  0.0000000E+00  0.0000000E+00
        29      2 -0.1080300E-02  0.1015812E-03  0.0000000E+00  0.0000000E+00 -0.8575294E-03 -0.1545057E-08
        29      3 -0.2163934E-02  0.2048954E-03  0.0000000E+00  0.0000000E+00 -0.3431739E-02 -0.6187247E-08
        29      4 -0.5437959E-02  0.5309687E-03  0.0000000E+00  0.0000000E+00 -0.2151245E-01 -0.3880808E-07

        30      0  0.0000000E+00  0.0000000E+00  0.0000000E+00  0.0000000E+00  0.0000000E+00  0.0000000E+00
        30      1  0.0000000E+00  0.0000000E+00  0.0000000E+00  0.0000000E+00  0.0000000E+00  0.0000000E+00
        30      2  0.4927641E-03  0.3039229E-03  0.0000000E+00  0.0000000E+00 -0.8841731E-03 -0.1520952E-08
        30      3  0.9850478E-03  0.6082409E-03  0.0000000E+00  0.0000000E+00 -0.3542841E-02 -0.6090538E-08
        30      4  0.2471549E-02  0.1518624E-02  0.0000000E+00  0.0000000E+00 -0.2222603E-01 -0.3819288E-07

        31      0  0.0000000E+00  0.0000000E+00  0.0000000E+00  0.0000000E+00  0.0000000E+00  0.0000000E+00
        31      1  0.0000000E+00  0.0000000E+00  0.0000000E+00  0.0000000E+00  0.0000000E+00  0.0000000E+00
        31      2  0.4320003E-03 -0.4972891E-03  0.0000000E+00  0.0000000E+00 -0.9178663E-03 -0.1628976E-08
        31      3  0.8579235E-03 -0.9947306E-03  0.0000000E+00  0.0000000E+00 -0.3670020E-02 -0.6522304E-08
        31      4  0.2085848E-02 -0.2487398E-02  0.0000000E+00  0.0000000E+00 -0.2299396E-01 -0.4087611E-07

        32      0  0.0000000E+00  0.0000000E+00  0.0000000E+00  0.0000000E+00  0.0000000E+00  0.0000000E+00
        32      1  0.0000000E+00  0.0000000E+00  0.0000000E+00  0.0000000E+00  0.0000000E+00  0.0000000E+00
        32      2 -0.1061912E-02  0.3459686E-03  0.0000000E+00  0.0000000E+00 -0.9441698E-03 -0.1741740E-08
        32      3 -0.2125811E-02  0.6931675E-03  0.0000000E+00  0.0000000E+00 -0.3781084E-02 -0.6974928E-08
        32      4 -0.5324991E-02  0.1746847E-02  0.0000000E+00  0.0000000E+00 -0.2371267E-01 -0.4374266E-07

        33      0  0.0000000E+00  0.0000000E+00  0.0000000E+00  0.0000000E+00  0.0000000E+00  0.0000000E+00
        33      1  0.0000000E+00  0.0000000E+00  0.0000000E+00  0.0000000E+00  0.0000000E+00  0.0000000E+00
        33      2  0.9502548E-03  0.4611194E-04  0.0000000E+00  0.0000000E+00 -0.9722909E-03 -0.1720761E-08
        33      3  0.1901139E-02  0.9171323E-04  0.0000000E+00  0.0000000E+00 -0.3893988E-02 -0.6891207E-08
        33      4  0.4765495E-02  0.2186773E-03  0.0000000E+00  0.0000000E+00 -0.2442193E-01 -0.4322980E-07

        34      0  0.0000000E+00  0.0000000E+00  0.0000000E+00  0.0000000E+00  0.0000000E+00  0.0000000E+00
        34      1  0.0000000E+00  0.0000000E+00  0.0000000E+00  0.0000000E+00  0.0000000E+00  0.0000000E+00
        34      2 -0.1828359E-03 -0.4052596E-03  0.0000000E+00  0.0000000E+00 -0.1004476E-02 -0.1734648E-08
        34      3 -0.3730092E-03 -0.8092574E-03  0.0000000E+00  0.0000000E+00 -0.4016770E-02 -0.6945638E-08
        34      4 -0.1003132E-02 -0.2009386E-02  0.0000000E+00  0.0000000E+00 -0.2516822E-01 -0.4353789E-07

        35      0  0.0000000E+00  0.0000000E+00  0.0000000E+00  0.0000000E+00  0.0000000E+00  0.0000000E+00
        35      1  0.0000000E+00  0.0000000E+00  0.0000000E+00  0.0000000E+00  0.0000000E+00  0.0000000E+00
        35      2 -0.7168728E-03  0.4839419E-03  0.0000000E+00  0.0000000E+00 -0.1030391E-02 -0.1871911E-08
        35      3 -0.1435436E-02  0.9687844E-03  0.0000000E+00  0.0000000E+00 -0.4128211E-02 -0.7495107E-08
        35      4 -0.3589268E-02  0.2430430E-02  0.0000000E+00  0.0000000E+00 -0.2589641E-01 -0.4697588E-07

        36      0  0.0000000E+00  0.0000000E+00  0.0000000E+00  0.0000000E+00  0.0000000E+00  0.0000000E+00
        36      1  0.0000000E+00  0.0000000E+00  0.0000000E+00  0.0000000E+00  0.0000000E+00  0.0000000E+00
        36      2  0.1113876E-02 -0.2259754E-03  0.0000000E+00  0.0000000E+00 -0.1060919E-02 -0.1937679E-08
        36      3  0.2227645E-02 -0.4533277E-03  0.0000000E+00  0.0000000E+00 -0.4246549E-02 -0.7758938E-08
        36      4  0.5567778E-02 -0.1150284E-02  0.0000000E+00  0.0000000E+00 -0.2662370E-01 -0.4865173E-07

        37      0  0.0000000E+00  0.0000000E+00  0.0000000E+00  0.0000000E+00  0.0000000E+00  0.0000000E+00
        37      1  0.0000000E+00  0.0000000E+00  0.0000000E+00  0.0000000E+00  0.0000000E+00  0.0000000E+00
        37      2 -0.7411388E-03 -0.1883539E-03  0.0000000E+00  0.0000000E+00 -0.1090490E-02 -0.1901383E-08
        37      3 -0.1488305E-02 -0.3746321E-03  0.0000000E+00  0.0000000E+00 -0.4362398E-02 -0.7613524E-08
        37      4 -0.3778540E-02 -0.9139649E-03  0.0000000E+00  0.0000000E+00 -0.2734013E-01 -0.4773913E-07

        38      0  0.0000000E+00  0.0000000E+00  0.0000000E+00  0.0000000E+00  0.0000000E+00  0.0000000E+00
        38      1  0.0000000E+00  0.0000000E+00  0.0000000E+00  0.0000000E+00  0.0000000E+00  0.0000000E+00
        38      2 -0.1509750E-03  0.4728909E-03  0.0000000E+00  0.0000000E+00 -0.1116358E-02 -0.1966723E-08
        38      3 -0.3032326E-03  0.9465050E-03  0.0000000E+00  0.0000000E+00 -0.4473232E-02 -0.7874408E-08
        38      4 -0.7505288E-03  0.2369152E-02  0.0000000E+00  0.0000000E+00 -0.2806274E-01 -0.4934712E-07

        39      0  0.0000000E+00  0.0000000E+00  0.0000000E+00  0.0000000E+00  0.0000000E+00  0.0000000E+00
        39      1  0.0000000E+00  0.0000000E+00  0.0000000E+00  0.0000000E+00  0.0000000E+00  0.0000000E+00
        39      2  0.9328780E-03 -0.4281468E-03  0.0000000E+00  0.0000000E+00 -0.1149122E-02 -0.2104092E-08
        39      3  0.1862730E-02 -0.8576524E-03  0.0000000E+00  0.0000000E+00 -0.4597536E-02 -0.8424590E-08
        39      4  0.4623956E-02 -0.2158379E-02  0.0000000E+00  0.0000000E+00 -0.2881608E-01 -0.5280270E-07

        40      0  0.0000000E+00  0.0000000E+00  0.0000000E+00  0.0000000E+00  0.0000000E+00  0.0000000E+00
        40      1  0.0000000E+00  0.0000000E+00  0.0000000E+00  0.0000000E+00  0.0000000E+00  0.0000000E+00
        40      2 -0.1071247E-02  0.8650003E-04  0.0000000E+00  0.0000000E+00 -0.1176401E-02 -0.2118729E-08
        40      3 -0.2146079E-02  0.1749784E-03  0.0000000E+00  0.0000000E+00 -0.4708555E-02 -0.8484591E-08
        40      4 -0.5396898E-02  0.4602389E-03  0.0000000E+00  0.0000000E+00 -0.2951932E-01 -0.5321837E-07

        41      0  0.0000000E+00  0.0000000E+00  0.0000000E+00  0.0000000E+00  0.0000000E+00  0.0000000E+00
        41      1  0.0000000E+00  0.0000000E+00  0.0000000E+00  0.0000000E+00  0.0000000E+00  0.0000000E+00
        41      2  0.4616697E-03  0.3159708E-03  0.0000000E+00  0.0000000E+00 -0.1202698E-02 -0.2097533E-08
        41      3  0.9232390E-03  0.6321976E-03  0.0000000E+00  0.0000000E+00 -0.4818467E-02 -0.8399412E-08
        41      4  0.2324647E-02  0.1575828E-02  0.0000000E+00  0.0000000E+00 -0.3022615E-01 -0.5267046E-07

        42      0  0.0000000E+00  0.0000000E+00  0.0000000E+00  0.0000000E+00  0.0000000E+00  0.0000000E+00
        42      1  0.0000000E+00  0.0000000E+00  0.0000000E+00  0.0000000E+00  0.0000000E+00  0.0000000E+00
        42      2  0.4635024E-03 -0.4979381E-03  0.0000000E+00  0.0000000E+00 -0.1236120E-02 -0.2209721E-08
        42      3  0.9206075E-03 -0.9960986E-03  0.0000000E+00  0.0000000E+00 -0.4944536E-02 -0.8847776E-08
        42      4  0.2235686E-02 -0.2491431E-02  0.0000000E+00  0.0000000E+00 -0.3098703E-01 -0.5545376E-07

        43      0  0.0000000E+00  0.0000000E+00  0.0000000E+00  0.0000000E+00  0.0000000E+00  0.0000000E+00
        43      1  0.0000000E+00  0.0000000E+00  0.0000000E+00  0.0000000E+00  0.0000000E+00  0.0000000E+00
        43      2 -0.1071911E-02  0.3347498E-03  0.0000000E+00  0.0000000E+00 -0.1262165E-02 -0.2318354E-08
        43      3 -0.2145710E-02  0.6709226E-03  0.0000000E+00  0.0000000E+00 -0.5054399E-02 -0.9284035E-08
        43      4 -0.5372969E-02  0.1694446E-02  0.0000000E+00  0.0000000E+00 -0.3169765E-01 -0.5822453E-07

        44      0  0.0000000E+00  0.0000000E+00  0.0000000E+00  0.0000000E+00  0.0000000E+00  0.0000000E+00
        44      1  0.0000000E+00  0.0000000E+00  0.0000000E+00  0.0000000E+00  0.0000000E+00  0.0000000E+00
        44      2  0.9318365E-03  0.6141389E-04  0.0000000E+00  0.0000000E+00 -0.1289878E-02 -0.2294444E-08
        44      3  0.1864555E-02  0.1221488E-03  0.0000000E+00  0.0000000E+00 -0.5165913E-02 -0.9188642E-08
        44      4  0.4679073E-02  0.2912706E-03  0.0000000E+00  0.0000000E+00 -0.3239912E-01 -0.5764108E-07

        45      0  0.0000000E+00  0.0000000E+00  0.0000000E+00  0.0000000E+00  0.0000000E+00  0.0000000E+00
        45      1  0.0000000E+00  0.0000000E+00  0.0000000E+00  0.0000000E+00  0.0000000E+00  0.0000000E+00
        45      2 -0.1488312E-03 -0.4140012E-03  0.0000000E+00  0.0000000E+00 -0.1321891E-02 -0.2313338E-08
        45      3 -0.3055029E-03 -0.8266832E-03  0.0000000E+00  0.0000000E+00 -0.5287856E-02 -0.9262954E-08
        45      4 -0.8431843E-03 -0.2051396E-02  0.0000000E+00  0.0000000E+00 -0.3313953E-01 -0.5806668E-07

        46      0  0.0000000E+00  0.0000000E+00  0.0000000E+00  0.0000000E+00  0.0000000E+00  0.0000000E+00
        46      1  0.0000000E+00  0.0000000E+00  0.0000000E+00  0.0000000E+00  0.0000000E+00  0.0000000E+00
        46      2 -0.7428640E-03  0.4800401E-03  0.0000000E+00  0.0000000E+00 -0.1347520E-02 -0.2452059E-08
        46      3 -0.1487048E-02  0.9610523E-03  0.0000000E+00  0.0000000E+00 -0.5398103E-02 -0.9818294E-08
        46      4 -0.3712083E-02  0.2412429E-02  0.0000000E+00  0.0000000E+00 -0.3386010E-01 -0.6154160E-07

        47      0  0.0000000E+00  0.0000000E+00  0.0000000E+00  0.0000000E+00  0.0000000E+00  0.0000000E+00
        47      1  0.0000000E+00  0.0000000E+00  0.0000000E+00  0.0000000E+00  0.0000000E+00  0.0000000E+00
        47      2  0.1113847E-02 -0.2121523E-03  0.0000000E+00  0.0000000E+00 -0.1377610E-02 -0.2512391E-08
        47      3  0.2227700E-02 -0.4258552E-03  0.0000000E+00  0.0000000E+00 -0.5514901E-02 -0.1006051E-07
        47      4  0.5569267E-02 -0.1085042E-02  0.0000000E+00  0.0000000E+00 -0.3457861E-01 -0.6308895E-07

        48      0  0.0000000E+00  0.0000000E+00  0.0000000E+00  0.0000000E+00  0.0000000E+00  0.0000000E+00
        48      1  0.0000000E+00  0.0000000E+00  0.0000000E+00  0.0000000E+00  0.0000000E+00  0.0000000E+00
        48      2 -0.7151062E-03 -0.2024819E-03  0.0000000E+00  0.0000000E+00 -0.1407032E-02 -0.2476237E-08
        48      3 -0.1436747E-02 -0.4027015E-03  0.0000000E+00  0.0000000E+00 -0.5629923E-02 -0.9915571E-08
        48      4 -0.3657574E-02 -0.9807543E-03  0.0000000E+00  0.0000000E+00 -0.3528892E-01 -0.6217655E-07

        49      0  0.0000000E+00  0.0000000E+00  0.0000000E+00  0.0000000E+00  0.0000000E+00  0.0000000E+00
        49      1  0.0000000E+00  0.0000000E+00  0.0000000E+00  0.0000000E+00  0.0000000E+00  0.0000000E+00
        49      2 -0.1849780E-03  0.4775198E-03  0.0000000E+00  0.0000000E+00 -0.1432598E-02 -0.2546965E-08
        49      3 -0.3707828E-03  0.9557107E-03  0.0000000E+00  0.0000000E+00 -0.5739635E-02 -0.1019787E-07
        49      4 -0.9111147E-03  0.2391342E-02  0.0000000E+00  0.0000000E+00 -0.3600479E-01 -0.6391204E-07

        50      0  0.0000000E+00  0.0000000E+00  0.0000000E+00  0.0000000E+00  0.0000000E+00  0.0000000E+00
        50      1  0.0000000E+00  0.0000000E+00  0.0000000E+00  0.0000000E+00  0.0000000E+00  0.0000000E+00
        50      2  0.9512445E-03 -0.4200793E-03  0.0000000E+00  0.0000000E+00 -0.1464974E-02 -0.2682585E-08
        50      3  0.1899392E-02 -0.8416709E-03  0.0000000E+00  0.0000000E+00 -0.5862502E-02 -0.1074115E-07
        50      4  0.4712812E-02 -0.2120968E-02  0.0000000E+00  0.0000000E+00 -0.3674963E-01 -0.6732810E-07

        51      0  0.0000000E+00  0.0000000E+00  0.0000000E+00  0.0000000E+00  0.0000000E+00  0.0000000E+00
        51      1  0.0000000E+00  0.0000000E+00  0.0000000E+00  0.0000000E+00  0.0000000E+00  0.0000000E+00
        51      2 -0.1061178E-02  0.7133669E-04  0.0000000E+00  0.0000000E+00 -0.1492058E-02 -0.2692342E-08
        51      3 -0.2126223E-02  0.1448983E-03  0.0000000E+00  0.0000000E+00 -0.5972502E-02 -0.1078170E-07
        51      4 -0.5351352E-02  0.3891286E-03  0.0000000E+00  0.0000000E+00 -0.3744556E-01 -0.6762676E-07

        52      0  0.0000000E+00  0.0000000E+00  0.0000000E+00  0.0000000E+00  0.0000000E+00  0.0000000E+00
        52      1  0.0000000E+00  0.0000000E+00  0.0000000E+00  0.0000000E+00  0.0000000E+00  0.0000000E+00
        52      2  0.4301357E-03  0.3277171E-03  0.0000000E+00  0.0000000E+00 -0.1518016E-02 -0.2674336E-08
        52      3  0.8605634E-03  0.6555586E-03  0.0000000E+00  0.0000000E+00 -0.6081243E-02 -0.1070915E-07
        52      4  0.2175779E-02  0.1631687E-02  0.0000000E+00  0.0000000E+00 -0.3814575E-01 -0.6715239E-07

        53      0  0.0000000E+00  0.0000000E+00  0.0000000E+00  0.0000000E+00  0.0000000E+00  0.0000000E+00
        53      1  0.0000000E+00  0.0000000E+00  0.0000000E+00  0.0000000E+00  0.0000000E+00  0.0000000E+00
        53      2  0.4945634E-03 -0.4981125E-03  0.0000000E+00  0.0000000E+00 -0.1551162E-02 -0.2790459E-08
        53      3  0.9824281E-03 -0.9965300E-03  0.0000000E+00  0.0000000E+00 -0.6206196E-02 -0.1117322E-07
        53      4  0.2383636E-02 -0.2493350E-02  0.0000000E+00  0.0000000E+00 -0.3889959E-01 -0.7003071E-07

        54      0  0.0000000E+00  0.0000000E+00  0.0000000E+00  0.0000000E+00  0.0000000E+00  0.0000000E+00
        54      1  0.0000000E+00  0.0000000E+00  0.0000000E+00  0.0000000E+00  0.0000000E+00  0.0000000E+00
        54      2 -0.1080893E-02  0.3232132E-03  0.0000000E+00  0.0000000E+00 -0.1576954E-02 -0.2894747E-08
        54      3 -0.2163607E-02  0.6480521E-03  0.0000000E+00  0.0000000E+00 -0.6314874E-02 -0.1159226E-07
        54      4 -0.5416475E-02  0.1640637E-02  0.0000000E+00  0.0000000E+00 -0.3960218E-01 -0.7270080E-07

        55      0  0.0000000E+00  0.0000000E+00  0.0000000E+00  0.0000000E+00  0.0000000E+00  0.0000000E+00
        55      1  0.0000000E+00  0.0000000E+00  0.0000000E+00  0.0000000E+00  0.0000000E+00  0.0000000E+00
        55      2  0.9125285E-03  0.7665709E-04  0.0000000E+00  0.0000000E+00 -0.1604266E-02 -0.2868197E-08
        55      3  0.1826211E-02  0.1524685E-03  0.0000000E+00  0.0000000E+00 -0.6425021E-02 -0.1148635E-07
        55      4  0.4588648E-02  0.3636098E-03  0.0000000E+00  0.0000000E+00 -0.4029602E-01 -0.7205315E-07

        56      0  0.0000000E+00  0.0000000E+00  0.0000000E+00  0.0000000E+00  0.0000000E+00  0.0000000E+00
        56      1  0.0000000E+00  0.0000000E+00  0.0000000E+00  0.0000000E+00  0.0000000E+00  0.0000000E+00
        56      2 -0.1146841E-03 -0.4223489E-03  0.0000000E+00  0.0000000E+00 -0.1636106E-02 -0.2892225E-08
        56      3 -0.2377075E-03 -0.8433349E-03  0.0000000E+00  0.0000000E+00 -0.6546128E-02 -0.1158105E-07
        56      4 -0.6825127E-03 -0.2091682E-02  0.0000000E+00  0.0000000E+00 -0.4103060E-01 -0.7259926E-07

        57      0  0.0000000E+00  0.0000000E+00  0.0000000E+00  0.0000000E+00  0.0000000E+00  0.0000000E+00
        57      1  0.0000000E+00  0.0000000E+00  0.0000000E+00  0.0000000E+00  0.0000000E+00  0.0000000E+00
        57      2 -0.7681486E-03  0.4756821E-03  0.0000000E+00  0.0000000E+00 -0.1661452E-02 -0.3032078E-08
        57      3 -0.1537268E-02  0.9524217E-03  0.0000000E+00  0.0000000E+00 -0.6655189E-02 -0.1214097E-07
        57      4 -0.3831776E-02  0.2392410E-02  0.0000000E+00  0.0000000E+00 -0.4174358E-01 -0.7610386E-07

        58      0  0.0000000E+00  0.0000000E+00  0.0000000E+00  0.0000000E+00  0.0000000E+00  0.0000000E+00
        58      1  0.0000000E+00  0.0000000E+00  0.0000000E+00  0.0000000E+00  0.0000000E+00  0.0000000E+00
        58      2  0.1112754E-02 -0.1981266E-03  0.0000000E+00  0.0000000E+00 -0.1691107E-02 -0.3086943E-08
        58      3  0.2225650E-02 -0.3979806E-03  0.0000000E+00  0.0000000E+00 -0.6770463E-02 -0.1236145E-07
        58      4  0.5565977E-02 -0.1018870E-02  0.0000000E+00  0.0000000E+00 -0.4245343E-01 -0.7752192E-07

        59      0  0.0000000E+00  0.0000000E+00  0.0000000E+00  0.0000000E+00  0.0000000E+00  0.0000000E+00
        59      1  0.0000000E+00  0.0000000E+00  0.0000000E+00  0.0000000E+00  0.0000000E+00  0.0000000E+00
        59      2 -0.6883938E-03 -0.2164178E-03  0.0000000E+00  0.0000000E+00 -0.1720383E-02 -0.3051270E-08
        59      3 -0.1383846E-02 -0.4303950E-03  0.0000000E+00  0.0000000E+00 -0.6884675E-02 -0.1221832E-07
        59      4 -0.3533546E-02 -0.1046725E-02  0.0000000E+00  0.0000000E+00 -0.4315772E-01 -0.7661725E-07

        60      0  0.0000000E+00  0.0000000E+00  0.0000000E+00  0.0000000E+00  0.0000000E+00  0.0000000E+00
        60      1  0.0000000E+00  0.0000000E+00  0.0000000E+00  0.0000000E+00  0.0000000E+00  0.0000000E+00
        60      2 -0.2188041E-03  0.4816940E-03  0.0000000E+00  0.0000000E+00 -0.1745653E-02 -0.3127317E-08
        60      3 -0.4379819E-03  0.9640195E-03  0.0000000E+00  0.0000000E+00 -0.6993275E-02 -0.1252177E-07
        60      4 -0.1070910E-02  0.2411511E-02  0.0000000E+00  0.0000000E+00 -0.4386691E-01 -0.7847883E-07

        61      0  0.0000000E+00  0.0000000E+00  0.0000000E+00  0.0000000E+00  0.0000000E+00  0.0000000E+00
        61      1  0.0000000E+00  0.0000000E+00  0.0000000E+00  0.0000000E+00  0.0000000E+00  0.0000000E+00
        61      2  0.9687031E-03 -0.4116108E-03  0.0000000E+00  0.0000000E+00 -0.1777639E-02 -0.3260870E-08
        61      3  0.1934264E-02 -0.8248954E-03  0.0000000E+00  0.0000000E+00 -0.7114704E-02 -0.1305688E-07
        61      4  0.4797638E-02 -0.2081741E-02  0.0000000E+00  0.0000000E+00 -0.4460327E-01 -0.8184818E-07

        62      0  0.0000000E+00  0.0000000E+00  0.0000000E+00  0.0000000E+00  0.0000000E+00  0.0000000E+00
        62      1  0.0000000E+00  0.0000000E+00  0.0000000E+00  0.0000000E+00  0.0000000E+00  0.0000000E+00
        62      2 -0.1050102E-02  0.5610565E-04  0.0000000E+00  0.0000000E+00 -0.1804534E-02 -0.3265909E-08
        62      3 -0.2104385E-02  0.1146832E-03  0.0000000E+00  0.0000000E+00 -0.7223708E-02 -0.1307861E-07
        62      4 -0.5301359E-02  0.3176972E-03  0.0000000E+00  0.0000000E+00 -0.4529204E-01 -0.8203326E-07

        63      0  0.0000000E+00  0.0000000E+00  0.0000000E+00  0.0000000E+00  0.0000000E+00  0.0000000E+00
        63      1  0.0000000E+00  0.0000000E+00  0.0000000E+00  0.0000000E+00  0.0000000E+00  0.0000000E+00
        63      2  0.3981921E-03  0.3391507E-03  0.0000000E+00  0.0000000E+00 -0.1830157E-02 -0.3251360E-08
        63      3  0.7970805E-03  0.6783017E-03  0.0000000E+00  0.0000000E+00 -0.7331299E-02 -0.1301976E-07
        63      4  0.2025076E-02  0.1686151E-02  0.0000000E+00  0.0000000E+00 -0.4598569E-01 -0.8163843E-07

        64      0  0.0000000E+00  0.0000000E+00  0.0000000E+00  0.0000000E+00  0.0000000E+00  0.0000000E+00
        64      1  0.0000000E+00  0.0000000E+00  0.0000000E+00  0.0000000E+00  0.0000000E+00  0.0000000E+00
        64      2  0.5251536E-03 -0.4978122E-03  0.0000000E+00  0.0000000E+00 -0.1863025E-02 -0.3371176E-08
        64      3  0.1043327E-02 -0.9960244E-03  0.0000000E+00  0.0000000E+00 -0.7455127E-02 -0.1349858E-07
        64      4  0.2529571E-02 -0.2493152E-02  0.0000000E+00  0.0000000E+00 -0.4673248E-01 -0.8460640E-07

        65      0  0.0000000E+00  0.0000000E+00  0.0000000E+00  0.0000000E+00  0.0000000E+00  0.0000000E+00
        65      1  0.0000000E+00  0.0000000E+00  0.0000000E+00  0.0000000E+00  0.0000000E+00  0.0000000E+00
        65      2 -0.1088848E-02  0.3113698E-03  0.0000000E+00  0.0000000E+00 -0.1888569E-02 -0.3470921E-08
        65      3 -0.2179486E-02  0.6245773E-03  0.0000000E+00  0.0000000E+00 -0.7562638E-02 -0.1389962E-07
        65      4 -0.5455474E-02  0.1585466E-02  0.0000000E+00  0.0000000E+00 -0.4742714E-01 -0.8717124E-07

        66      0  0.0000000E+00  0.0000000E+00  0.0000000E+00  0.0000000E+00  0.0000000E+00  0.0000000E+00
        66      1  0.0000000E+00  0.0000000E+00  0.0000000E+00  0.0000000E+00  0.0000000E+00  0.0000000E+00
        66      2  0.8923494E-03  0.9182698E-04  0.0000000E+00  0.0000000E+00 -0.1915486E-02 -0.3442033E-08
        66      3  0.1786145E-02  0.1826438E-03  0.0000000E+00  0.0000000E+00 -0.7671443E-02 -0.1378437E-07
        66      4  0.4494300E-02  0.4356322E-03  0.0000000E+00  0.0000000E+00 -0.4811349E-01 -0.8646600E-07

        67      0  0.0000000E+00  0.0000000E+00  0.0000000E+00  0.0000000E+00  0.0000000E+00  0.0000000E+00
        67      1  0.0000000E+00  0.0000000E+00  0.0000000E+00  0.0000000E+00  0.0000000E+00  0.0000000E+00
        67      2 -0.8042706E-04 -0.4302950E-03  0.0000000E+00  0.0000000E+00 -0.1947152E-02 -0.3471304E-08
        67      3 -0.1696865E-03 -0.8591967E-03  0.0000000E+00  0.0000000E+00 -0.7791716E-02 -0.1389989E-07
        67      4 -0.5212529E-03 -0.2130209E-02  0.0000000E+00  0.0000000E+00 -0.4884229E-01 -0.8713518E-07

        68      0  0.0000000E+00  0.0000000E+00  0.0000000E+00  0.0000000E+00  0.0000000E+00  0.0000000E+00
        68      1  0.0000000E+00  0.0000000E+00  0.0000000E+00  0.0000000E+00  0.0000000E+00  0.0000000E+00
        68      2 -0.7927029E-03  0.4708720E-03  0.0000000E+00  0.0000000E+00 -0.1972219E-02 -0.3611956E-08
        68      3 -0.1586049E-02  0.9429009E-03  0.0000000E+00  0.0000000E+00 -0.7899599E-02 -0.1446308E-07
        68      4 -0.3948250E-02  0.2370390E-02  0.0000000E+00  0.0000000E+00 -0.4954771E-01 -0.9066212E-07

        69      0  0.0000000E+00  0.0000000E+00  0.0000000E+00  0.0000000E+00  0.0000000E+00  0.0000000E+00
        69      1  0.0000000E+00  0.0000000E+00  0.0000000E+00  0.0000000E+00  0.0000000E+00  0.0000000E+00
        69      2  0.1110599E-02 -0.1839116E-03  0.0000000E+00  0.0000000E+00 -0.2001443E-02 -0.3661345E-08
        69      3  0.2221498E-02 -0.3697302E-03  0.0000000E+00  0.0000000E+00 -0.8013364E-02 -0.1466180E-07
        69      4  0.5557910E-02 -0.9518262E-03  0.0000000E+00  0.0000000E+00 -0.5024900E-01 -0.9195051E-07

        70      0  0.0000000E+00  0.0000000E+00  0.0000000E+00  0.0000000E+00  0.0000000E+00  0.0000000E+00
        70      1  0.0000000E+00  0.0000000E+00  0.0000000E+00  0.0000000E+00  0.0000000E+00  0.0000000E+00
        70      2 -0.6610269E-03 -0.2301481E-03  0.0000000E+00  0.0000000E+00 -0.2030576E-02 -0.3626488E-08
        70      3 -0.1329651E-02 -0.4576868E-03  0.0000000E+00  0.0000000E+00 -0.8126784E-02 -0.1452180E-07
        70      4 -0.3406562E-02 -0.1111822E-02  0.0000000E+00  0.0000000E+00 -0.5094741E-01 -0.9106107E-07

        71      0  0.0000000E+00  0.0000000E+00  0.0000000E+00  0.0000000E+00  0.0000000E+00  0.0000000E+00
        71      1  0.0000000E+00  0.0000000E+00  0.0000000E+00  0.0000000E+00  0.0000000E+00  0.0000000E+00
        71      2 -0.2524212E-03  0.4854095E-03  0.0000000E+00  0.0000000E+00 -0.2055553E-02 -0.3707764E-08
        71      3 -0.5047669E-03  0.9714238E-03  0.0000000E+00  0.0000000E+00 -0.8234280E-02 -0.1484605E-07
        71      4 -0.1229779E-02  0.2429644E-02  0.0000000E+00  0.0000000E+00 -0.5164995E-01 -0.9304690E-07

        72      0  0.0000000E+00  0.0000000E+00  0.0000000E+00  0.0000000E+00  0.0000000E+00  0.0000000E+00
        72      1  0.0000000E+00  0.0000000E+00  0.0000000E+00  0.0000000E+00  0.0000000E+00  0.0000000E+00
        72      2  0.9852370E-03 -0.4027492E-03  0.0000000E+00  0.0000000E+00 -0.2087148E-02 -0.3838942E-08
        72      3  0.1967312E-02 -0.8073416E-03  0.0000000E+00  0.0000000E+00 -0.8354271E-02 -0.1537177E-07
        72      4  0.4878359E-02 -0.2040734E-02  0.0000000E+00  0.0000000E+00 -0.5237786E-01 -0.9636254E-07

        73      0  0.0000000E+00  0.0000000E+00  0.0000000E+00  0.0000000E+00  0.0000000E+00  0.0000000E+00
        73      1  0.0000000E+00  0.0000000E+00  0.0000000E+00  0.0000000E+00  0.0000000E+00  0.0000000E+00
        73      2 -0.1038029E-02  0.4082134E-04  0.0000000E+00  0.0000000E+00 -0.2113860E-02 -0.3839444E-08
        73      3 -0.2080584E-02  0.8436117E-04  0.0000000E+00  0.0000000E+00 -0.8462303E-02 -0.1537539E-07
        73      4 -0.5246962E-02  0.2460045E-03  0.0000000E+00  0.0000000E+00 -0.5305961E-01 -0.9643782E-07

        74      0  0.0000000E+00  0.0000000E+00  0.0000000E+00  0.0000000E+00  0.0000000E+00  0.0000000E+00
        74      1  0.0000000E+00  0.0000000E+00  0.0000000E+00  0.0000000E+00  0.0000000E+00  0.0000000E+00
        74      2  0.3658695E-03  0.3502608E-03  0.0000000E+00  0.0000000E+00 -0.2139155E-02 -0.3828607E-08
        74      3  0.7328502E-03  0.7004058E-03  0.0000000E+00  0.0000000E+00 -0.8568762E-02 -0.1533125E-07
        74      4  0.1872668E-02  0.1739176E-02  0.0000000E+00  0.0000000E+00 -0.5374683E-01 -0.9612825E-07

        75      0  0.0000000E+00  0.0000000E+00  0.0000000E+00  0.0000000E+00  0.0000000E+00  0.0000000E+00
        75      1  0.0000000E+00  0.0000000E+00  0.0000000E+00  0.0000000E+00  0.0000000E+00  0.0000000E+00
        75      2  0.5552437E-03 -0.4970373E-03  0.0000000E+00  0.0000000E+00 -0.2171740E-02 -0.3951859E-08
        75      3  0.1103246E-02 -0.9945818E-03  0.0000000E+00  0.0000000E+00 -0.8691458E-02 -0.1582379E-07
        75      4  0.2673364E-02 -0.2490837E-02  0.0000000E+00  0.0000000E+00 -0.5448657E-01 -0.9918020E-07

        76      0  0.0000000E+00  0.0000000E+00  0.0000000E+00  0.0000000E+00  0.0000000E+00  0.0000000E+00
        76      1  0.0000000E+00  0.0000000E+00  0.0000000E+00  0.0000000E+00  0.0000000E+00  0.0000000E+00
        76      2 -0.1095770E-02  0.2992309E-03  0.0000000E+00  0.0000000E+00 -0.2197042E-02 -0.4046882E-08
        76      3 -0.2193332E-02  0.6005203E-03  0.0000000E+00  0.0000000E+00 -0.8797818E-02 -0.1620613E-07
        76      4 -0.5489935E-02  0.1528978E-02  0.0000000E+00  0.0000000E+00 -0.5517338E-01 -0.1016356E-06

        77      0  0.0000000E+00  0.0000000E+00  0.0000000E+00  0.0000000E+00  0.0000000E+00  0.0000000E+00
        77      1  0.0000000E+00  0.0000000E+00  0.0000000E+00  0.0000000E+00  0.0000000E+00  0.0000000E+00
        77      2  0.8713186E-03  0.1069091E-03  0.0000000E+00  0.0000000E+00 -0.2223570E-02 -0.4015965E-08
        77      3  0.1744395E-02  0.2126462E-03  0.0000000E+00  0.0000000E+00 -0.8905305E-02 -0.1608275E-07
        77      4  0.4396110E-02  0.5072759E-03  0.0000000E+00  0.0000000E+00 -0.5585239E-01 -0.1008795E-06

        78      0  0.0000000E+00  0.0000000E+00  0.0000000E+00  0.0000000E+00  0.0000000E+00  0.0000000E+00
        78      1  0.0000000E+00  0.0000000E+00  0.0000000E+00  0.0000000E+00  0.0000000E+00  0.0000000E+00
        78      2 -0.4609278E-04 -0.4378316E-03  0.0000000E+00  0.0000000E+00 -0.2255060E-02 -0.4050567E-08
        78      3 -0.1015037E-03 -0.8742535E-03  0.0000000E+00  0.0000000E+00 -0.9024745E-02 -0.1621946E-07
        78      4 -0.3595417E-03 -0.2166945E-02  0.0000000E+00  0.0000000E+00 -0.5657545E-01 -0.1016739E-06

        79      0  0.0000000E+00  0.0000000E+00  0.0000000E+00  0.0000000E+00  0.0000000E+00  0.0000000E+00
        79      1  0.0000000E+00  0.0000000E+00  0.0000000E+00  0.0000000E+00  0.0000000E+00  0.0000000E+00
        79      2 -0.8165035E-03  0.4656146E-03  0.0000000E+00  0.0000000E+00 -0.2279852E-02 -0.4191683E-08
        79      3 -0.1633346E-02  0.9324990E-03  0.0000000E+00  0.0000000E+00 -0.9131460E-02 -0.1678459E-07
        79      4 -0.4061408E-02  0.2346389E-02  0.0000000E+00  0.0000000E+00 -0.5727335E-01 -0.1052158E-06

        80      0  0.0000000E+00  0.0000000E+00  0.0000000E+00  0.0000000E+00  0.0000000E+00  0.0000000E+00
        80      1  0.0000000E+00  0.0000000E+00  0.0000000E+00  0.0000000E+00  0.0000000E+00  0.0000000E+00
        80      2  0.1107382E-02 -0.1695210E-03  0.0000000E+00  0.0000000E+00 -0.2308648E-02 -0.4235607E-08
        80      3  0.2215248E-02 -0.3411309E-03  0.0000000E+00  0.0000000E+00 -0.9243731E-02 -0.1696158E-07
        80      4  0.5545075E-02 -0.8839686E-03  0.0000000E+00  0.0000000E+00 -0.5796620E-01 -0.1063746E-06

        81      0  0.0000000E+00  0.0000000E+00  0.0000000E+00  0.0000000E+00  0.0000000E+00  0.0000000E+00
        81      1  0.0000000E+00  0.0000000E+00  0.0000000E+00  0.0000000E+00  0.0000000E+00  0.0000000E+00
        81      2 -0.6330316E-03 -0.2436598E-03  0.0000000E+00  0.0000000E+00 -0.2337643E-02 -0.4201899E-08
        81      3 -0.1274211E-02 -0.4845513E-03  0.0000000E+00  0.0000000E+00 -0.9356375E-02 -0.1682603E-07
        81      4 -0.3276724E-02 -0.1175990E-02  0.0000000E+00  0.0000000E+00 -0.5865885E-01 -0.1055078E-06

        82      0  0.0000000E+00  0.0000000E+00  0.0000000E+00  0.0000000E+00  0.0000000E+00  0.0000000E+00
        82      1  0.0000000E+00  0.0000000E+00  0.0000000E+00  0.0000000E+00  0.0000000E+00  0.0000000E+00
        82      2 -0.2857971E-03  0.4886630E-03  0.0000000E+00  0.0000000E+00 -0.2362330E-02 -0.4288295E-08
        82      3 -0.5710751E-03  0.9779170E-03  0.0000000E+00  0.0000000E+00 -0.9462777E-02 -0.1717066E-07
        82      4 -0.1387588E-02  0.2445727E-02  0.0000000E+00  0.0000000E+00 -0.5935478E-01 -0.1076156E-06

        83      0  0.0000000E+00  0.0000000E+00  0.0000000E+00  0.0000000E+00  0.0000000E+00  0.0000000E+00
        83      1  0.0000000E+00  0.0000000E+00  0.0000000E+00  0.0000000E+00  0.0000000E+00  0.0000000E+00
        83      2  0.1000830E-02 -0.3935032E-03  0.0000000E+00  0.0000000E+00 -0.2393532E-02 -0.4416798E-08
        83      3  0.1998504E-02 -0.7890261E-03  0.0000000E+00  0.0000000E+00 -0.9581330E-02 -0.1768581E-07
        83      4  0.4954906E-02 -0.1997980E-02  0.0000000E+00  0.0000000E+00 -0.6007428E-01 -0.1108707E-06

        84      0  0.0000000E+00  0.0000000E+00  0.0000000E+00  0.0000000E+00  0.0000000E+00  0.0000000E+00
        84      1  0.0000000E+00  0.0000000E+00  0.0000000E+00  0.0000000E+00  0.0000000E+00  0.0000000E+00
        84      2 -0.1024970E-02  0.2549827E-04  0.0000000E+00  0.0000000E+00 -0.2420068E-02 -0.4412960E-08
        84      3 -0.2054843E-02  0.5396061E-04  0.0000000E+00  0.0000000E+00 -0.9688415E-02 -0.1767209E-07
        84      4 -0.5188205E-02  0.1741104E-03  0.0000000E+00  0.0000000E+00 -0.6074915E-01 -0.1108404E-06

        85      0  0.0000000E+00  0.0000000E+00  0.0000000E+00  0.0000000E+00  0.0000000E+00  0.0000000E+00
        85      1  0.0000000E+00  0.0000000E+00  0.0000000E+00  0.0000000E+00  0.0000000E+00  0.0000000E+00
        85      2  0.3331988E-03  0.3610368E-03  0.0000000E+00  0.0000000E+00 -0.2445041E-02 -0.4406077E-08
        85      3  0.6679333E-03  0.7218502E-03  0.0000000E+00  0.0000000E+00 -0.9793759E-02 -0.1764360E-07
        85      4  0.1718686E-02  0.1790717E-02  0.0000000E+00  0.0000000E+00 -0.6143003E-01 -0.1106215E-06

        86      0  0.0000000E+00  0.0000000E+00  0.0000000E+00  0.0000000E+00  0.0000000E+00  0.0000000E+00
        86      1  0.0000000E+00  0.0000000E+00  0.0000000E+00  0.0000000E+00  0.0000000E+00  0.0000000E+00
        86      2  0.5848049E-03 -0.4957885E-03  0.0000000E+00  0.0000000E+00 -0.2477339E-02 -0.4532495E-08
        86      3  0.1162129E-02 -0.9922037E-03  0.0000000E+00  0.0000000E+00 -0.9915315E-02 -0.1814881E-07
        86      4  0.2814890E-02 -0.2486406E-02  0.0000000E+00  0.0000000E+00 -0.6216271E-01 -0.1137514E-06

        87      0  0.0000000E+00  0.0000000E+00  0.0000000E+00  0.0000000E+00  0.0000000E+00  0.0000000E+00
        87      1  0.0000000E+00  0.0000000E+00  0.0000000E+00  0.0000000E+00  0.0000000E+00  0.0000000E+00
        87      2 -0.1101652E-02  0.2868080E-03  0.0000000E+00  0.0000000E+00 -0.2502405E-02 -0.4622633E-08
        87      3 -0.2205133E-02  0.5759036E-03  0.0000000E+00  0.0000000E+00 -0.1002054E-01 -0.1851179E-07
        87      4 -0.5519830E-02  0.1471222E-02  0.0000000E+00  0.0000000E+00 -0.6284178E-01 -0.1160935E-06

        88      0  0.0000000E+00  0.0000000E+00  0.0000000E+00  0.0000000E+00  0.0000000E+00  0.0000000E+00
        88      1  0.0000000E+00  0.0000000E+00  0.0000000E+00  0.0000000E+00  0.0000000E+00  0.0000000E+00
        88      2  0.8494561E-03  0.1218890E-03  0.0000000E+00  0.0000000E+00 -0.2528550E-02 -0.4590004E-08
        88      3  0.1701000E-02  0.2424472E-03  0.0000000E+00  0.0000000E+00 -0.1012673E-01 -0.1838155E-07
        88      4  0.4294167E-02  0.5784790E-03  0.0000000E+00  0.0000000E+00 -0.6351359E-01 -0.1152936E-06

        89      0  0.0000000E+00  0.0000000E+00  0.0000000E+00  0.0000000E+00  0.0000000E+00  0.0000000E+00
        89      1  0.0000000E+00  0.0000000E+00  0.0000000E+00  0.0000000E+00  0.0000000E+00  0.0000000E+00
        89      2 -0.1171390E-04 -0.4449517E-03  0.0000000E+00  0.0000000E+00 -0.2559863E-02 -0.4630005E-08
        89      3 -0.3322297E-04 -0.8884912E-03  0.0000000E+00  0.0000000E+00 -0.1024534E-01 -0.1853971E-07
        89      4 -0.1975162E-03 -0.2201858E-02  0.0000000E+00  0.0000000E+00 -0.6423094E-01 -0.1162150E-06

        90      0  0.0000000E+00  0.0000000E+00  0.0000000E+00  0.0000000E+00  0.0000000E+00  0.0000000E+00
        90      1  0.0000000E+00  0.0000000E+00  0.0000000E+00  0.0000000E+00  0.0000000E+00  0.0000000E+00
        90      2 -0.8395278E-03  0.4599148E-03  0.0000000E+00  0.0000000E+00 -0.2584384E-02 -0.4771248E-08
        90      3 -0.1679115E-02  0.9212259E-03  0.0000000E+00  0.0000000E+00 -0.1035090E-01 -0.1910547E-07
        90      4 -0.4171157E-02  0.2320428E-02  0.0000000E+00  0.0000000E+00 -0.6492137E-01 -0.1197642E-06

        91      0  0.0000000E+00  0.0000000E+00  0.0000000E+00  0.0000000E+00  0.0000000E+00  0.0000000E+00
        91      1  0.0000000E+00  0.0000000E+00  0.0000000E+00  0.0000000E+00  0.0000000E+00  0.0000000E+00
        91      2  0.1103108E-02 -0.1549684E-03  0.0000000E+00  0.0000000E+00 -0.2612755E-02 -0.4809741E-08
        91      3  0.2206905E-02 -0.3122095E-03  0.0000000E+00  0.0000000E+00 -0.1046169E-01 -0.1926085E-07
        91      4  0.5527483E-02 -0.8153560E-03  0.0000000E+00  0.0000000E+00 -0.6560588E-01 -0.1207939E-06

        92      0  0.0000000E+00  0.0000000E+00  0.0000000E+00  0.0000000E+00  0.0000000E+00  0.0000000E+00
        92      1  0.0000000E+00  0.0000000E+00  0.0000000E+00  0.0000000E+00  0.0000000E+00  0.0000000E+00
        92      2 -0.6044343E-03 -0.2569402E-03  0.0000000E+00  0.0000000E+00 -0.2641615E-02 -0.4777510E-08
        92      3 -0.1217579E-02 -0.5109632E-03  0.0000000E+00  0.0000000E+00 -0.1057358E-01 -0.1913105E-07
        92      4 -0.3144143E-02 -0.1239175E-02  0.0000000E+00  0.0000000E+00 -0.6629289E-01 -0.1199572E-06

        93      0  0.0000000E+00  0.0000000E+00  0.0000000E+00  0.0000000E+00  0.0000000E+00  0.0000000E+00
        93      1  0.0000000E+00  0.0000000E+00  0.0000000E+00  0.0000000E+00  0.0000000E+00  0.0000000E+00
        93      2 -0.3189003E-03  0.4914514E-03  0.0000000E+00  0.0000000E+00 -0.2666017E-02 -0.4868897E-08
        93      3 -0.6368445E-03  0.9834931E-03  0.0000000E+00  0.0000000E+00 -0.1067889E-01 -0.1949555E-07
        93      4 -0.1544203E-02  0.2459747E-02  0.0000000E+00  0.0000000E+00 -0.6698225E-01 -0.1221843E-06

        94      0  0.0000000E+00  0.0000000E+00  0.0000000E+00  0.0000000E+00  0.0000000E+00  0.0000000E+00
        94      1  0.0000000E+00  0.0000000E+00  0.0000000E+00  0.0000000E+00  0.0000000E+00  0.0000000E+00
        94      2  0.1015468E-02 -0.3838813E-03  0.0000000E+00  0.0000000E+00 -0.2696824E-02 -0.4994435E-08
        94      3  0.2027811E-02 -0.7699659E-03  0.0000000E+00  0.0000000E+00 -0.1079601E-01 -0.1999897E-07
        94      4  0.5027211E-02 -0.1953516E-02  0.0000000E+00  0.0000000E+00 -0.6769339E-01 -0.1253722E-06

        95      0  0.0000000E+00  0.0000000E+00  0.0000000E+00  0.0000000E+00  0.0000000E+00  0.0000000E+00
        95      1  0.0000000E+00  0.0000000E+00  0.0000000E+00  0.0000000E+00  0.0000000E+00  0.0000000E+00
        95      2 -0.1010939E-02  0.1015098E-04  0.0000000E+00  0.0000000E+00 -0.2723189E-02 -0.4986471E-08
        95      3 -0.2027185E-02  0.2350984E-04  0.0000000E+00  0.0000000E+00 -0.1090217E-01 -0.1996877E-07
        95      4 -0.5125137E-02  0.1020751E-03  0.0000000E+00  0.0000000E+00 -0.6836152E-01 -0.1252407E-06

        96      0  0.0000000E+00  0.0000000E+00  0.0000000E+00  0.0000000E+00  0.0000000E+00  0.0000000E+00
        96      1  0.0000000E+00  0.0000000E+00  0.0000000E+00  0.0000000E+00  0.0000000E+00  0.0000000E+00
        96      2  0.3002112E-03  0.3714684E-03  0.0000000E+00  0.0000000E+00 -0.2747845E-02 -0.4983767E-08
        96      3  0.6023910E-03  0.7426148E-03  0.0000000E+00  0.0000000E+00 -0.1100642E-01 -0.1995682E-07
        96      4  0.1563265E-02  0.1840731E-02  0.0000000E+00  0.0000000E+00 -0.6903615E-01 -0.1251177E-06

        97      0  0.0000000E+00  0.0000000E+00  0.0000000E+00  0.0000000E+00  0.0000000E+00  0.0000000E+00
        97      1  0.0000000E+00  0.0000000E+00  0.0000000E+00  0.0000000E+00  0.0000000E+00  0.0000000E+00
        97      2  0.6138090E-03 -0.4940670E-03  0.0000000E+00  0.0000000E+00 -0.2779853E-02 -0.5113069E-08
        97      3  0.1219920E-02 -0.9888919E-03  0.0000000E+00  0.0000000E+00 -0.1112682E-01 -0.2047359E-07
        97      4  0.2954028E-02 -0.2479861E-02  0.0000000E+00  0.0000000E+00 -0.6976176E-01 -0.1283194E-06

        98      0  0.0000000E+00  0.0000000E+00  0.0000000E+00  0.0000000E+00  0.0000000E+00  0.0000000E+00
        98      1  0.0000000E+00  0.0000000E+00  0.0000000E+00  0.0000000E+00  0.0000000E+00  0.0000000E+00
        98      2 -0.1106489E-02  0.2741129E-03  0.0000000E+00  0.0000000E+00 -0.2804689E-02 -0.5198179E-08
        98      3 -0.2214878E-02  0.5507500E-03  0.0000000E+00  0.0000000E+00 -0.1123094E-01 -0.2081664E-07
        98      4 -0.5545136E-02  0.1412247E-02  0.0000000E+00  0.0000000E+00 -0.7043319E-01 -0.1305447E-06

        99      0  0.0000000E+00  0.0000000E+00  0.0000000E+00  0.0000000E+00  0.0000000E+00  0.0000000E+00
        99      1  0.0000000E+00  0.0000000E+00  0.0000000E+00  0.0000000E+00  0.0000000E+00  0.0000000E+00
        99      2  0.8267830E-03  0.1367524E-03  0.0000000E+00  0.0000000E+00 -0.2830457E-02 -0.5164163E-08
        99      3  0.1656002E-02  0.2720189E-03  0.0000000E+00  0.0000000E+00 -0.1133586E-01 -0.2068080E-07
        99      4  0.4188559E-02  0.6491805E-03  0.0000000E+00  0.0000000E+00 -0.7109794E-01 -0.1297080E-06

       100      0  0.0000000E+00  0.0000000E+00  0.0000000E+00  0.0000000E+00  0.0000000E+00  0.0000000E+00
       100      1  0.0000000E+00  0.0000000E+00  0.0000000E+00  0.0000000E+00  0.0000000E+00  0.0000000E+00
       100      2  0.2267686E-04 -0.4516483E-03  0.0000000E+00  0.0000000E+00 -0.2861591E-02 -0.5209610E-08
       100      3  0.3509155E-04 -0.9018960E-03  0.0000000E+00  0.0000000E+00 -0.1145363E-01 -0.2086061E-07
       100      4 -0.3531378E-04 -0.2234916E-02  0.0000000E+00  0.0000000E+00 -0.7180963E-01 -0.1307576E-06
