# number of rays:       5
# iteration   ray    X              A              Y              B              T              D
         0      0  0.0000000E+00  0.0000000E+00  0.0000000E+00  0.0000000E+00  0.0000000E+00  0.0000000E+00
         0      1  0.0000000E+00  0.0000000E+00  0.0000000E+00  0.0000000E+00  0.0000000E+00  0.0000000E+00
         0      2  0.1000000E-02  0.0000000E+00  0.0000000E+00  0.0000000E+00  0.0000000E+00  0.0000000E+00
         0      3  0.2000000E-02  0.0000000E+00  0.0000000E+00  0.0000000E+00  0.0000000E+00  0.0000000E+00
         0      4  0.5000000E-02  0.0000000E+00  0.0000000E+00  0.0000000E+00  0.0000000E+00  0.0000000E+00

         1      0  0.0000000E+00  0.0000000E+00  0.0000000E+00  0.0000000E+00  0.0000000E+00  0.0000000E+00
         1      1  0.0000000E+00  0.0000000E+00  0.0000000E+00  0.0000000E+00  0.0000000E+00  0.0000000E+00
         1      2  0.1232142E-04 -0.4469460E-03  0.0000000E+00  0.0000000E+00 -0.2746178E-04  0.2066760E-12
         1      3  0.1747975E-04 -0.8930963E-03  0.0000000E+00  0.0000000E+00 -0.1151496E-03  0.1765202E-11
         1      4 -0.2285857E-04 -0.2224238E-02  0.0000000E+00  0.0000000E+00 -0.7414338E-03  0.3280072E-10

         2      0  0.0000000E+00  0.0000000E+00  0.0000000E+00  0.0000000E+00  0.0000000E+00  0.0000000E+00
         2      1  0.0000000E+00  0.0000000E+00  0.0000000E+00  0.0000000E+00  0.0000000E+00  0.0000000E+00
         2      2 -0.1014432E-02  0.3853338E-03  0.0000000E+00  0.0000000E+00 -0.6058465E-04 -0.1400652E-09
         2      3 -0.2030393E-02  0.7721267E-03  0.0000000E+00  0.0000000E+00 -0.2421702E-03 -0.5601438E-09
         2      4 -0.5076642E-02  0.1948314E-02  0.0000000E+00  0.0000000E+00 -0.1517556E-02 -0.3495169E-08

         3      0  0.0000000E+00  0.0000000E+00  0.0000000E+00  0.0000000E+00  0.0000000E+00  0.0000000E+00
         3      1  0.0000000E+00  0.0000000E+00  0.0000000E+00  0.0000000E+00  0.0000000E+00  0.0000000E+00
         3      2  0.8565995E-03  0.1160608E-03  0.0000000E+00  0.0000000E+00 -0.8950741E-04 -0.1307196E-09
         3      3  0.1715179E-02  0.2308873E-03  0.0000000E+00  0.0000000E+00 -0.3576699E-03 -0.5235595E-09
         3      4  0.4327132E-02  0.5512393E-03  0.0000000E+00  0.0000000E+00 -0.2240677E-02 -0.3300632E-08

         4      0  0.0000000E+00  0.0000000E+00  0.0000000E+00  0.0000000E+00  0.0000000E+00  0.0000000E+00
         4      1  0.0000000E+00  0.0000000E+00  0.0000000E+00  0.0000000E+00  0.0000000E+00  0.0000000E+00
         4      2  0.2729019E-03 -0.4846572E-03  0.0000000E+00  0.0000000E+00 -0.1169038E-03 -0.1692750E-09
         4      3  0.5354666E-03 -0.9687777E-03  0.0000000E+00  0.0000000E+00 -0.4732931E-03 -0.6757998E-09
         4      4  0.1210937E-02 -0.2412469E-02  0.0000000E+00  0.0000000E+00 -0.2987474E-02 -0.4179381E-08

         5      0  0.0000000E+00  0.0000000E+00  0.0000000E+00  0.0000000E+00  0.0000000E+00  0.0000000E+00
         5      1  0.0000000E+00  0.0000000E+00  0.0000000E+00  0.0000000E+00  0.0000000E+00  0.0000000E+00
         5      2 -0.1095361E-02  0.3017922E-03  0.0000000E+00  0.0000000E+00 -0.1490896E-03 -0.2971817E-09
         5      3 -0.2192097E-02  0.6066936E-03  0.0000000E+00  0.0000000E+00 -0.5974504E-03 -0.1189476E-08
         5      4 -0.5476823E-02  0.1561988E-02  0.0000000E+00  0.0000000E+00 -0.3749599E-02 -0.7449705E-08

         6      0  0.0000000E+00  0.0000000E+00  0.0000000E+00  0.0000000E+00  0.0000000E+00  0.0000000E+00
         6      1  0.0000000E+00  0.0000000E+00  0.0000000E+00  0.0000000E+00  0.0000000E+00  0.0000000E+00
         6      2  0.6655908E-03  0.2256595E-03  0.0000000E+00  0.0000000E+00 -0.1788156E-03 -0.2647841E-09
         6      3  0.1336176E-02  0.4490499E-03  0.0000000E+00  0.0000000E+00 -0.7146530E-03 -0.1060652E-08
         6      4  0.3438636E-02  0.1074750E-02  0.0000000E+00  0.0000000E+00 -0.4477146E-02 -0.6680663E-08

         7      0  0.0000000E+00  0.0000000E+00  0.0000000E+00  0.0000000E+00  0.0000000E+00  0.0000000E+00
         7      1  0.0000000E+00  0.0000000E+00  0.0000000E+00  0.0000000E+00  0.0000000E+00  0.0000000E+00
         7      2  0.5183778E-03 -0.4954834E-03  0.0000000E+00  0.0000000E+00 -0.2061662E-03 -0.3448884E-09
         7      3  0.1024298E-02 -0.9914665E-03  0.0000000E+00  0.0000000E+00 -0.8305069E-03 -0.1378366E-08
         7      4  0.2385790E-02 -0.2481703E-02  0.0000000E+00  0.0000000E+00 -0.5226959E-02 -0.8550740E-08

         8      0  0.0000000E+00  0.0000000E+00  0.0000000E+00  0.0000000E+00  0.0000000E+00  0.0000000E+00
         8      1  0.0000000E+00  0.0000000E+00  0.0000000E+00  0.0000000E+00  0.0000000E+00  0.0000000E+00
         8      2 -0.1115736E-02  0.2015713E-03  0.0000000E+00  0.0000000E+00 -0.2372556E-03 -0.4436870E-09
         8      3 -0.2234705E-02  0.4083170E-03  0.0000000E+00  0.0000000E+00 -0.9514278E-03 -0.1777443E-08
         8      4 -0.5611239E-02  0.1099977E-02  0.0000000E+00  0.0000000E+00 -0.5973660E-02 -0.1117939E-07

         9      0  0.0000000E+00  0.0000000E+00  0.0000000E+00  0.0000000E+00  0.0000000E+00  0.0000000E+00
         9      1  0.0000000E+00  0.0000000E+00  0.0000000E+00  0.0000000E+00  0.0000000E+00  0.0000000E+00
         9      2  0.4376204E-03  0.3227073E-03  0.0000000E+00  0.0000000E+00 -0.2679144E-03 -0.4065390E-09
         9      3  0.8839222E-03  0.6425180E-03  0.0000000E+00  0.0000000E+00 -0.1070949E-02 -0.1628425E-08
         9      4  0.2379470E-02  0.1544483E-02  0.0000000E+00  0.0000000E+00 -0.6709595E-02 -0.1023582E-07

        10      0  0.0000000E+00  0.0000000E+00  0.0000000E+00  0.0000000E+00  0.0000000E+00  0.0000000E+00
        10      1  0.0000000E+00  0.0000000E+00  0.0000000E+00  0.0000000E+00  0.0000000E+00  0.0000000E+00
        10      2  0.7351045E-03 -0.4788000E-03  0.0000000E+00  0.0000000E+00 -0.2951971E-03 -0.5218766E-09
        10      3  0.1457130E-02 -0.9598282E-03  0.0000000E+00  0.0000000E+00 -0.1186603E-02 -0.2087283E-08
        10      4  0.3443232E-02 -0.2428022E-02  0.0000000E+00  0.0000000E+00 -0.7458947E-02 -0.1298259E-07

        11      0  0.0000000E+00  0.0000000E+00  0.0000000E+00  0.0000000E+00  0.0000000E+00  0.0000000E+00
        11      1  0.0000000E+00  0.0000000E+00  0.0000000E+00  0.0000000E+00  0.0000000E+00  0.0000000E+00
        11      2 -0.1074440E-02  0.9020927E-04  0.0000000E+00  0.0000000E+00 -0.3251601E-03 -0.5811774E-09
        11      3 -0.2155939E-02  0.1877663E-03  0.0000000E+00  0.0000000E+00 -0.1304361E-02 -0.2330002E-08
        11      4 -0.5473581E-02  0.5846621E-03  0.0000000E+00  0.0000000E+00 -0.8191016E-02 -0.1470896E-07

        12      0  0.0000000E+00  0.0000000E+00  0.0000000E+00  0.0000000E+00  0.0000000E+00  0.0000000E+00
        12      1  0.0000000E+00  0.0000000E+00  0.0000000E+00  0.0000000E+00  0.0000000E+00  0.0000000E+00
        12      2  0.1853787E-03  0.4018229E-03  0.0000000E+00  0.0000000E+00 -0.3567728E-03 -0.5586110E-09
        12      3  0.3833339E-03  0.8007154E-03  0.0000000E+00  0.0000000E+00 -0.1426469E-02 -0.2237119E-08
        12      4  0.1202890E-02  0.1937264E-02  0.0000000E+00  0.0000000E+00 -0.8937769E-02 -0.1402382E-07

        13      0  0.0000000E+00  0.0000000E+00  0.0000000E+00  0.0000000E+00  0.0000000E+00  0.0000000E+00
        13      1  0.0000000E+00  0.0000000E+00  0.0000000E+00  0.0000000E+00  0.0000000E+00  0.0000000E+00
        13      2  0.9110152E-03 -0.4355130E-03  0.0000000E+00  0.0000000E+00 -0.3839573E-03 -0.6951490E-09
        13      3  0.1810112E-02 -0.8755154E-03  0.0000000E+00  0.0000000E+00 -0.1541455E-02 -0.2782269E-08
        13      4  0.4330196E-02 -0.2253633E-02  0.0000000E+00  0.0000000E+00 -0.9682833E-02 -0.1736081E-07

        14      0  0.0000000E+00  0.0000000E+00  0.0000000E+00  0.0000000E+00  0.0000000E+00  0.0000000E+00
        14      1  0.0000000E+00  0.0000000E+00  0.0000000E+00  0.0000000E+00  0.0000000E+00  0.0000000E+00
        14      2 -0.9737494E-03 -0.2614262E-04  0.0000000E+00  0.0000000E+00 -0.4128834E-03 -0.7131928E-09
        14      3 -0.1960058E-02 -0.4299649E-04  0.0000000E+00  0.0000000E+00 -0.1656520E-02 -0.2860520E-08
        14      4 -0.5070472E-02  0.4093901E-04  0.0000000E+00  0.0000000E+00 -0.1040306E-01 -0.1809883E-07

        15      0  0.0000000E+00  0.0000000E+00  0.0000000E+00  0.0000000E+00  0.0000000E+00  0.0000000E+00
        15      1  0.0000000E+00  0.0000000E+00  0.0000000E+00  0.0000000E+00  0.0000000E+00  0.0000000E+00
        15      2 -0.7711428E-04  0.4586302E-03  0.0000000E+00  0.0000000E+00 -0.4453438E-03 -0.7213488E-09
        15      3 -0.1380973E-03  0.9150377E-03  0.0000000E+00  0.0000000E+00 -0.1781051E-02 -0.2887981E-08
        15      4 -0.3238867E-04  0.2233939E-02  0.0000000E+00  0.0000000E+00 -0.1116099E-01 -0.1805437E-07

        16      0  0.0000000E+00  0.0000000E+00  0.0000000E+00  0.0000000E+00  0.0000000E+00  0.0000000E+00
        16      1  0.0000000E+00  0.0000000E+00  0.0000000E+00  0.0000000E+00  0.0000000E+00  0.0000000E+00
        16      2  0.1036301E-02 -0.3680122E-03  0.0000000E+00  0.0000000E+00 -0.4724273E-03 -0.8604148E-09
        16      3  0.2063733E-02 -0.7430942E-03  0.0000000E+00  0.0000000E+00 -0.1895019E-02 -0.3445939E-08
        16      4  0.5001819E-02 -0.1966847E-02  0.0000000E+00  0.0000000E+00 -0.1189844E-01 -0.2157983E-07

        17      0  0.0000000E+00  0.0000000E+00  0.0000000E+00  0.0000000E+00  0.0000000E+00  0.0000000E+00
        17      1  0.0000000E+00  0.0000000E+00  0.0000000E+00  0.0000000E+00  0.0000000E+00  0.0000000E+00
        17      2 -0.8192127E-03 -0.1410564E-03  0.0000000E+00  0.0000000E+00 -0.5004953E-03 -0.8444661E-09
        17      3 -0.1657634E-02 -0.2714511E-03  0.0000000E+00  0.0000000E+00 -0.2008138E-02 -0.3387076E-08
        17      4 -0.4421171E-02 -0.5049124E-03  0.0000000E+00  0.0000000E+00 -0.1261100E-01 -0.2143548E-07

        18      0  0.0000000E+00  0.0000000E+00  0.0000000E+00  0.0000000E+00  0.0000000E+00  0.0000000E+00
        18      1  0.0000000E+00  0.0000000E+00  0.0000000E+00  0.0000000E+00  0.0000000E+00  0.0000000E+00
        18      2 -0.3352942E-03  0.4899991E-03  0.0000000E+00  0.0000000E+00 -0.5335729E-03 -0.8927721E-09
        18      3 -0.6518331E-03  0.9793138E-03  0.0000000E+00  0.0000000E+00 -0.2134491E-02 -0.3573188E-08
        18      4 -0.1265227E-02  0.2420284E-02  0.0000000E+00  0.0000000E+00 -0.1337826E-01 -0.2228978E-07

        19      0  0.0000000E+00  0.0000000E+00  0.0000000E+00  0.0000000E+00  0.0000000E+00  0.0000000E+00
        19      1  0.0000000E+00  0.0000000E+00  0.0000000E+00  0.0000000E+00  0.0000000E+00  0.0000000E+00
        19      2  0.1103965E-02 -0.2800415E-03  0.0000000E+00  0.0000000E+00 -0.5606082E-03 -0.1015148E-08
        19      3  0.2203936E-02 -0.5698040E-03  0.0000000E+00  0.0000000E+00 -0.2247338E-02 -0.4067762E-08
        19      4  0.5423885E-02 -0.1581729E-02  0.0000000E+00  0.0000000E+00 -0.1410603E-01 -0.2556569E-07

        20      0  0.0000000E+00  0.0000000E+00  0.0000000E+00  0.0000000E+00  0.0000000E+00  0.0000000E+00
        20      1  0.0000000E+00  0.0000000E+00  0.0000000E+00  0.0000000E+00  0.0000000E+00  0.0000000E+00
        20      2 -0.6193490E-03 -0.2481784E-03  0.0000000E+00  0.0000000E+00 -0.5880431E-03 -0.9799130E-09
        20      3 -0.1265006E-02 -0.4851834E-03  0.0000000E+00  0.0000000E+00 -0.2359362E-02 -0.3928759E-08
        20      4 -0.3556728E-02 -0.1026430E-02  0.0000000E+00  0.0000000E+00 -0.1481567E-01 -0.2481726E-07

        21      0  0.0000000E+00  0.0000000E+00  0.0000000E+00  0.0000000E+00  0.0000000E+00  0.0000000E+00
        21      1  0.0000000E+00  0.0000000E+00  0.0000000E+00  0.0000000E+00  0.0000000E+00  0.0000000E+00
        21      2 -0.5748610E-03  0.4942146E-03  0.0000000E+00  0.0000000E+00 -0.6214095E-03 -0.1069028E-08
        21      3 -0.1129855E-02  0.9901255E-03  0.0000000E+00  0.0000000E+00 -0.2486583E-02 -0.4277720E-08
        21      4 -0.2435123E-02  0.2487618E-02  0.0000000E+00  0.0000000E+00 -0.1558845E-01 -0.2665474E-07

        22      0  0.0000000E+00  0.0000000E+00  0.0000000E+00  0.0000000E+00  0.0000000E+00  0.0000000E+00
        22      1  0.0000000E+00  0.0000000E+00  0.0000000E+00  0.0000000E+00  0.0000000E+00  0.0000000E+00
        22      2  0.1110225E-02 -0.1764909E-03  0.0000000E+00  0.0000000E+00 -0.6485183E-03 -0.1159158E-08
        22      3  0.2222929E-02 -0.3651618E-03  0.0000000E+00  0.0000000E+00 -0.2598525E-02 -0.4646482E-08
        22      4  0.5574753E-02 -0.1117414E-02  0.0000000E+00  0.0000000E+00 -0.1630624E-01 -0.2929285E-07

        23      0  0.0000000E+00  0.0000000E+00  0.0000000E+00  0.0000000E+00  0.0000000E+00  0.0000000E+00
        23      1  0.0000000E+00  0.0000000E+00  0.0000000E+00  0.0000000E+00  0.0000000E+00  0.0000000E+00
        23      2 -0.3851866E-03 -0.3415777E-03  0.0000000E+00  0.0000000E+00 -0.6755454E-03 -0.1123573E-08
        23      3 -0.8034225E-03 -0.6725481E-03  0.0000000E+00  0.0000000E+00 -0.2710234E-02 -0.4501678E-08
        23      4 -0.2518625E-02 -0.1498193E-02  0.0000000E+00  0.0000000E+00 -0.1701731E-01 -0.2833716E-07

        24      0  0.0000000E+00  0.0000000E+00  0.0000000E+00  0.0000000E+00  0.0000000E+00  0.0000000E+00
        24      1  0.0000000E+00  0.0000000E+00  0.0000000E+00  0.0000000E+00  0.0000000E+00  0.0000000E+00
        24      2 -0.7825690E-03  0.4710664E-03  0.0000000E+00  0.0000000E+00 -0.7088186E-03 -0.1245246E-08
        24      3 -0.1546183E-02  0.9469745E-03  0.0000000E+00  0.0000000E+00 -0.2837167E-02 -0.4982685E-08
        24      4 -0.3485130E-02  0.2433142E-02  0.0000000E+00  0.0000000E+00 -0.1779051E-01 -0.3105254E-07

        25      0  0.0000000E+00  0.0000000E+00  0.0000000E+00  0.0000000E+00  0.0000000E+00  0.0000000E+00
        25      1  0.0000000E+00  0.0000000E+00  0.0000000E+00  0.0000000E+00  0.0000000E+00  0.0000000E+00
        25      2  0.1054726E-02 -0.6312283E-04  0.0000000E+00  0.0000000E+00 -0.7361860E-03 -0.1294640E-08
        25      3  0.2119639E-02 -0.1404323E-03  0.0000000E+00  0.0000000E+00 -0.2948734E-02 -0.5190440E-08
        25      4  0.5446595E-02 -0.5971410E-03  0.0000000E+00  0.0000000E+00 -0.1849994E-01 -0.3279007E-07

        26      0  0.0000000E+00  0.0000000E+00  0.0000000E+00  0.0000000E+00  0.0000000E+00  0.0000000E+00
        26      1  0.0000000E+00  0.0000000E+00  0.0000000E+00  0.0000000E+00  0.0000000E+00  0.0000000E+00
        26      2 -0.1296630E-03 -0.4160731E-03  0.0000000E+00  0.0000000E+00 -0.7629912E-03 -0.1277724E-08
        26      3 -0.2979279E-03 -0.8232980E-03  0.0000000E+00  0.0000000E+00 -0.3060686E-02 -0.5115482E-08
        26      4 -0.1356928E-02 -0.1897024E-02  0.0000000E+00  0.0000000E+00 -0.1921561E-01 -0.3206528E-07

        27      0  0.0000000E+00  0.0000000E+00  0.0000000E+00  0.0000000E+00  0.0000000E+00  0.0000000E+00
        27      1  0.0000000E+00  0.0000000E+00  0.0000000E+00  0.0000000E+00  0.0000000E+00  0.0000000E+00
        27      2 -0.9469524E-03  0.4218553E-03  0.0000000E+00  0.0000000E+00 -0.7957904E-03 -0.1416590E-08
        27      3 -0.1878260E-02  0.8522888E-03  0.0000000E+00  0.0000000E+00 -0.3186169E-02 -0.5669333E-08
        27      4 -0.4364525E-02  0.2259968E-02  0.0000000E+00  0.0000000E+00 -0.1998371E-01 -0.3538375E-07

        28      0  0.0000000E+00  0.0000000E+00  0.0000000E+00  0.0000000E+00  0.0000000E+00  0.0000000E+00
        28      1  0.0000000E+00  0.0000000E+00  0.0000000E+00  0.0000000E+00  0.0000000E+00  0.0000000E+00
        28      2  0.9405647E-03  0.5375200E-04  0.0000000E+00  0.0000000E+00 -0.8236392E-03 -0.1425676E-08
        28      3  0.1899781E-02  0.9200531E-04  0.0000000E+00  0.0000000E+00 -0.3298121E-02 -0.5715662E-08
        28      4  0.5045873E-02 -0.4703082E-04  0.0000000E+00  0.0000000E+00 -0.2068809E-01 -0.3613424E-07

        29      0  0.0000000E+00  0.0000000E+00  0.0000000E+00  0.0000000E+00  0.0000000E+00  0.0000000E+00
        29      1  0.0000000E+00  0.0000000E+00  0.0000000E+00  0.0000000E+00  0.0000000E+00  0.0000000E+00
        29      2  0.1330817E-03 -0.4675206E-03  0.0000000E+00  0.0000000E+00 -0.8503445E-03 -0.1442364E-08
        29      3  0.2239680E-03 -0.9291447E-03  0.0000000E+00  0.0000000E+00 -0.3410564E-02 -0.5771141E-08
        29      4 -0.1280281E-03 -0.2203117E-02  0.0000000E+00  0.0000000E+00 -0.2140980E-01 -0.3603394E-07

        30      0  0.0000000E+00  0.0000000E+00  0.0000000E+00  0.0000000E+00  0.0000000E+00  0.0000000E+00
        30      1  0.0000000E+00  0.0000000E+00  0.0000000E+00  0.0000000E+00  0.0000000E+00  0.0000000E+00
        30      2 -0.1058950E-02  0.3493178E-03  0.0000000E+00  0.0000000E+00 -0.8823448E-03 -0.1579299E-08
        30      3 -0.2108146E-02  0.7112761E-03  0.0000000E+00  0.0000000E+00 -0.3533622E-02 -0.6322932E-08
        30      4 -0.5031109E-02  0.1976886E-02  0.0000000E+00  0.0000000E+00 -0.2216778E-01 -0.3956386E-07

        31      0  0.0000000E+00  0.0000000E+00  0.0000000E+00  0.0000000E+00  0.0000000E+00  0.0000000E+00
        31      1  0.0000000E+00  0.0000000E+00  0.0000000E+00  0.0000000E+00  0.0000000E+00  0.0000000E+00
        31      2  0.7741114E-03  0.1676298E-03  0.0000000E+00  0.0000000E+00 -0.9108962E-03 -0.1557320E-08
        31      3  0.1575528E-02  0.3193543E-03  0.0000000E+00  0.0000000E+00 -0.3646805E-02 -0.6242221E-08
        31      4  0.4392986E-02  0.5052970E-03  0.0000000E+00  0.0000000E+00 -0.2287156E-01 -0.3943324E-07

        32      0  0.0000000E+00  0.0000000E+00  0.0000000E+00  0.0000000E+00  0.0000000E+00  0.0000000E+00
        32      1  0.0000000E+00  0.0000000E+00  0.0000000E+00  0.0000000E+00  0.0000000E+00  0.0000000E+00
        32      2  0.3884830E-03 -0.4930464E-03  0.0000000E+00  0.0000000E+00 -0.9375541E-03 -0.1615189E-08
        32      3  0.7337667E-03 -0.9842223E-03  0.0000000E+00  0.0000000E+00 -0.3759664E-02 -0.6460535E-08
        32      4  0.1107974E-02 -0.2401044E-02  0.0000000E+00  0.0000000E+00 -0.2359881E-01 -0.4022905E-07

        33      0  0.0000000E+00  0.0000000E+00  0.0000000E+00  0.0000000E+00  0.0000000E+00  0.0000000E+00
        33      1  0.0000000E+00  0.0000000E+00  0.0000000E+00  0.0000000E+00  0.0000000E+00  0.0000000E+00
        33      2 -0.1112395E-02  0.2574722E-03  0.0000000E+00  0.0000000E+00 -0.9685302E-03 -0.1731482E-08
        33      3 -0.2223451E-02  0.5316317E-03  0.0000000E+00  0.0000000E+00 -0.3879666E-02 -0.6935740E-08
        33      4 -0.5453080E-02  0.1597885E-02  0.0000000E+00  0.0000000E+00 -0.2434307E-01 -0.4353719E-07

        34      0  0.0000000E+00  0.0000000E+00  0.0000000E+00  0.0000000E+00  0.0000000E+00  0.0000000E+00
        34      1  0.0000000E+00  0.0000000E+00  0.0000000E+00  0.0000000E+00  0.0000000E+00  0.0000000E+00
        34      2  0.5646490E-03  0.2721794E-03  0.0000000E+00  0.0000000E+00 -0.9979579E-03 -0.1694465E-08
        34      3  0.1164810E-02  0.5291203E-03  0.0000000E+00  0.0000000E+00 -0.3994836E-02 -0.6789709E-08
        34      4  0.3521129E-02  0.1032190E-02  0.0000000E+00  0.0000000E+00 -0.2505095E-01 -0.4280233E-07

        35      0  0.0000000E+00  0.0000000E+00  0.0000000E+00  0.0000000E+00  0.0000000E+00  0.0000000E+00
        35      1  0.0000000E+00  0.0000000E+00  0.0000000E+00  0.0000000E+00  0.0000000E+00  0.0000000E+00
        35      2  0.6223582E-03 -0.4912106E-03  0.0000000E+00  0.0000000E+00 -0.1024565E-02 -0.1792072E-08
        35      3  0.1203532E-02 -0.9854251E-03  0.0000000E+00  0.0000000E+00 -0.4107779E-02 -0.7168031E-08
        35      4  0.2290134E-02 -0.2480581E-02  0.0000000E+00  0.0000000E+00 -0.2578152E-01 -0.4459028E-07

        36      0  0.0000000E+00  0.0000000E+00  0.0000000E+00  0.0000000E+00  0.0000000E+00  0.0000000E+00
        36      1  0.0000000E+00  0.0000000E+00  0.0000000E+00  0.0000000E+00  0.0000000E+00  0.0000000E+00
        36      2 -0.1104351E-02  0.1513971E-03  0.0000000E+00  0.0000000E+00 -0.1054417E-02 -0.1873514E-08
        36      3 -0.2217979E-02  0.3231210E-03  0.0000000E+00  0.0000000E+00 -0.4224529E-02 -0.7508538E-08
        36      4 -0.5610411E-02  0.1141456E-02  0.0000000E+00  0.0000000E+00 -0.2651044E-01 -0.4728537E-07

        37      0  0.0000000E+00  0.0000000E+00  0.0000000E+00  0.0000000E+00  0.0000000E+00  0.0000000E+00
        37      1  0.0000000E+00  0.0000000E+00  0.0000000E+00  0.0000000E+00  0.0000000E+00  0.0000000E+00
        37      2  0.3238464E-03  0.3615971E-03  0.0000000E+00  0.0000000E+00 -0.1084804E-02 -0.1840767E-08
        37      3  0.6902918E-03  0.7098093E-03  0.0000000E+00  0.0000000E+00 -0.4342180E-02 -0.7372911E-08
        37      4  0.2474439E-02  0.1507416E-02  0.0000000E+00  0.0000000E+00 -0.2722648E-01 -0.4633968E-07

        38      0  0.0000000E+00  0.0000000E+00  0.0000000E+00  0.0000000E+00  0.0000000E+00  0.0000000E+00
        38      1  0.0000000E+00  0.0000000E+00  0.0000000E+00  0.0000000E+00  0.0000000E+00  0.0000000E+00
        38      2  0.8216973E-03 -0.4620925E-03  0.0000000E+00  0.0000000E+00 -0.1111330E-02 -0.1967962E-08
        38      3  0.1607430E-02 -0.9325974E-03  0.0000000E+00  0.0000000E+00 -0.4454741E-02 -0.7873801E-08
        38      4  0.3359663E-02 -0.2437300E-02  0.0000000E+00  0.0000000E+00 -0.2795696E-01 -0.4902124E-07

        39      0  0.0000000E+00  0.0000000E+00  0.0000000E+00  0.0000000E+00  0.0000000E+00  0.0000000E+00
        39      1  0.0000000E+00  0.0000000E+00  0.0000000E+00  0.0000000E+00  0.0000000E+00  0.0000000E+00
        39      2 -0.1035264E-02  0.3695238E-04  0.0000000E+00  0.0000000E+00 -0.1140086E-02 -0.2007954E-08
        39      3 -0.2092040E-02  0.9705741E-04  0.0000000E+00  0.0000000E+00 -0.4568480E-02 -0.8050448E-08
        39      4 -0.5495699E-02  0.6297171E-03  0.0000000E+00  0.0000000E+00 -0.2867115E-01 -0.5082983E-07

        40      0  0.0000000E+00  0.0000000E+00  0.0000000E+00  0.0000000E+00  0.0000000E+00  0.0000000E+00
        40      1  0.0000000E+00  0.0000000E+00  0.0000000E+00  0.0000000E+00  0.0000000E+00  0.0000000E+00
        40      2  0.6509912E-04  0.4309298E-03  0.0000000E+00  0.0000000E+00 -0.1171396E-02 -0.1997845E-08
        40      3  0.1780836E-03  0.8515613E-03  0.0000000E+00  0.0000000E+00 -0.4688714E-02 -0.7998652E-08
        40      4  0.1305576E-02  0.1907510E-02  0.0000000E+00  0.0000000E+00 -0.2939793E-01 -0.5010674E-07

        41      0  0.0000000E+00  0.0000000E+00  0.0000000E+00  0.0000000E+00  0.0000000E+00  0.0000000E+00
        41      1  0.0000000E+00  0.0000000E+00  0.0000000E+00  0.0000000E+00  0.0000000E+00  0.0000000E+00
        41      2  0.9753935E-03 -0.4072911E-03  0.0000000E+00  0.0000000E+00 -0.1197819E-02 -0.2137998E-08
        41      3  0.1923178E-02 -0.8285621E-03  0.0000000E+00  0.0000000E+00 -0.4800455E-02 -0.8558177E-08
        41      4  0.4262924E-02 -0.2272886E-02  0.0000000E+00  0.0000000E+00 -0.3012450E-01 -0.5340821E-07

        42      0  0.0000000E+00  0.0000000E+00  0.0000000E+00  0.0000000E+00  0.0000000E+00  0.0000000E+00
        42      1  0.0000000E+00  0.0000000E+00  0.0000000E+00  0.0000000E+00  0.0000000E+00  0.0000000E+00
        42      2 -0.9089411E-03 -0.7954036E-04  0.0000000E+00  0.0000000E+00 -0.1225613E-02 -0.2139005E-08
        42      3 -0.1852434E-02 -0.1342982E-03  0.0000000E+00  0.0000000E+00 -0.4911780E-02 -0.8577092E-08
        42      4 -0.5114480E-02  0.8739401E-04  0.0000000E+00  0.0000000E+00 -0.3082660E-01 -0.5422828E-07

        43      0  0.0000000E+00  0.0000000E+00  0.0000000E+00  0.0000000E+00  0.0000000E+00  0.0000000E+00
        43      1  0.0000000E+00  0.0000000E+00  0.0000000E+00  0.0000000E+00  0.0000000E+00  0.0000000E+00
        43      2 -0.1972226E-03  0.4763485E-03  0.0000000E+00  0.0000000E+00 -0.1257682E-02 -0.2164951E-08
        43      3 -0.3437221E-03  0.9466864E-03  0.0000000E+00  0.0000000E+00 -0.5034257E-02 -0.8664487E-08
        43      4  0.7290945E-04  0.2212940E-02  0.0000000E+00  0.0000000E+00 -0.3156466E-01 -0.5411741E-07

        44      0  0.0000000E+00  0.0000000E+00  0.0000000E+00  0.0000000E+00  0.0000000E+00  0.0000000E+00
        44      1  0.0000000E+00  0.0000000E+00  0.0000000E+00  0.0000000E+00  0.0000000E+00  0.0000000E+00
        44      2  0.1074871E-02 -0.3298398E-03  0.0000000E+00  0.0000000E+00 -0.1284022E-02 -0.2298602E-08
        44      3  0.2133303E-02 -0.6789800E-03  0.0000000E+00  0.0000000E+00 -0.5144912E-02 -0.9206077E-08
        44      4  0.4954259E-02 -0.1995143E-02  0.0000000E+00  0.0000000E+00 -0.3228391E-01 -0.5764395E-07

        45      0  0.0000000E+00  0.0000000E+00  0.0000000E+00  0.0000000E+00  0.0000000E+00  0.0000000E+00
        45      1  0.0000000E+00  0.0000000E+00  0.0000000E+00  0.0000000E+00  0.0000000E+00  0.0000000E+00
        45      2 -0.7323442E-03 -0.1916435E-03  0.0000000E+00  0.0000000E+00 -0.1311060E-02 -0.2271615E-08
        45      3 -0.1512098E-02 -0.3583874E-03  0.0000000E+00  0.0000000E+00 -0.5254633E-02 -0.9107425E-08
        45      4 -0.4484967E-02 -0.4593047E-03  0.0000000E+00  0.0000000E+00 -0.3297802E-01 -0.5756549E-07

        46      0  0.0000000E+00  0.0000000E+00  0.0000000E+00  0.0000000E+00  0.0000000E+00  0.0000000E+00
        46      1  0.0000000E+00  0.0000000E+00  0.0000000E+00  0.0000000E+00  0.0000000E+00  0.0000000E+00
        46      2 -0.4485756E-03  0.4953574E-03  0.0000000E+00  0.0000000E+00 -0.1343607E-02 -0.2339159E-08
        46      3 -0.8466060E-03  0.9900720E-03  0.0000000E+00  0.0000000E+00 -0.5378598E-02 -0.9359430E-08
        46      4 -0.1162509E-02  0.2409034E-02  0.0000000E+00  0.0000000E+00 -0.3372571E-01 -0.5833775E-07

        47      0  0.0000000E+00  0.0000000E+00  0.0000000E+00  0.0000000E+00  0.0000000E+00  0.0000000E+00
        47      1  0.0000000E+00  0.0000000E+00  0.0000000E+00  0.0000000E+00  0.0000000E+00  0.0000000E+00
        47      2  0.1114571E-02 -0.2340395E-03  0.0000000E+00  0.0000000E+00 -0.1369948E-02 -0.2448279E-08
        47      3  0.2226146E-02 -0.4920463E-03  0.0000000E+00  0.0000000E+00 -0.5488185E-02 -0.9810456E-08
        47      4  0.5398469E-02 -0.1617670E-02  0.0000000E+00  0.0000000E+00 -0.3443544E-01 -0.6165106E-07

        48      0  0.0000000E+00  0.0000000E+00  0.0000000E+00  0.0000000E+00  0.0000000E+00  0.0000000E+00
        48      1  0.0000000E+00  0.0000000E+00  0.0000000E+00  0.0000000E+00  0.0000000E+00  0.0000000E+00
        48      2 -0.5152120E-03 -0.2931552E-03  0.0000000E+00  0.0000000E+00 -0.1396461E-02 -0.2410426E-08
        48      3 -0.1089428E-02 -0.5630219E-03  0.0000000E+00  0.0000000E+00 -0.5597145E-02 -0.9659822E-08
        48      4 -0.3637259E-02 -0.9838854E-03  0.0000000E+00  0.0000000E+00 -0.3512627E-01 -0.6093942E-07

        49      0  0.0000000E+00  0.0000000E+00  0.0000000E+00  0.0000000E+00  0.0000000E+00  0.0000000E+00
        49      1  0.0000000E+00  0.0000000E+00  0.0000000E+00  0.0000000E+00  0.0000000E+00  0.0000000E+00
        49      2 -0.6750493E-03  0.4869269E-03  0.0000000E+00  0.0000000E+00 -0.1429126E-02 -0.2516026E-08
        49      3 -0.1303180E-02  0.9794434E-03  0.0000000E+00  0.0000000E+00 -0.5721543E-02 -0.1006647E-07
        49      4 -0.2340005E-02  0.2486629E-02  0.0000000E+00  0.0000000E+00 -0.3587993E-01 -0.6269505E-07

        50      0  0.0000000E+00  0.0000000E+00  0.0000000E+00  0.0000000E+00  0.0000000E+00  0.0000000E+00
        50      1  0.0000000E+00  0.0000000E+00  0.0000000E+00  0.0000000E+00  0.0000000E+00  0.0000000E+00
        50      2  0.1092272E-02 -0.1252188E-03  0.0000000E+00  0.0000000E+00 -0.1455622E-02 -0.2587965E-08
        50      3  0.2196539E-02 -0.2780388E-03  0.0000000E+00  0.0000000E+00 -0.5830407E-02 -0.1037394E-07
        50      4  0.5572789E-02 -0.1159209E-02  0.0000000E+00  0.0000000E+00 -0.3657968E-01 -0.6539947E-07

        51      0  0.0000000E+00  0.0000000E+00  0.0000000E+00  0.0000000E+00  0.0000000E+00  0.0000000E+00
        51      1  0.0000000E+00  0.0000000E+00  0.0000000E+00  0.0000000E+00  0.0000000E+00  0.0000000E+00
        51      2 -0.2695323E-03 -0.3784507E-03  0.0000000E+00  0.0000000E+00 -0.1481821E-02 -0.2558757E-08
        51      3 -0.6073214E-03 -0.7370373E-03  0.0000000E+00  0.0000000E+00 -0.5939314E-02 -0.1024820E-07
        51      4 -0.2612019E-02 -0.1460792E-02  0.0000000E+00  0.0000000E+00 -0.3727167E-01 -0.6444423E-07

        52      0  0.0000000E+00  0.0000000E+00  0.0000000E+00  0.0000000E+00  0.0000000E+00  0.0000000E+00
        52      1  0.0000000E+00  0.0000000E+00  0.0000000E+00  0.0000000E+00  0.0000000E+00  0.0000000E+00
        52      2 -0.8641314E-03  0.4515458E-03  0.0000000E+00  0.0000000E+00 -0.1514216E-02 -0.2690560E-08
        52      3 -0.1688660E-02  0.9154671E-03  0.0000000E+00  0.0000000E+00 -0.6062963E-02 -0.1076629E-07
        52      4 -0.3402226E-02  0.2442421E-02  0.0000000E+00  0.0000000E+00 -0.3802626E-01 -0.6709371E-07

        53      0  0.0000000E+00  0.0000000E+00  0.0000000E+00  0.0000000E+00  0.0000000E+00  0.0000000E+00
        53      1  0.0000000E+00  0.0000000E+00  0.0000000E+00  0.0000000E+00  0.0000000E+00  0.0000000E+00
        53      2  0.1009216E-02 -0.9434643E-05  0.0000000E+00  0.0000000E+00 -0.1541072E-02 -0.2720813E-08
        53      3  0.2046108E-02 -0.4874299E-04  0.0000000E+00  0.0000000E+00 -0.6171739E-02 -0.1090825E-07
        53      4  0.5468195E-02 -0.6426934E-03  0.0000000E+00  0.0000000E+00 -0.3871750E-01 -0.6891345E-07

        54      0  0.0000000E+00  0.0000000E+00  0.0000000E+00  0.0000000E+00  0.0000000E+00  0.0000000E+00
        54      1  0.0000000E+00  0.0000000E+00  0.0000000E+00  0.0000000E+00  0.0000000E+00  0.0000000E+00
        54      2 -0.8888683E-05 -0.4427928E-03  0.0000000E+00  0.0000000E+00 -0.1567116E-02 -0.2717875E-08
        54      3 -0.9196490E-04 -0.8708984E-03  0.0000000E+00  0.0000000E+00 -0.6281035E-02 -0.1087895E-07
        54      4 -0.1458670E-02 -0.1866612E-02  0.0000000E+00  0.0000000E+00 -0.3941394E-01 -0.6815257E-07

        55      0  0.0000000E+00  0.0000000E+00  0.0000000E+00  0.0000000E+00  0.0000000E+00  0.0000000E+00
        55      1  0.0000000E+00  0.0000000E+00  0.0000000E+00  0.0000000E+00  0.0000000E+00  0.0000000E+00
        55      2 -0.1005391E-02  0.3911892E-03  0.0000000E+00  0.0000000E+00 -0.1598880E-02 -0.2858303E-08
        55      3 -0.1982187E-02  0.8016961E-03  0.0000000E+00  0.0000000E+00 -0.6402823E-02 -0.1144130E-07
        55      4 -0.4297827E-02  0.2279027E-02  0.0000000E+00  0.0000000E+00 -0.4016393E-01 -0.7143380E-07

        56      0  0.0000000E+00  0.0000000E+00  0.0000000E+00  0.0000000E+00  0.0000000E+00  0.0000000E+00
        56      1  0.0000000E+00  0.0000000E+00  0.0000000E+00  0.0000000E+00  0.0000000E+00  0.0000000E+00
        56      2  0.8700368E-03  0.1068681E-03  0.0000000E+00  0.0000000E+00 -0.1626324E-02 -0.2851483E-08
        56      3  0.1783180E-02  0.1832112E-03  0.0000000E+00  0.0000000E+00 -0.6512327E-02 -0.1143153E-07
        56      4  0.5089939E-02 -0.9405303E-04  0.0000000E+00  0.0000000E+00 -0.4084986E-01 -0.7226633E-07

        57      0  0.0000000E+00  0.0000000E+00  0.0000000E+00  0.0000000E+00  0.0000000E+00  0.0000000E+00
        57      1  0.0000000E+00  0.0000000E+00  0.0000000E+00  0.0000000E+00  0.0000000E+00  0.0000000E+00
        57      2  0.2522845E-03 -0.4825964E-03  0.0000000E+00  0.0000000E+00 -0.1652303E-02 -0.2886691E-08
        57      3  0.4285580E-03 -0.9572258E-03  0.0000000E+00  0.0000000E+00 -0.6622128E-02 -0.1154939E-07
        57      4 -0.2331636E-03 -0.2181215E-02  0.0000000E+00  0.0000000E+00 -0.4155234E-01 -0.7210040E-07

        58      0  0.0000000E+00  0.0000000E+00  0.0000000E+00  0.0000000E+00  0.0000000E+00  0.0000000E+00
        58      1  0.0000000E+00  0.0000000E+00  0.0000000E+00  0.0000000E+00  0.0000000E+00  0.0000000E+00
        58      2 -0.1091047E-02  0.3092062E-03  0.0000000E+00  0.0000000E+00 -0.1683152E-02 -0.3016275E-08
        58      3 -0.2167918E-02  0.6443640E-03  0.0000000E+00  0.0000000E+00 -0.6741201E-02 -0.1207923E-07
        58      4 -0.4983809E-02  0.2004774E-02  0.0000000E+00  0.0000000E+00 -0.4229265E-01 -0.7562895E-07

        59      0  0.0000000E+00  0.0000000E+00  0.0000000E+00  0.0000000E+00  0.0000000E+00  0.0000000E+00
        59      1  0.0000000E+00  0.0000000E+00  0.0000000E+00  0.0000000E+00  0.0000000E+00  0.0000000E+00
        59      2  0.6824999E-03  0.2172197E-03  0.0000000E+00  0.0000000E+00 -0.1711388E-02 -0.2985100E-08
        59      3  0.1422308E-02  0.4050609E-03  0.0000000E+00  0.0000000E+00 -0.6852264E-02 -0.1196420E-07
        59      4  0.4457277E-02  0.4591638E-03  0.0000000E+00  0.0000000E+00 -0.4297763E-01 -0.7556422E-07

        60      0  0.0000000E+00  0.0000000E+00  0.0000000E+00  0.0000000E+00  0.0000000E+00  0.0000000E+00
        60      1  0.0000000E+00  0.0000000E+00  0.0000000E+00  0.0000000E+00  0.0000000E+00  0.0000000E+00
        60      2  0.4994980E-03 -0.4956313E-03  0.0000000E+00  0.0000000E+00 -0.1737326E-02 -0.3061974E-08
        60      3  0.9257844E-03 -0.9912123E-03  0.0000000E+00  0.0000000E+00 -0.6962382E-02 -0.1224813E-07
        60      4  0.1004606E-02 -0.2388767E-02  0.0000000E+00  0.0000000E+00 -0.4368582E-01 -0.7627767E-07

        61      0  0.0000000E+00  0.0000000E+00  0.0000000E+00  0.0000000E+00  0.0000000E+00  0.0000000E+00
        61      1  0.0000000E+00  0.0000000E+00  0.0000000E+00  0.0000000E+00  0.0000000E+00  0.0000000E+00
        61      2 -0.1116386E-02  0.2101339E-03  0.0000000E+00  0.0000000E+00 -0.1767090E-02 -0.3163605E-08
        61      3 -0.2235854E-02  0.4520408E-03  0.0000000E+00  0.0000000E+00 -0.7078276E-02 -0.1267564E-07
        61      4 -0.5427430E-02  0.1633233E-02  0.0000000E+00  0.0000000E+00 -0.4441269E-01 -0.7962062E-07

        62      0  0.0000000E+00  0.0000000E+00  0.0000000E+00  0.0000000E+00  0.0000000E+00  0.0000000E+00
        62      1  0.0000000E+00  0.0000000E+00  0.0000000E+00  0.0000000E+00  0.0000000E+00  0.0000000E+00
        62      2  0.4570594E-03  0.3154891E-03  0.0000000E+00  0.0000000E+00 -0.1796257E-02 -0.3126110E-08
        62      3  0.9834341E-03  0.6046266E-03  0.0000000E+00  0.0000000E+00 -0.7191568E-02 -0.1252442E-07
        62      4  0.3602381E-02  0.9892510E-03  0.0000000E+00  0.0000000E+00 -0.4510144E-01 -0.7892273E-07

        63      0  0.0000000E+00  0.0000000E+00  0.0000000E+00  0.0000000E+00  0.0000000E+00  0.0000000E+00
        63      1  0.0000000E+00  0.0000000E+00  0.0000000E+00  0.0000000E+00  0.0000000E+00  0.0000000E+00
        63      2  0.7190127E-03 -0.4811504E-03  0.0000000E+00  0.0000000E+00 -0.1822132E-02 -0.3239043E-08
        63      3  0.1372429E-02 -0.9709045E-03  0.0000000E+00  0.0000000E+00 -0.7301601E-02 -0.1295741E-07
        63      4  0.2193649E-02 -0.2478576E-02  0.0000000E+00  0.0000000E+00 -0.4581325E-01 -0.8062773E-07

        64      0  0.0000000E+00  0.0000000E+00  0.0000000E+00  0.0000000E+00  0.0000000E+00  0.0000000E+00
        64      1  0.0000000E+00  0.0000000E+00  0.0000000E+00  0.0000000E+00  0.0000000E+00  0.0000000E+00
        64      2 -0.1080017E-02  0.9944760E-04  0.0000000E+00  0.0000000E+00 -0.1850772E-02 -0.3301713E-08
        64      3 -0.2182350E-02  0.2351713E-03  0.0000000E+00  0.0000000E+00 -0.7414296E-02 -0.1323471E-07
        64      4 -0.5607625E-02  0.1182546E-02  0.0000000E+00  0.0000000E+00 -0.4652489E-01 -0.8338709E-07

        65      0  0.0000000E+00  0.0000000E+00  0.0000000E+00  0.0000000E+00  0.0000000E+00  0.0000000E+00
        65      1  0.0000000E+00  0.0000000E+00  0.0000000E+00  0.0000000E+00  0.0000000E+00  0.0000000E+00
        65      2  0.2062664E-03  0.3962260E-03  0.0000000E+00  0.0000000E+00 -0.1880899E-02 -0.3277306E-08
        65      3  0.4907490E-03  0.7709892E-03  0.0000000E+00  0.0000000E+00 -0.7530169E-02 -0.1312413E-07
        65      4  0.2568550E-02  0.1469802E-02  0.0000000E+00  0.0000000E+00 -0.4722155E-01 -0.8244233E-07

        66      0  0.0000000E+00  0.0000000E+00  0.0000000E+00  0.0000000E+00  0.0000000E+00  0.0000000E+00
        66      1  0.0000000E+00  0.0000000E+00  0.0000000E+00  0.0000000E+00  0.0000000E+00  0.0000000E+00
        66      2  0.8986079E-03 -0.4399367E-03  0.0000000E+00  0.0000000E+00 -0.1906683E-02 -0.3412791E-08
        66      3  0.1743896E-02 -0.8973305E-03  0.0000000E+00  0.0000000E+00 -0.7639644E-02 -0.1365691E-07
        66      4  0.3274880E-02 -0.2445709E-02  0.0000000E+00  0.0000000E+00 -0.4793364E-01 -0.8505659E-07

        67      0  0.0000000E+00  0.0000000E+00  0.0000000E+00  0.0000000E+00  0.0000000E+00  0.0000000E+00
        67      1  0.0000000E+00  0.0000000E+00  0.0000000E+00  0.0000000E+00  0.0000000E+00  0.0000000E+00
        67      2 -0.9839469E-03 -0.1673890E-04  0.0000000E+00  0.0000000E+00 -0.1934278E-02 -0.3434004E-08
        67      3 -0.2010305E-02  0.5518698E-05  0.0000000E+00  0.0000000E+00 -0.7749536E-02 -0.1376845E-07
        67      4 -0.5515906E-02  0.6745623E-03  0.0000000E+00  0.0000000E+00 -0.4863048E-01 -0.8694649E-07

        68      0  0.0000000E+00  0.0000000E+00  0.0000000E+00  0.0000000E+00  0.0000000E+00  0.0000000E+00
        68      1  0.0000000E+00  0.0000000E+00  0.0000000E+00  0.0000000E+00  0.0000000E+00  0.0000000E+00
        68      2 -0.5593821E-04  0.4549637E-03  0.0000000E+00  0.0000000E+00 -0.1965271E-02 -0.3439229E-08
        68      3 -0.2867038E-04  0.8950894E-03  0.0000000E+00  0.0000000E+00 -0.7867919E-02 -0.1376653E-07
        68      4  0.1407828E-02  0.1877069E-02  0.0000000E+00  0.0000000E+00 -0.4933779E-01 -0.8618815E-07

        69      0  0.0000000E+00  0.0000000E+00  0.0000000E+00  0.0000000E+00  0.0000000E+00  0.0000000E+00
        69      1  0.0000000E+00  0.0000000E+00  0.0000000E+00  0.0000000E+00  0.0000000E+00  0.0000000E+00
        69      2  0.1028270E-02 -0.3742644E-03  0.0000000E+00  0.0000000E+00 -0.1990955E-02 -0.3578823E-08
        69      3  0.2019668E-02 -0.7744612E-03  0.0000000E+00  0.0000000E+00 -0.7976447E-02 -0.1432827E-07
        69      4  0.4194112E-02 -0.2291328E-02  0.0000000E+00  0.0000000E+00 -0.5004634E-01 -0.8945113E-07

        70      0  0.0000000E+00  0.0000000E+00  0.0000000E+00  0.0000000E+00  0.0000000E+00  0.0000000E+00
        70      1  0.0000000E+00  0.0000000E+00  0.0000000E+00  0.0000000E+00  0.0000000E+00  0.0000000E+00
        70      2 -0.8334686E-03 -0.1320069E-03  0.0000000E+00  0.0000000E+00 -0.2017680E-02 -0.3565150E-08
        70      3 -0.1729005E-02 -0.2244591E-03  0.0000000E+00  0.0000000E+00 -0.8084237E-02 -0.1429423E-07
        70      4 -0.5156712E-02  0.1338285E-03  0.0000000E+00  0.0000000E+00 -0.5073084E-01 -0.9035373E-07

        71      0  0.0000000E+00  0.0000000E+00  0.0000000E+00  0.0000000E+00  0.0000000E+00  0.0000000E+00
        71      1  0.0000000E+00  0.0000000E+00  0.0000000E+00  0.0000000E+00  0.0000000E+00  0.0000000E+00
        71      2 -0.3150036E-03  0.4884646E-03  0.0000000E+00  0.0000000E+00 -0.2049316E-02 -0.3610075E-08
        71      3 -0.5463750E-03  0.9702153E-03  0.0000000E+00  0.0000000E+00 -0.8204617E-02 -0.1444559E-07
        71      4  0.1782142E-03  0.2191149E-02  0.0000000E+00  0.0000000E+00 -0.5144954E-01 -0.9017826E-07

        72      0  0.0000000E+00  0.0000000E+00  0.0000000E+00  0.0000000E+00  0.0000000E+00  0.0000000E+00
        72      1  0.0000000E+00  0.0000000E+00  0.0000000E+00  0.0000000E+00  0.0000000E+00  0.0000000E+00
        72      2  0.1100760E-02 -0.2877749E-03  0.0000000E+00  0.0000000E+00 -0.2074950E-02 -0.3734444E-08
        72      3  0.2184466E-02 -0.6090045E-03  0.0000000E+00  0.0000000E+00 -0.8312036E-02 -0.1495928E-07
        72      4  0.4904909E-02 -0.2022729E-02  0.0000000E+00  0.0000000E+00 -0.5215108E-01 -0.9370259E-07

        73      0  0.0000000E+00  0.0000000E+00  0.0000000E+00  0.0000000E+00  0.0000000E+00  0.0000000E+00
        73      1  0.0000000E+00  0.0000000E+00  0.0000000E+00  0.0000000E+00  0.0000000E+00  0.0000000E+00
        73      2 -0.6368772E-03 -0.2399838E-03  0.0000000E+00  0.0000000E+00 -0.2101026E-02 -0.3700093E-08
        73      3 -0.1353643E-02 -0.4422703E-03  0.0000000E+00  0.0000000E+00 -0.8418569E-02 -0.1483125E-07
        73      4 -0.4547210E-02 -0.4135267E-03  0.0000000E+00  0.0000000E+00 -0.5282726E-01 -0.9369177E-07

        74      0  0.0000000E+00  0.0000000E+00  0.0000000E+00  0.0000000E+00  0.0000000E+00  0.0000000E+00
        74      1  0.0000000E+00  0.0000000E+00  0.0000000E+00  0.0000000E+00  0.0000000E+00  0.0000000E+00
        74      2 -0.5565790E-03  0.4948951E-03  0.0000000E+00  0.0000000E+00 -0.2132984E-02 -0.3786115E-08
        74      3 -0.1034109E-02  0.9923540E-03  0.0000000E+00  0.0000000E+00 -0.8540055E-02 -0.1514757E-07
        74      4 -0.1059346E-02  0.2396930E-02  0.0000000E+00  0.0000000E+00 -0.5355585E-01 -0.9438252E-07

        75      0  0.0000000E+00  0.0000000E+00  0.0000000E+00  0.0000000E+00  0.0000000E+00  0.0000000E+00
        75      1  0.0000000E+00  0.0000000E+00  0.0000000E+00  0.0000000E+00  0.0000000E+00  0.0000000E+00
        75      2  0.1112025E-02 -0.1852755E-03  0.0000000E+00  0.0000000E+00 -0.2158683E-02 -0.3879267E-08
        75      3  0.2229139E-02 -0.4100404E-03  0.0000000E+00  0.0000000E+00 -0.8646512E-02 -0.1554663E-07
        75      4  0.5371104E-02 -0.1653039E-02  0.0000000E+00  0.0000000E+00 -0.5424806E-01 -0.9773026E-07

        76      0  0.0000000E+00  0.0000000E+00  0.0000000E+00  0.0000000E+00  0.0000000E+00  0.0000000E+00
        76      1  0.0000000E+00  0.0000000E+00  0.0000000E+00  0.0000000E+00  0.0000000E+00  0.0000000E+00
        76      2 -0.4050193E-03 -0.3346921E-03  0.0000000E+00  0.0000000E+00 -0.2184338E-02 -0.3842979E-08
        76      3 -0.9045244E-03 -0.6360552E-03  0.0000000E+00  0.0000000E+00 -0.8752597E-02 -0.1539657E-07
        76      4 -0.3716534E-02 -0.9409867E-03  0.0000000E+00  0.0000000E+00 -0.5492062E-01 -0.9705807E-07

        77      0  0.0000000E+00  0.0000000E+00  0.0000000E+00  0.0000000E+00  0.0000000E+00  0.0000000E+00
        77      1  0.0000000E+00  0.0000000E+00  0.0000000E+00  0.0000000E+00  0.0000000E+00  0.0000000E+00
        77      2 -0.7673055E-03  0.4739224E-03  0.0000000E+00  0.0000000E+00 -0.2216238E-02 -0.3962522E-08
        77      3 -0.1465346E-02  0.9603900E-03  0.0000000E+00  0.0000000E+00 -0.8874060E-02 -0.1585405E-07
        77      4 -0.2244031E-02  0.2484765E-02  0.0000000E+00  0.0000000E+00 -0.5565561E-01 -0.9873099E-07

        78      0  0.0000000E+00  0.0000000E+00  0.0000000E+00  0.0000000E+00  0.0000000E+00  0.0000000E+00
        78      1  0.0000000E+00  0.0000000E+00  0.0000000E+00  0.0000000E+00  0.0000000E+00  0.0000000E+00
        78      2  0.1061431E-02 -0.7246955E-04  0.0000000E+00  0.0000000E+00 -0.2242182E-02 -0.4015305E-08
        78      3  0.2151188E-02 -0.1885174E-03  0.0000000E+00  0.0000000E+00 -0.8980023E-02 -0.1609674E-07
        78      4  0.5568818E-02 -0.1200598E-02  0.0000000E+00  0.0000000E+00 -0.5633785E-01 -0.1014996E-06

        79      0  0.0000000E+00  0.0000000E+00  0.0000000E+00  0.0000000E+00  0.0000000E+00  0.0000000E+00
        79      1  0.0000000E+00  0.0000000E+00  0.0000000E+00  0.0000000E+00  0.0000000E+00  0.0000000E+00
        79      2 -0.1507038E-03 -0.4108789E-03  0.0000000E+00  0.0000000E+00 -0.2267607E-02 -0.3996253E-08
        79      3 -0.4060034E-03 -0.7952250E-03  0.0000000E+00  0.0000000E+00 -0.9086273E-02 -0.1600143E-07
        79      4 -0.2704519E-02 -0.1422870E-02  0.0000000E+00  0.0000000E+00 -0.5701128E-01 -0.1005478E-06

        80      0  0.0000000E+00  0.0000000E+00  0.0000000E+00  0.0000000E+00  0.0000000E+00  0.0000000E+00
        80      1  0.0000000E+00  0.0000000E+00  0.0000000E+00  0.0000000E+00  0.0000000E+00  0.0000000E+00
        80      2 -0.9355493E-03  0.4267275E-03  0.0000000E+00  0.0000000E+00 -0.2299066E-02 -0.4134418E-08
        80      3 -0.1816707E-02  0.8761464E-03  0.0000000E+00  0.0000000E+00 -0.9206536E-02 -0.1654593E-07
        80      4 -0.3318099E-02  0.2450846E-02  0.0000000E+00  0.0000000E+00 -0.5774772E-01 -0.1031293E-06

        81      0  0.0000000E+00  0.0000000E+00  0.0000000E+00  0.0000000E+00  0.0000000E+00  0.0000000E+00
        81      1  0.0000000E+00  0.0000000E+00  0.0000000E+00  0.0000000E+00  0.0000000E+00  0.0000000E+00
        81      2  0.9518005E-03  0.4436337E-04  0.0000000E+00  0.0000000E+00 -0.2325477E-02 -0.4146518E-08
        81      3  0.1954923E-02  0.4336230E-04  0.0000000E+00  0.0000000E+00 -0.9312727E-02 -0.1662429E-07
        81      4  0.5487831E-02 -0.6880284E-03  0.0000000E+00  0.0000000E+00 -0.5842131E-01 -0.1050304E-06

        82      0  0.0000000E+00  0.0000000E+00  0.0000000E+00  0.0000000E+00  0.0000000E+00  0.0000000E+00
        82      1  0.0000000E+00  0.0000000E+00  0.0000000E+00  0.0000000E+00  0.0000000E+00  0.0000000E+00
        82      2  0.1119981E-03 -0.4643072E-03  0.0000000E+00  0.0000000E+00 -0.2350799E-02 -0.4160105E-08
        82      3  0.1148080E-03 -0.9110394E-03  0.0000000E+00  0.0000000E+00 -0.9419460E-02 -0.1664870E-07
        82      4 -0.1559924E-02 -0.1835536E-02  0.0000000E+00  0.0000000E+00 -0.5909903E-01 -0.1042361E-06

        83      0  0.0000000E+00  0.0000000E+00  0.0000000E+00  0.0000000E+00  0.0000000E+00  0.0000000E+00
        83      1  0.0000000E+00  0.0000000E+00  0.0000000E+00  0.0000000E+00  0.0000000E+00  0.0000000E+00
        83      2 -0.1052035E-02  0.3559358E-03  0.0000000E+00  0.0000000E+00 -0.2381485E-02 -0.4297921E-08
        83      3 -0.2069198E-02  0.7442686E-03  0.0000000E+00  0.0000000E+00 -0.9537492E-02 -0.1720735E-07
        83      4 -0.4229600E-02  0.2297296E-02  0.0000000E+00  0.0000000E+00 -0.5983138E-01 -0.1074771E-06

        84      0  0.0000000E+00  0.0000000E+00  0.0000000E+00  0.0000000E+00  0.0000000E+00  0.0000000E+00
        84      1  0.0000000E+00  0.0000000E+00  0.0000000E+00  0.0000000E+00  0.0000000E+00  0.0000000E+00
        84      2  0.7892509E-03  0.1587215E-03  0.0000000E+00  0.0000000E+00 -0.2408587E-02 -0.4277921E-08
        84      3  0.1651210E-02  0.2728300E-03  0.0000000E+00  0.0000000E+00 -0.9644756E-02 -0.1714886E-07
        84      4  0.5132189E-02 -0.1410571E-03  0.0000000E+00  0.0000000E+00 -0.6049938E-01 -0.1083922E-06

        85      0  0.0000000E+00  0.0000000E+00  0.0000000E+00  0.0000000E+00  0.0000000E+00  0.0000000E+00
        85      1  0.0000000E+00  0.0000000E+00  0.0000000E+00  0.0000000E+00  0.0000000E+00  0.0000000E+00
        85      2  0.3685262E-03 -0.4919939E-03  0.0000000E+00  0.0000000E+00 -0.2433862E-02 -0.4332404E-08
        85      3  0.6294913E-03 -0.9770931E-03  0.0000000E+00  0.0000000E+00 -0.9751959E-02 -0.1733211E-07
        85      4 -0.3382448E-03 -0.2158536E-02  0.0000000E+00  0.0000000E+00 -0.6118314E-01 -0.1081625E-06

        86      0  0.0000000E+00  0.0000000E+00  0.0000000E+00  0.0000000E+00  0.0000000E+00  0.0000000E+00
        86      1  0.0000000E+00  0.0000000E+00  0.0000000E+00  0.0000000E+00  0.0000000E+00  0.0000000E+00
        86      2 -0.1110350E-02  0.2654697E-03  0.0000000E+00  0.0000000E+00 -0.2463543E-02 -0.4450969E-08
        86      3 -0.2209206E-02  0.5719621E-03  0.0000000E+00  0.0000000E+00 -0.9867049E-02 -0.1782892E-07
        86      4 -0.4934750E-02  0.2031971E-02  0.0000000E+00  0.0000000E+00 -0.6190626E-01 -0.1116863E-06

        87      0  0.0000000E+00  0.0000000E+00  0.0000000E+00  0.0000000E+00  0.0000000E+00  0.0000000E+00
        87      1  0.0000000E+00  0.0000000E+00  0.0000000E+00  0.0000000E+00  0.0000000E+00  0.0000000E+00
        87      2  0.5828484E-03  0.2642464E-03  0.0000000E+00  0.0000000E+00 -0.2491513E-02 -0.4414466E-08
        87      3  0.1256850E-02  0.4872692E-03  0.0000000E+00  0.0000000E+00 -0.9976174E-02 -0.1769052E-07
        87      4  0.4519990E-02  0.4128490E-03  0.0000000E+00  0.0000000E+00 -0.6257297E-01 -0.1116892E-06

        88      0  0.0000000E+00  0.0000000E+00  0.0000000E+00  0.0000000E+00  0.0000000E+00  0.0000000E+00
        88      1  0.0000000E+00  0.0000000E+00  0.0000000E+00  0.0000000E+00  0.0000000E+00  0.0000000E+00
        88      2  0.6046374E-03 -0.4923793E-03  0.0000000E+00  0.0000000E+00 -0.2516743E-02 -0.4509141E-08
        88      3  0.1109863E-02 -0.9896819E-03  0.0000000E+00  0.0000000E+00 -0.1008356E-01 -0.1803738E-07
        88      4  0.9008512E-03 -0.2375638E-02  0.0000000E+00  0.0000000E+00 -0.6326259E-01 -0.1123209E-06

        89      0  0.0000000E+00  0.0000000E+00  0.0000000E+00  0.0000000E+00  0.0000000E+00  0.0000000E+00
        89      1  0.0000000E+00  0.0000000E+00  0.0000000E+00  0.0000000E+00  0.0000000E+00  0.0000000E+00
        89      2 -0.1107287E-02  0.1603322E-03  0.0000000E+00  0.0000000E+00 -0.2545306E-02 -0.4593750E-08
        89      3 -0.2229200E-02  0.3685992E-03  0.0000000E+00  0.0000000E+00 -0.1019542E-01 -0.1840958E-07
        89      4 -0.5399876E-02  0.1668024E-02  0.0000000E+00  0.0000000E+00 -0.6397257E-01 -0.1156955E-06

        90      0  0.0000000E+00  0.0000000E+00  0.0000000E+00  0.0000000E+00  0.0000000E+00  0.0000000E+00
        90      1  0.0000000E+00  0.0000000E+00  0.0000000E+00  0.0000000E+00  0.0000000E+00  0.0000000E+00
        90      2  0.3440924E-03  0.3550795E-03  0.0000000E+00  0.0000000E+00 -0.2574237E-02 -0.4559939E-08
        90      3  0.7936165E-03  0.6749210E-03  0.0000000E+00  0.0000000E+00 -0.1030696E-01 -0.1826538E-07
        90      4  0.3682374E-02  0.9459405E-03  0.0000000E+00  0.0000000E+00 -0.6464272E-01 -0.1150373E-06

        91      0  0.0000000E+00  0.0000000E+00  0.0000000E+00  0.0000000E+00  0.0000000E+00  0.0000000E+00
        91      1  0.0000000E+00  0.0000000E+00  0.0000000E+00  0.0000000E+00  0.0000000E+00  0.0000000E+00
        91      2  0.8071990E-03 -0.4654193E-03  0.0000000E+00  0.0000000E+00 -0.2599393E-02 -0.4685301E-08
        91      3  0.1529527E-02 -0.9480250E-03  0.0000000E+00  0.0000000E+00 -0.1041409E-01 -0.1874520E-07
        91      4  0.2096354E-02 -0.2475688E-02  0.0000000E+00  0.0000000E+00 -0.6533625E-01 -0.1166585E-06

        92      0  0.0000000E+00  0.0000000E+00  0.0000000E+00  0.0000000E+00  0.0000000E+00  0.0000000E+00
        92      1  0.0000000E+00  0.0000000E+00  0.0000000E+00  0.0000000E+00  0.0000000E+00  0.0000000E+00
        92      2 -0.1043019E-02  0.4633155E-04  0.0000000E+00  0.0000000E+00 -0.2626857E-02 -0.4728663E-08
        92      3 -0.2128120E-02  0.1452168E-03  0.0000000E+00  0.0000000E+00 -0.1052286E-01 -0.1895684E-07
        92      4 -0.5602882E-02  0.1223239E-02  0.0000000E+00  0.0000000E+00 -0.6603112E-01 -0.1194798E-06

        93      0  0.0000000E+00  0.0000000E+00  0.0000000E+00  0.0000000E+00  0.0000000E+00  0.0000000E+00
        93      1  0.0000000E+00  0.0000000E+00  0.0000000E+00  0.0000000E+00  0.0000000E+00  0.0000000E+00
        93      2  0.8626623E-04  0.4261881E-03  0.0000000E+00  0.0000000E+00 -0.2656722E-02 -0.4716145E-08
        93      3  0.2870143E-03  0.8255359E-03  0.0000000E+00  0.0000000E+00 -0.1063702E-01 -0.1888210E-07
        93      4  0.2661783E-02  0.1431646E-02  0.0000000E+00  0.0000000E+00 -0.6670893E-01 -0.1185390E-06

        94      0  0.0000000E+00  0.0000000E+00  0.0000000E+00  0.0000000E+00  0.0000000E+00  0.0000000E+00
        94      1  0.0000000E+00  0.0000000E+00  0.0000000E+00  0.0000000E+00  0.0000000E+00  0.0000000E+00
        94      2  0.9649262E-03 -0.4125924E-03  0.0000000E+00  0.0000000E+00 -0.2681780E-02 -0.4855964E-08
        94      3  0.1865344E-02 -0.8543279E-03  0.0000000E+00  0.0000000E+00 -0.1074342E-01 -0.1943551E-07
        94      4  0.3188899E-02 -0.2453247E-02  0.0000000E+00  0.0000000E+00 -0.6740311E-01 -0.1210838E-06

        95      0  0.0000000E+00  0.0000000E+00  0.0000000E+00  0.0000000E+00  0.0000000E+00  0.0000000E+00
        95      1  0.0000000E+00  0.0000000E+00  0.0000000E+00  0.0000000E+00  0.0000000E+00  0.0000000E+00
        95      2 -0.9210888E-03 -0.7023526E-04  0.0000000E+00  0.0000000E+00 -0.2708272E-02 -0.4859806E-08
        95      3 -0.1911427E-02 -0.8606999E-04  0.0000000E+00  0.0000000E+00 -0.1084965E-01 -0.1948515E-07
        95      4 -0.5534195E-02  0.7191888E-03  0.0000000E+00  0.0000000E+00 -0.6808311E-01 -0.1230539E-06

        96      0  0.0000000E+00  0.0000000E+00  0.0000000E+00  0.0000000E+00  0.0000000E+00  0.0000000E+00
        96      1  0.0000000E+00  0.0000000E+00  0.0000000E+00  0.0000000E+00  0.0000000E+00  0.0000000E+00
        96      2 -0.1763090E-03  0.4736441E-03  0.0000000E+00  0.0000000E+00 -0.2738917E-02 -0.4882525E-08
        96      3 -0.2351516E-03  0.9309314E-03  0.0000000E+00  0.0000000E+00 -0.1096618E-01 -0.1954019E-07
        96      4  0.1509623E-02  0.1845946E-02  0.0000000E+00  0.0000000E+00 -0.6877147E-01 -0.1222630E-06

        97      0  0.0000000E+00  0.0000000E+00  0.0000000E+00  0.0000000E+00  0.0000000E+00  0.0000000E+00
        97      1  0.0000000E+00  0.0000000E+00  0.0000000E+00  0.0000000E+00  0.0000000E+00  0.0000000E+00
        97      2  0.1069019E-02 -0.3368217E-03  0.0000000E+00  0.0000000E+00 -0.2763891E-02 -0.5017414E-08
        97      3  0.2098741E-02 -0.7136776E-03  0.0000000E+00  0.0000000E+00 -0.1107154E-01 -0.2009192E-07
        97      4  0.4123772E-02 -0.2308956E-02  0.0000000E+00  0.0000000E+00 -0.6946247E-01 -0.1254845E-06

        98      0  0.0000000E+00  0.0000000E+00  0.0000000E+00  0.0000000E+00  0.0000000E+00  0.0000000E+00
        98      1  0.0000000E+00  0.0000000E+00  0.0000000E+00  0.0000000E+00  0.0000000E+00  0.0000000E+00
        98      2 -0.7482145E-03 -0.1829268E-03  0.0000000E+00  0.0000000E+00 -0.2789613E-02 -0.4992108E-08
        98      3 -0.1590817E-02 -0.3127099E-03  0.0000000E+00  0.0000000E+00 -0.1117601E-01 -0.2001311E-07
        98      4 -0.5197160E-02  0.1802336E-03  0.0000000E+00  0.0000000E+00 -0.7012993E-01 -0.1264699E-06

        99      0  0.0000000E+00  0.0000000E+00  0.0000000E+00  0.0000000E+00  0.0000000E+00  0.0000000E+00
        99      1  0.0000000E+00  0.0000000E+00  0.0000000E+00  0.0000000E+00  0.0000000E+00  0.0000000E+00
        99      2 -0.4290739E-03  0.4948383E-03  0.0000000E+00  0.0000000E+00 -0.2820766E-02 -0.5056311E-08
        99      3 -0.7443213E-03  0.9854289E-03  0.0000000E+00  0.0000000E+00 -0.1129422E-01 -0.2023029E-07
        99      4  0.2835045E-03  0.2168570E-02  0.0000000E+00  0.0000000E+00 -0.7082974E-01 -0.1262316E-06

       100      0  0.0000000E+00  0.0000000E+00  0.0000000E+00  0.0000000E+00  0.0000000E+00  0.0000000E+00
       100      1  0.0000000E+00  0.0000000E+00  0.0000000E+00  0.0000000E+00  0.0000000E+00  0.0000000E+00
       100      2  0.1113662E-02 -0.2423139E-03  0.0000000E+00  0.0000000E+00 -0.2845736E-02 -0.5167969E-08
       100      3  0.2216778E-02 -0.5337715E-03  0.0000000E+00  0.0000000E+00 -0.1139850E-01 -0.2070551E-07
       100      4  0.4853777E-02 -0.2049598E-02  0.0000000E+00  0.0000000E+00 -0.7151405E-01 -0.1297504E-06
