# number of rays:       5
# iteration   ray    X              A              Y              B              T              D
         0      0  0.0000000E+00  0.0000000E+00  0.0000000E+00  0.0000000E+00  0.0000000E+00  0.0000000E+00
         0      1  0.0000000E+00  0.0000000E+00  0.0000000E+00  0.0000000E+00  0.0000000E+00  0.0000000E+00
         0      2  0.1000000E-02  0.0000000E+00  0.0000000E+00  0.0000000E+00  0.0000000E+00  0.0000000E+00
         0      3  0.2000000E-02  0.0000000E+00  0.0000000E+00  0.0000000E+00  0.0000000E+00  0.0000000E+00
         0      4  0.5000000E-02  0.0000000E+00  0.0000000E+00  0.0000000E+00  0.0000000E+00  0.0000000E+00

         1      0  0.0000000E+00  0.0000000E+00  0.0000000E+00  0.0000000E+00  0.0000000E+00  0.0000000E+00
         1      1  0.0000000E+00  0.0000000E+00  0.0000000E+00  0.0000000E+00  0.0000000E+00  0.0000000E+00
         1      2  0.2249579E-04 -0.4473551E-03  0.0000000E+00  0.0000000E+00 -0.2843562E-05 -0.3168149E-13
         1      3  0.5667450E-04 -0.8944962E-03  0.0000000E+00  0.0000000E+00 -0.1646851E-04 -0.2521016E-12
         1      4  0.1941797E-03 -0.2228956E-02  0.0000000E+00  0.0000000E+00 -0.1212164E-03 -0.3519201E-11

         2      0  0.0000000E+00  0.0000000E+00  0.0000000E+00  0.0000000E+00  0.0000000E+00  0.0000000E+00
         2      1  0.0000000E+00  0.0000000E+00  0.0000000E+00  0.0000000E+00  0.0000000E+00  0.0000000E+00
         2      2 -0.1006901E-02  0.3834315E-03  0.0000000E+00  0.0000000E+00 -0.1063636E-04 -0.2309984E-10
         2      3 -0.1999178E-02  0.7653027E-03  0.0000000E+00  0.0000000E+00 -0.4174931E-04 -0.9135251E-10
         2      4 -0.4860721E-02  0.1919845E-02  0.0000000E+00  0.0000000E+00 -0.2527640E-03 -0.5480314E-09

         3      0  0.0000000E+00  0.0000000E+00  0.0000000E+00  0.0000000E+00  0.0000000E+00  0.0000000E+00
         3      1  0.0000000E+00  0.0000000E+00  0.0000000E+00  0.0000000E+00  0.0000000E+00  0.0000000E+00
         3      2  0.8554915E-03  0.1143053E-03  0.0000000E+00  0.0000000E+00 -0.1852690E-04 -0.3330484E-10
         3      3  0.1713424E-02  0.2220142E-03  0.0000000E+00  0.0000000E+00 -0.7272554E-04 -0.1324583E-09
         3      4  0.4361377E-02  0.4631181E-03  0.0000000E+00  0.0000000E+00 -0.4399334E-03 -0.8173234E-09

         4      0  0.0000000E+00  0.0000000E+00  0.0000000E+00  0.0000000E+00  0.0000000E+00  0.0000000E+00
         4      1  0.0000000E+00  0.0000000E+00  0.0000000E+00  0.0000000E+00  0.0000000E+00  0.0000000E+00
         4      2  0.2803789E-03 -0.4825398E-03  0.0000000E+00  0.0000000E+00 -0.2030088E-04 -0.3690229E-10
         4      3  0.5594007E-03 -0.9598518E-03  0.0000000E+00  0.0000000E+00 -0.8576484E-04 -0.1472565E-09
         4      4  0.1253652E-02 -0.2348258E-02  0.0000000E+00  0.0000000E+00 -0.5448411E-03 -0.9047515E-09

         5      0  0.0000000E+00  0.0000000E+00  0.0000000E+00  0.0000000E+00  0.0000000E+00  0.0000000E+00
         5      1  0.0000000E+00  0.0000000E+00  0.0000000E+00  0.0000000E+00  0.0000000E+00  0.0000000E+00
         5      2 -0.1084636E-02  0.2989162E-03  0.0000000E+00  0.0000000E+00 -0.2843082E-04 -0.6172183E-10
         5      3 -0.2148061E-02  0.5978442E-03  0.0000000E+00  0.0000000E+00 -0.1132227E-03 -0.2453654E-09
         5      4 -0.5173149E-02  0.1552817E-02  0.0000000E+00  0.0000000E+00 -0.6902370E-03 -0.1491699E-08

         6      0  0.0000000E+00  0.0000000E+00  0.0000000E+00  0.0000000E+00  0.0000000E+00  0.0000000E+00
         6      1  0.0000000E+00  0.0000000E+00  0.0000000E+00  0.0000000E+00  0.0000000E+00  0.0000000E+00
         6      2  0.6639170E-03  0.2227923E-03  0.0000000E+00  0.0000000E+00 -0.3674614E-04 -0.6643157E-10
         6      3  0.1336238E-02  0.4341836E-03  0.0000000E+00  0.0000000E+00 -0.1443794E-03 -0.2652281E-09
         6      4  0.3548401E-02  0.9202826E-03  0.0000000E+00  0.0000000E+00 -0.8732978E-03 -0.1648789E-08

         7      0  0.0000000E+00  0.0000000E+00  0.0000000E+00  0.0000000E+00  0.0000000E+00  0.0000000E+00
         7      1  0.0000000E+00  0.0000000E+00  0.0000000E+00  0.0000000E+00  0.0000000E+00  0.0000000E+00
         7      2  0.5236404E-03 -0.4914927E-03  0.0000000E+00  0.0000000E+00 -0.3788574E-04 -0.7541639E-10
         7      3  0.1035857E-02 -0.9757079E-03  0.0000000E+00  0.0000000E+00 -0.1553335E-03 -0.3013584E-09
         7      4  0.2287148E-02 -0.2382133E-02  0.0000000E+00  0.0000000E+00 -0.9669244E-03 -0.1850787E-08

         8      0  0.0000000E+00  0.0000000E+00  0.0000000E+00  0.0000000E+00  0.0000000E+00  0.0000000E+00
         8      1  0.0000000E+00  0.0000000E+00  0.0000000E+00  0.0000000E+00  0.0000000E+00  0.0000000E+00
         8      2 -0.1102954E-02  0.1977604E-03  0.0000000E+00  0.0000000E+00 -0.4625791E-04 -0.9915867E-10
         8      3 -0.2184367E-02  0.3979967E-03  0.0000000E+00  0.0000000E+00 -0.1848596E-03 -0.3955385E-09
         8      4 -0.5288732E-02  0.1119030E-02  0.0000000E+00  0.0000000E+00 -0.1126918E-02 -0.2429336E-08

         9      0  0.0000000E+00  0.0000000E+00  0.0000000E+00  0.0000000E+00  0.0000000E+00  0.0000000E+00
         9      1  0.0000000E+00  0.0000000E+00  0.0000000E+00  0.0000000E+00  0.0000000E+00  0.0000000E+00
         9      2  0.4360701E-03  0.3194728E-03  0.0000000E+00  0.0000000E+00 -0.5463004E-04 -0.9995728E-10
         9      3  0.8894096E-03  0.6251706E-03  0.0000000E+00  0.0000000E+00 -0.2148926E-03 -0.3999284E-09
         9      4  0.2597843E-02  0.1351952E-02  0.0000000E+00  0.0000000E+00 -0.1300347E-02 -0.2495030E-08

        10      0  0.0000000E+00  0.0000000E+00  0.0000000E+00  0.0000000E+00  0.0000000E+00  0.0000000E+00
        10      1  0.0000000E+00  0.0000000E+00  0.0000000E+00  0.0000000E+00  0.0000000E+00  0.0000000E+00
        10      2  0.7388164E-03 -0.4738911E-03  0.0000000E+00  0.0000000E+00 -0.5567242E-04 -0.1149768E-09
        10      3  0.1460518E-02 -0.9418612E-03  0.0000000E+00  0.0000000E+00 -0.2254732E-03 -0.4596994E-09
        10      4  0.3250549E-02 -0.2331196E-02  0.0000000E+00  0.0000000E+00 -0.1389624E-02 -0.2824609E-08

        11      0  0.0000000E+00  0.0000000E+00  0.0000000E+00  0.0000000E+00  0.0000000E+00  0.0000000E+00
        11      1  0.0000000E+00  0.0000000E+00  0.0000000E+00  0.0000000E+00  0.0000000E+00  0.0000000E+00
        11      2 -0.1060954E-02  0.8574997E-04  0.0000000E+00  0.0000000E+00 -0.6404578E-04 -0.1350357E-09
        11      3 -0.2106513E-02  0.1771654E-03  0.0000000E+00  0.0000000E+00 -0.2563540E-03 -0.5397429E-09
        11      4 -0.5201878E-02  0.6394735E-03  0.0000000E+00  0.0000000E+00 -0.1562505E-02 -0.3343572E-08

        12      0  0.0000000E+00  0.0000000E+00  0.0000000E+00  0.0000000E+00  0.0000000E+00  0.0000000E+00
        12      1  0.0000000E+00  0.0000000E+00  0.0000000E+00  0.0000000E+00  0.0000000E+00  0.0000000E+00
        12      2  0.1847368E-03  0.3989059E-03  0.0000000E+00  0.0000000E+00 -0.7220018E-04 -0.1343430E-09
        12      3  0.3976152E-03  0.7843705E-03  0.0000000E+00  0.0000000E+00 -0.2843719E-03 -0.5375559E-09
        12      4  0.1554495E-02  0.1737590E-02  0.0000000E+00  0.0000000E+00 -0.1722332E-02 -0.3351945E-08

        13      0  0.0000000E+00  0.0000000E+00  0.0000000E+00  0.0000000E+00  0.0000000E+00  0.0000000E+00
        13      1  0.0000000E+00  0.0000000E+00  0.0000000E+00  0.0000000E+00  0.0000000E+00  0.0000000E+00
        13      2  0.9138774E-03 -0.4307823E-03  0.0000000E+00  0.0000000E+00 -0.7369558E-04 -0.1547453E-09
        13      3  0.1810134E-02 -0.8604265E-03  0.0000000E+00  0.0000000E+00 -0.2963469E-03 -0.6184180E-09
        13      4  0.4099589E-02 -0.2199242E-02  0.0000000E+00  0.0000000E+00 -0.1814909E-02 -0.3802610E-08

        14      0  0.0000000E+00  0.0000000E+00  0.0000000E+00  0.0000000E+00  0.0000000E+00  0.0000000E+00
        14      1  0.0000000E+00  0.0000000E+00  0.0000000E+00  0.0000000E+00  0.0000000E+00  0.0000000E+00
        14      2 -0.9609554E-03 -0.3074089E-04  0.0000000E+00  0.0000000E+00 -0.8171980E-04 -0.1693224E-09
        14      3 -0.1918704E-02 -0.5213621E-04  0.0000000E+00  0.0000000E+00 -0.3273882E-03 -0.6771332E-09
        14      4 -0.4916926E-02  0.1381144E-03  0.0000000E+00  0.0000000E+00 -0.1996755E-02 -0.4220433E-08

        15      0  0.0000000E+00  0.0000000E+00  0.0000000E+00  0.0000000E+00  0.0000000E+00  0.0000000E+00
        15      1  0.0000000E+00  0.0000000E+00  0.0000000E+00  0.0000000E+00  0.0000000E+00  0.0000000E+00
        15      2 -0.7606895E-04  0.4565269E-03  0.0000000E+00  0.0000000E+00 -0.8952117E-04 -0.1698857E-09
        15      3 -0.1123589E-03  0.9026204E-03  0.0000000E+00  0.0000000E+00 -0.3530766E-03 -0.6786522E-09
        15      4  0.4670365E-03  0.2057938E-02  0.0000000E+00  0.0000000E+00 -0.2141207E-02 -0.4214077E-08

        16      0  0.0000000E+00  0.0000000E+00  0.0000000E+00  0.0000000E+00  0.0000000E+00  0.0000000E+00
        16      1  0.0000000E+00  0.0000000E+00  0.0000000E+00  0.0000000E+00  0.0000000E+00  0.0000000E+00
        16      2  0.1038937E-02 -0.3645078E-03  0.0000000E+00  0.0000000E+00 -0.9194136E-04 -0.1938745E-09
        16      3  0.2065194E-02 -0.7356456E-03  0.0000000E+00  0.0000000E+00 -0.3679457E-03 -0.7738264E-09
        16      4  0.4794333E-02 -0.1992810E-02  0.0000000E+00  0.0000000E+00 -0.2244069E-02 -0.4761515E-08

        17      0  0.0000000E+00  0.0000000E+00  0.0000000E+00  0.0000000E+00  0.0000000E+00  0.0000000E+00
        17      1  0.0000000E+00  0.0000000E+00  0.0000000E+00  0.0000000E+00  0.0000000E+00  0.0000000E+00
        17      2 -0.8083633E-03 -0.1451487E-03  0.0000000E+00  0.0000000E+00 -0.9922284E-04 -0.2023854E-09
        17      3 -0.1630658E-02 -0.2771578E-03  0.0000000E+00  0.0000000E+00 -0.3977038E-03 -0.8086566E-09
        17      4 -0.4447737E-02 -0.3606709E-03  0.0000000E+00  0.0000000E+00 -0.2429386E-02 -0.5054406E-08

        18      0  0.0000000E+00  0.0000000E+00  0.0000000E+00  0.0000000E+00  0.0000000E+00  0.0000000E+00
        18      1  0.0000000E+00  0.0000000E+00  0.0000000E+00  0.0000000E+00  0.0000000E+00  0.0000000E+00
        18      2 -0.3319226E-03  0.4889433E-03  0.0000000E+00  0.0000000E+00 -0.1066855E-03 -0.2066952E-09
        18      3 -0.6132657E-03  0.9728563E-03  0.0000000E+00  0.0000000E+00 -0.4213608E-03 -0.8234956E-09
        18      4 -0.6169186E-03  0.2297046E-02  0.0000000E+00  0.0000000E+00 -0.2559147E-02 -0.5078188E-08

        19      0  0.0000000E+00  0.0000000E+00  0.0000000E+00  0.0000000E+00  0.0000000E+00  0.0000000E+00
        19      1  0.0000000E+00  0.0000000E+00  0.0000000E+00  0.0000000E+00  0.0000000E+00  0.0000000E+00
        19      2  0.1106857E-02 -0.2785784E-03  0.0000000E+00  0.0000000E+00 -0.1103482E-03 -0.2317255E-09
        19      3  0.2211210E-02 -0.5736465E-03  0.0000000E+00  0.0000000E+00 -0.4400887E-03 -0.9234329E-09
        19      4  0.5302782E-02 -0.1720188E-02  0.0000000E+00  0.0000000E+00 -0.2677412E-02 -0.5684933E-08

        20      0  0.0000000E+00  0.0000000E+00  0.0000000E+00  0.0000000E+00  0.0000000E+00  0.0000000E+00
        20      1  0.0000000E+00  0.0000000E+00  0.0000000E+00  0.0000000E+00  0.0000000E+00  0.0000000E+00
        20      2 -0.6113818E-03 -0.2511184E-03  0.0000000E+00  0.0000000E+00 -0.1165316E-03 -0.2349308E-09
        20      3 -0.1257028E-02 -0.4857470E-03  0.0000000E+00  0.0000000E+00 -0.4671615E-03 -0.9370158E-09
        20      4 -0.3815055E-02 -0.8346355E-03  0.0000000E+00  0.0000000E+00 -0.2859961E-02 -0.5850854E-08

        21      0  0.0000000E+00  0.0000000E+00  0.0000000E+00  0.0000000E+00  0.0000000E+00  0.0000000E+00
        21      1  0.0000000E+00  0.0000000E+00  0.0000000E+00  0.0000000E+00  0.0000000E+00  0.0000000E+00
        21      2 -0.5687986E-03  0.4941678E-03  0.0000000E+00  0.0000000E+00 -0.1237931E-03 -0.2446812E-09
        21      3 -0.1078911E-02  0.9906376E-03  0.0000000E+00  0.0000000E+00 -0.4895958E-03 -0.9721375E-09
        21      4 -0.1654857E-02  0.2443399E-02  0.0000000E+00  0.0000000E+00 -0.2977989E-02 -0.5945307E-08

        22      0  0.0000000E+00  0.0000000E+00  0.0000000E+00  0.0000000E+00  0.0000000E+00  0.0000000E+00
        22      1  0.0000000E+00  0.0000000E+00  0.0000000E+00  0.0000000E+00  0.0000000E+00  0.0000000E+00
        22      2  0.1113699E-02 -0.1775087E-03  0.0000000E+00  0.0000000E+00 -0.1288170E-03 -0.2680051E-09
        22      3  0.2239679E-02 -0.3821896E-03  0.0000000E+00  0.0000000E+00 -0.5124578E-03 -0.1066474E-08
        22      4  0.5602582E-02 -0.1390337E-02  0.0000000E+00  0.0000000E+00 -0.3114166E-02 -0.6566991E-08

        23      0  0.0000000E+00  0.0000000E+00  0.0000000E+00  0.0000000E+00  0.0000000E+00  0.0000000E+00
        23      1  0.0000000E+00  0.0000000E+00  0.0000000E+00  0.0000000E+00  0.0000000E+00  0.0000000E+00
        23      2 -0.3805931E-03 -0.3428676E-03  0.0000000E+00  0.0000000E+00 -0.1336650E-03 -0.2678376E-09
        23      3 -0.8166381E-03 -0.6670502E-03  0.0000000E+00  0.0000000E+00 -0.5357753E-03 -0.1066028E-08
        23      4 -0.3043110E-02 -0.1265300E-02  0.0000000E+00  0.0000000E+00 -0.3287814E-02 -0.6624994E-08

        24      0  0.0000000E+00  0.0000000E+00  0.0000000E+00  0.0000000E+00  0.0000000E+00  0.0000000E+00
        24      1  0.0000000E+00  0.0000000E+00  0.0000000E+00  0.0000000E+00  0.0000000E+00  0.0000000E+00
        24      2 -0.7738266E-03  0.4717690E-03  0.0000000E+00  0.0000000E+00 -0.1409297E-03 -0.2835490E-09
        24      3 -0.1485424E-02  0.9544936E-03  0.0000000E+00  0.0000000E+00 -0.5580918E-03 -0.1124233E-08
        24      4 -0.2611162E-02  0.2490043E-02  0.0000000E+00  0.0000000E+00 -0.3398785E-02 -0.6820425E-08

        25      0  0.0000000E+00  0.0000000E+00  0.0000000E+00  0.0000000E+00  0.0000000E+00  0.0000000E+00
        25      1  0.0000000E+00  0.0000000E+00  0.0000000E+00  0.0000000E+00  0.0000000E+00  0.0000000E+00
        25      2  0.1058984E-02 -0.6661453E-04  0.0000000E+00  0.0000000E+00 -0.1472290E-03 -0.3027954E-09
        25      3  0.2148665E-02 -0.1704215E-03  0.0000000E+00  0.0000000E+00 -0.5846569E-03 -0.1203840E-08
        25      4  0.5680982E-02 -0.1012280E-02  0.0000000E+00  0.0000000E+00 -0.3552586E-02 -0.7412203E-08

        26      0  0.0000000E+00  0.0000000E+00  0.0000000E+00  0.0000000E+00  0.0000000E+00  0.0000000E+00
        26      1  0.0000000E+00  0.0000000E+00  0.0000000E+00  0.0000000E+00  0.0000000E+00  0.0000000E+00
        26      2 -0.1284254E-03 -0.4154951E-03  0.0000000E+00  0.0000000E+00 -0.1506826E-03 -0.3019258E-09
        26      3 -0.3316439E-03 -0.8120341E-03  0.0000000E+00  0.0000000E+00 -0.6037169E-03 -0.1199553E-08
        26      4 -0.2157270E-02 -0.1638354E-02  0.0000000E+00  0.0000000E+00 -0.3712124E-02 -0.7398195E-08

        27      0  0.0000000E+00  0.0000000E+00  0.0000000E+00  0.0000000E+00  0.0000000E+00  0.0000000E+00
        27      1  0.0000000E+00  0.0000000E+00  0.0000000E+00  0.0000000E+00  0.0000000E+00  0.0000000E+00
        27      2 -0.9359588E-03  0.4229243E-03  0.0000000E+00  0.0000000E+00 -0.1581494E-03 -0.3228146E-09
        27      3 -0.1812280E-02  0.8660818E-03  0.0000000E+00  0.0000000E+00 -0.6270353E-03 -0.1278780E-08
        27      4 -0.3456557E-02  0.2434148E-02  0.0000000E+00  0.0000000E+00 -0.3821673E-02 -0.7710194E-08

        28      0  0.0000000E+00  0.0000000E+00  0.0000000E+00  0.0000000E+00  0.0000000E+00  0.0000000E+00
        28      1  0.0000000E+00  0.0000000E+00  0.0000000E+00  0.0000000E+00  0.0000000E+00  0.0000000E+00
        28      2  0.9457453E-03  0.4822494E-04  0.0000000E+00  0.0000000E+00 -0.1654670E-03 -0.3364849E-09
        28      3  0.1942976E-02  0.5138438E-04  0.0000000E+00  0.0000000E+00 -0.6562859E-03 -0.1337524E-08
        28      4  0.5534043E-02 -0.5952967E-03  0.0000000E+00  0.0000000E+00 -0.3990308E-02 -0.8232468E-08

        29      0  0.0000000E+00  0.0000000E+00  0.0000000E+00  0.0000000E+00  0.0000000E+00  0.0000000E+00
        29      1  0.0000000E+00  0.0000000E+00  0.0000000E+00  0.0000000E+00  0.0000000E+00  0.0000000E+00
        29      2  0.1314720E-03 -0.4652183E-03  0.0000000E+00  0.0000000E+00 -0.1676737E-03 -0.3377275E-09
        29      3  0.1733650E-03 -0.9138306E-03  0.0000000E+00  0.0000000E+00 -0.6712856E-03 -0.1340331E-08
        29      4 -0.1183732E-02 -0.1943120E-02  0.0000000E+00  0.0000000E+00 -0.4132192E-02 -0.8192972E-08

        30      0  0.0000000E+00  0.0000000E+00  0.0000000E+00  0.0000000E+00  0.0000000E+00  0.0000000E+00
        30      1  0.0000000E+00  0.0000000E+00  0.0000000E+00  0.0000000E+00  0.0000000E+00  0.0000000E+00
        30      2 -0.1046527E-02  0.3503664E-03  0.0000000E+00  0.0000000E+00 -0.1754645E-03 -0.3618619E-09
        30      3 -0.2043138E-02  0.7301537E-03  0.0000000E+00  0.0000000E+00 -0.6964564E-03 -0.1433963E-08
        30      4 -0.4166200E-02  0.2276668E-02  0.0000000E+00  0.0000000E+00 -0.4246101E-02 -0.8619605E-08

        31      0  0.0000000E+00  0.0000000E+00  0.0000000E+00  0.0000000E+00  0.0000000E+00  0.0000000E+00
        31      1  0.0000000E+00  0.0000000E+00  0.0000000E+00  0.0000000E+00  0.0000000E+00  0.0000000E+00
        31      2  0.7803509E-03  0.1608413E-03  0.0000000E+00  0.0000000E+00 -0.1834362E-03 -0.3696405E-09
        31      3  0.1633927E-02  0.2721501E-03  0.0000000E+00  0.0000000E+00 -0.7270147E-03 -0.1469877E-08
        31      4  0.5166235E-02 -0.1498132E-03  0.0000000E+00  0.0000000E+00 -0.4424854E-02 -0.9042732E-08

        32      0  0.0000000E+00  0.0000000E+00  0.0000000E+00  0.0000000E+00  0.0000000E+00  0.0000000E+00
        32      1  0.0000000E+00  0.0000000E+00  0.0000000E+00  0.0000000E+00  0.0000000E+00  0.0000000E+00
        32      2  0.3849258E-03 -0.4895361E-03  0.0000000E+00  0.0000000E+00 -0.1847387E-03 -0.3753359E-09
        32      3  0.6723695E-03 -0.9679342E-03  0.0000000E+00  0.0000000E+00 -0.7388496E-03 -0.1489133E-08
        32      4 -0.1510127E-03 -0.2171724E-02  0.0000000E+00  0.0000000E+00 -0.4547855E-02 -0.9027794E-08

        33      0  0.0000000E+00  0.0000000E+00  0.0000000E+00  0.0000000E+00  0.0000000E+00  0.0000000E+00
        33      1  0.0000000E+00  0.0000000E+00  0.0000000E+00  0.0000000E+00  0.0000000E+00  0.0000000E+00
        33      2 -0.1099673E-02  0.2582252E-03  0.0000000E+00  0.0000000E+00 -0.1928459E-03 -0.4000499E-09
        33      3 -0.2166546E-02  0.5543159E-03  0.0000000E+00  0.0000000E+00 -0.7662293E-03 -0.1587320E-08
        33      4 -0.4717949E-02  0.2022500E-02  0.0000000E+00  0.0000000E+00 -0.4671225E-02 -0.9548764E-08

        34      0  0.0000000E+00  0.0000000E+00  0.0000000E+00  0.0000000E+00  0.0000000E+00  0.0000000E+00
        34      1  0.0000000E+00  0.0000000E+00  0.0000000E+00  0.0000000E+00  0.0000000E+00  0.0000000E+00
        34      2  0.5721271E-03  0.2650846E-03  0.0000000E+00  0.0000000E+00 -0.2010813E-03 -0.4028694E-09
        34      3  0.1238691E-02  0.4804321E-03  0.0000000E+00  0.0000000E+00 -0.7966453E-03 -0.1602972E-08
        34      4  0.4590927E-02  0.3114312E-03  0.0000000E+00  0.0000000E+00 -0.4854191E-02 -0.9856631E-08

        35      0  0.0000000E+00  0.0000000E+00  0.0000000E+00  0.0000000E+00  0.0000000E+00  0.0000000E+00
        35      1  0.0000000E+00  0.0000000E+00  0.0000000E+00  0.0000000E+00  0.0000000E+00  0.0000000E+00
        35      2  0.6179882E-03 -0.4873175E-03  0.0000000E+00  0.0000000E+00 -0.2019675E-03 -0.4143801E-09
        35      3  0.1139105E-02 -0.9722790E-03  0.0000000E+00  0.0000000E+00 -0.8067686E-03 -0.1644518E-08
        35      4  0.9079608E-03 -0.2318584E-02  0.0000000E+00  0.0000000E+00 -0.4959800E-02 -0.9912500E-08

        36      0  0.0000000E+00  0.0000000E+00  0.0000000E+00  0.0000000E+00  0.0000000E+00  0.0000000E+00
        36      1  0.0000000E+00  0.0000000E+00  0.0000000E+00  0.0000000E+00  0.0000000E+00  0.0000000E+00
        36      2 -0.1092630E-02  0.1517724E-03  0.0000000E+00  0.0000000E+00 -0.2102327E-03 -0.4368611E-09
        36      3 -0.2176499E-02  0.3485729E-03  0.0000000E+00  0.0000000E+00 -0.8361050E-03 -0.1736272E-08
        36      4 -0.5092109E-02  0.1681092E-02  0.0000000E+00  0.0000000E+00 -0.5096273E-02 -0.1049086E-07

        37      0  0.0000000E+00  0.0000000E+00  0.0000000E+00  0.0000000E+00  0.0000000E+00  0.0000000E+00
        37      1  0.0000000E+00  0.0000000E+00  0.0000000E+00  0.0000000E+00  0.0000000E+00  0.0000000E+00
        37      2  0.3327899E-03  0.3551546E-03  0.0000000E+00  0.0000000E+00 -0.2183955E-03 -0.4367082E-09
        37      3  0.7792210E-03  0.6649997E-03  0.0000000E+00  0.0000000E+00 -0.8651492E-03 -0.1738278E-08
        37      4  0.3831395E-02  0.7725882E-03  0.0000000E+00  0.0000000E+00 -0.5277148E-02 -0.1068310E-07

        38      0  0.0000000E+00  0.0000000E+00  0.0000000E+00  0.0000000E+00  0.0000000E+00  0.0000000E+00
        38      1  0.0000000E+00  0.0000000E+00  0.0000000E+00  0.0000000E+00  0.0000000E+00  0.0000000E+00
        38      2  0.8177054E-03 -0.4588197E-03  0.0000000E+00  0.0000000E+00 -0.2194193E-03 -0.4541358E-09
        38      3  0.1548436E-02 -0.9272084E-03  0.0000000E+00  0.0000000E+00 -0.8753149E-03 -0.1803301E-08
        38      4  0.1954679E-02 -0.2380482E-02  0.0000000E+00  0.0000000E+00 -0.5369588E-02 -0.1084527E-07

        39      0  0.0000000E+00  0.0000000E+00  0.0000000E+00  0.0000000E+00  0.0000000E+00  0.0000000E+00
        39      1  0.0000000E+00  0.0000000E+00  0.0000000E+00  0.0000000E+00  0.0000000E+00  0.0000000E+00
        39      2 -0.1025854E-02  0.3708781E-04  0.0000000E+00  0.0000000E+00 -0.2275493E-03 -0.4720524E-09
        39      3 -0.2072750E-02  0.1246600E-03  0.0000000E+00  0.0000000E+00 -0.9057683E-03 -0.1878923E-08
        39      4 -0.5273129E-02  0.1267033E-02  0.0000000E+00  0.0000000E+00 -0.5520695E-02 -0.1143238E-07

        40      0  0.0000000E+00  0.0000000E+00  0.0000000E+00  0.0000000E+00  0.0000000E+00  0.0000000E+00
        40      1  0.0000000E+00  0.0000000E+00  0.0000000E+00  0.0000000E+00  0.0000000E+00  0.0000000E+00
        40      2  0.7573767E-04  0.4259391E-03  0.0000000E+00  0.0000000E+00 -0.2354196E-03 -0.4715531E-09
        40      3  0.2808249E-03  0.8155175E-03  0.0000000E+00  0.0000000E+00 -0.9326720E-03 -0.1876668E-08
        40      4  0.2921225E-02  0.1214850E-02  0.0000000E+00  0.0000000E+00 -0.5693623E-02 -0.1152479E-07

        41      0  0.0000000E+00  0.0000000E+00  0.0000000E+00  0.0000000E+00  0.0000000E+00  0.0000000E+00
        41      1  0.0000000E+00  0.0000000E+00  0.0000000E+00  0.0000000E+00  0.0000000E+00  0.0000000E+00
        41      2  0.9728648E-03 -0.4056449E-03  0.0000000E+00  0.0000000E+00 -0.2371091E-03 -0.4937317E-09
        41      3  0.1877849E-02 -0.8353460E-03  0.0000000E+00  0.0000000E+00 -0.9446138E-03 -0.1961555E-08
        41      4  0.2945959E-02 -0.2357017E-02  0.0000000E+00  0.0000000E+00 -0.5779314E-02 -0.1181241E-07

        42      0  0.0000000E+00  0.0000000E+00  0.0000000E+00  0.0000000E+00  0.0000000E+00  0.0000000E+00
        42      1  0.0000000E+00  0.0000000E+00  0.0000000E+00  0.0000000E+00  0.0000000E+00  0.0000000E+00
        42      2 -0.9029830E-03 -0.7932570E-04  0.0000000E+00  0.0000000E+00 -0.2447261E-03 -0.5057594E-09
        42      3 -0.1860814E-02 -0.1047771E-03  0.0000000E+00  0.0000000E+00 -0.9749089E-03 -0.2014810E-08
        42      4 -0.5252501E-02  0.7999052E-03  0.0000000E+00  0.0000000E+00 -0.5944144E-02 -0.1235609E-07

        43      0  0.0000000E+00  0.0000000E+00  0.0000000E+00  0.0000000E+00  0.0000000E+00  0.0000000E+00
        43      1  0.0000000E+00  0.0000000E+00  0.0000000E+00  0.0000000E+00  0.0000000E+00  0.0000000E+00
        43      2 -0.1847433E-03  0.4733317E-03  0.0000000E+00  0.0000000E+00 -0.2522323E-03 -0.5076247E-09
        43      3 -0.2294606E-03  0.9232514E-03  0.0000000E+00  0.0000000E+00 -0.9995007E-03 -0.2018610E-08
        43      4  0.1902955E-02  0.1617771E-02  0.0000000E+00  0.0000000E+00 -0.6104564E-02 -0.1237882E-07

        44      0  0.0000000E+00  0.0000000E+00  0.0000000E+00  0.0000000E+00  0.0000000E+00  0.0000000E+00
        44      1  0.0000000E+00  0.0000000E+00  0.0000000E+00  0.0000000E+00  0.0000000E+00  0.0000000E+00
        44      2  0.1074666E-02 -0.3306423E-03  0.0000000E+00  0.0000000E+00 -0.2550023E-03 -0.5323851E-09
        44      3  0.2108883E-02 -0.7013903E-03  0.0000000E+00  0.0000000E+00 -0.1014615E-02 -0.2115790E-08
        44      4  0.3837092E-02 -0.2250956E-02  0.0000000E+00  0.0000000E+00 -0.6191070E-02 -0.1279177E-07

        45      0  0.0000000E+00  0.0000000E+00  0.0000000E+00  0.0000000E+00  0.0000000E+00  0.0000000E+00
        45      1  0.0000000E+00  0.0000000E+00  0.0000000E+00  0.0000000E+00  0.0000000E+00  0.0000000E+00
        45      2 -0.7306377E-03 -0.1909449E-03  0.0000000E+00  0.0000000E+00 -0.2617185E-03 -0.5385047E-09
        45      3 -0.1551602E-02 -0.3270553E-03  0.0000000E+00  0.0000000E+00 -0.1043292E-02 -0.2145310E-08
        45      4 -0.5031236E-02  0.3029575E-03  0.0000000E+00  0.0000000E+00 -0.6366369E-02 -0.1324628E-07

        46      0  0.0000000E+00  0.0000000E+00  0.0000000E+00  0.0000000E+00  0.0000000E+00  0.0000000E+00
        46      1  0.0000000E+00  0.0000000E+00  0.0000000E+00  0.0000000E+00  0.0000000E+00  0.0000000E+00
        46      2 -0.4342994E-03  0.4945047E-03  0.0000000E+00  0.0000000E+00 -0.2689318E-03 -0.5449502E-09
        46      3 -0.7245047E-03  0.9817009E-03  0.0000000E+00  0.0000000E+00 -0.1066001E-02 -0.2164334E-08
        46      4  0.8245320E-03  0.1961421E-02  0.0000000E+00  0.0000000E+00 -0.6511739E-02 -0.1323977E-07

        47      0  0.0000000E+00  0.0000000E+00  0.0000000E+00  0.0000000E+00  0.0000000E+00  0.0000000E+00
        47      1  0.0000000E+00  0.0000000E+00  0.0000000E+00  0.0000000E+00  0.0000000E+00  0.0000000E+00
        47      2  0.1117268E-02 -0.2377658E-03  0.0000000E+00  0.0000000E+00 -0.2730198E-03 -0.5695909E-09
        47      3  0.2228358E-02 -0.5318673E-03  0.0000000E+00  0.0000000E+00 -0.1085103E-02 -0.2263887E-08
        47      4  0.4586259E-02 -0.2068030E-02  0.0000000E+00  0.0000000E+00 -0.6606411E-02 -0.1375917E-07

        48      0  0.0000000E+00  0.0000000E+00  0.0000000E+00  0.0000000E+00  0.0000000E+00  0.0000000E+00
        48      1  0.0000000E+00  0.0000000E+00  0.0000000E+00  0.0000000E+00  0.0000000E+00  0.0000000E+00
        48      2 -0.5180774E-03 -0.2916132E-03  0.0000000E+00  0.0000000E+00 -0.2785205E-03 -0.5710924E-09
        48      3 -0.1160799E-02 -0.5302652E-03  0.0000000E+00  0.0000000E+00 -0.1110810E-02 -0.2273461E-08
        48      4 -0.4620281E-02 -0.1992659E-03  0.0000000E+00  0.0000000E+00 -0.6787114E-02 -0.1409422E-07

        49      0  0.0000000E+00  0.0000000E+00  0.0000000E+00  0.0000000E+00  0.0000000E+00  0.0000000E+00
        49      1  0.0000000E+00  0.0000000E+00  0.0000000E+00  0.0000000E+00  0.0000000E+00  0.0000000E+00
        49      2 -0.6593015E-03  0.4881103E-03  0.0000000E+00  0.0000000E+00 -0.2856145E-03 -0.5833533E-09
        49      3 -0.1178545E-02  0.9870852E-03  0.0000000E+00  0.0000000E+00 -0.1132536E-02 -0.2313821E-08
        49      4 -0.2655559E-03  0.2228591E-02  0.0000000E+00  0.0000000E+00 -0.6917312E-02 -0.1410335E-07

        50      0  0.0000000E+00  0.0000000E+00  0.0000000E+00  0.0000000E+00  0.0000000E+00  0.0000000E+00
        50      1  0.0000000E+00  0.0000000E+00  0.0000000E+00  0.0000000E+00  0.0000000E+00  0.0000000E+00
        50      2  0.1098162E-02 -0.1318926E-03  0.0000000E+00  0.0000000E+00 -0.2910520E-03 -0.6052161E-09
        50      3  0.2229246E-02 -0.3348786E-03  0.0000000E+00  0.0000000E+00 -0.1155735E-02 -0.2405491E-08
        50      4  0.5158575E-02 -0.1816082E-02  0.0000000E+00  0.0000000E+00 -0.7025988E-02 -0.1469538E-07

        51      0  0.0000000E+00  0.0000000E+00  0.0000000E+00  0.0000000E+00  0.0000000E+00  0.0000000E+00
        51      1  0.0000000E+00  0.0000000E+00  0.0000000E+00  0.0000000E+00  0.0000000E+00  0.0000000E+00
        51      2 -0.2767290E-03 -0.3758841E-03  0.0000000E+00  0.0000000E+00 -0.2951687E-03 -0.6044065E-09
        51      3 -0.7080733E-03 -0.7039330E-03  0.0000000E+00  0.0000000E+00 -0.1177515E-02 -0.2403193E-08
        51      4 -0.4038507E-02 -0.6835843E-03  0.0000000E+00  0.0000000E+00 -0.7206003E-02 -0.1490169E-07

        52      0  0.0000000E+00  0.0000000E+00  0.0000000E+00  0.0000000E+00  0.0000000E+00  0.0000000E+00
        52      1  0.0000000E+00  0.0000000E+00  0.0000000E+00  0.0000000E+00  0.0000000E+00  0.0000000E+00
        52      2 -0.8475680E-03  0.4543909E-03  0.0000000E+00  0.0000000E+00 -0.3023547E-03 -0.6224562E-09
        52      3 -0.1568398E-02  0.9386468E-03  0.0000000E+00  0.0000000E+00 -0.1199392E-02 -0.2466599E-08
        52      4 -0.1322807E-02  0.2406259E-02  0.0000000E+00  0.0000000E+00 -0.7323290E-02 -0.1496909E-07

        53      0  0.0000000E+00  0.0000000E+00  0.0000000E+00  0.0000000E+00  0.0000000E+00  0.0000000E+00
        53      1  0.0000000E+00  0.0000000E+00  0.0000000E+00  0.0000000E+00  0.0000000E+00  0.0000000E+00
        53      2  0.1018348E-02 -0.1860570E-04  0.0000000E+00  0.0000000E+00 -0.3089780E-03 -0.6394842E-09
        53      3  0.2111163E-02 -0.1198542E-03  0.0000000E+00  0.0000000E+00 -0.1226107E-02 -0.2541808E-08
        53      4  0.5528467E-02 -0.1503953E-02  0.0000000E+00  0.0000000E+00 -0.7449379E-02 -0.1559093E-07

        54      0  0.0000000E+00  0.0000000E+00  0.0000000E+00  0.0000000E+00  0.0000000E+00  0.0000000E+00
        54      1  0.0000000E+00  0.0000000E+00  0.0000000E+00  0.0000000E+00  0.0000000E+00  0.0000000E+00
        54      2 -0.1961290E-04 -0.4393003E-03  0.0000000E+00  0.0000000E+00 -0.3117371E-03 -0.6391712E-09
        54      3 -0.2162233E-03 -0.8394993E-03  0.0000000E+00  0.0000000E+00 -0.1243613E-02 -0.2538206E-08
        54      4 -0.3309343E-02 -0.1130182E-02  0.0000000E+00  0.0000000E+00 -0.7622447E-02 -0.1568098E-07

        55      0  0.0000000E+00  0.0000000E+00  0.0000000E+00  0.0000000E+00  0.0000000E+00  0.0000000E+00
        55      1  0.0000000E+00  0.0000000E+00  0.0000000E+00  0.0000000E+00  0.0000000E+00  0.0000000E+00
        55      2 -0.9889880E-03  0.3951885E-03  0.0000000E+00  0.0000000E+00 -0.3191896E-03 -0.6617097E-09
        55      3 -0.1874434E-02  0.8387656E-03  0.0000000E+00  0.0000000E+00 -0.1266722E-02 -0.2621481E-08
        55      4 -0.2309307E-02  0.2486013E-02  0.0000000E+00  0.0000000E+00 -0.7731015E-02 -0.1584088E-07

        56      0  0.0000000E+00  0.0000000E+00  0.0000000E+00  0.0000000E+00  0.0000000E+00  0.0000000E+00
        56      1  0.0000000E+00  0.0000000E+00  0.0000000E+00  0.0000000E+00  0.0000000E+00  0.0000000E+00
        56      2  0.8822908E-03  0.9605909E-04  0.0000000E+00  0.0000000E+00 -0.3266875E-03 -0.6728756E-09
        56      3  0.1880449E-02  0.1027152E-03  0.0000000E+00  0.0000000E+00 -0.1295829E-02 -0.2674979E-08
        56      4  0.5680119E-02 -0.1140665E-02  0.0000000E+00  0.0000000E+00 -0.7875130E-02 -0.1644716E-07

        57      0  0.0000000E+00  0.0000000E+00  0.0000000E+00  0.0000000E+00  0.0000000E+00  0.0000000E+00
        57      1  0.0000000E+00  0.0000000E+00  0.0000000E+00  0.0000000E+00  0.0000000E+00  0.0000000E+00
        57      2  0.2393134E-03 -0.4786011E-03  0.0000000E+00  0.0000000E+00 -0.3283221E-03 -0.6757466E-09
        57      3  0.2897383E-03 -0.9306269E-03  0.0000000E+00  0.0000000E+00 -0.1309423E-02 -0.2680845E-08
        57      4 -0.2457925E-02 -0.1523412E-02  0.0000000E+00  0.0000000E+00 -0.8035655E-02 -0.1645196E-07

        58      0  0.0000000E+00  0.0000000E+00  0.0000000E+00  0.0000000E+00  0.0000000E+00  0.0000000E+00
        58      1  0.0000000E+00  0.0000000E+00  0.0000000E+00  0.0000000E+00  0.0000000E+00  0.0000000E+00
        58      2 -0.1076027E-02  0.3138466E-03  0.0000000E+00  0.0000000E+00 -0.3361136E-03 -0.7004714E-09
        58      3 -0.2081379E-02  0.6928793E-03  0.0000000E+00  0.0000000E+00 -0.1334518E-02 -0.2776478E-08
        58      4 -0.3193879E-02  0.2463729E-02  0.0000000E+00  0.0000000E+00 -0.8140913E-02 -0.1672515E-07

        59      0  0.0000000E+00  0.0000000E+00  0.0000000E+00  0.0000000E+00  0.0000000E+00  0.0000000E+00
        59      1  0.0000000E+00  0.0000000E+00  0.0000000E+00  0.0000000E+00  0.0000000E+00  0.0000000E+00
        59      2  0.6976560E-03  0.2059019E-03  0.0000000E+00  0.0000000E+00 -0.3441007E-03 -0.7059900E-09
        59      3  0.1549842E-02  0.3216234E-03  0.0000000E+00  0.0000000E+00 -0.1364596E-02 -0.2807339E-08
        59      4  0.5606793E-02 -0.7353449E-03  0.0000000E+00  0.0000000E+00 -0.8301030E-02 -0.1727399E-07

        60      0  0.0000000E+00  0.0000000E+00  0.0000000E+00  0.0000000E+00  0.0000000E+00  0.0000000E+00
        60      1  0.0000000E+00  0.0000000E+00  0.0000000E+00  0.0000000E+00  0.0000000E+00  0.0000000E+00
        60      2  0.4858779E-03 -0.4918531E-03  0.0000000E+00  0.0000000E+00 -0.3450223E-03 -0.7140262E-09
        60      3  0.7836233E-03 -0.9733692E-03  0.0000000E+00  0.0000000E+00 -0.1375320E-02 -0.2831366E-08
        60      4 -0.1510086E-02 -0.1851498E-02  0.0000000E+00  0.0000000E+00 -0.8444845E-02 -0.1723734E-07

        61      0  0.0000000E+00  0.0000000E+00  0.0000000E+00  0.0000000E+00  0.0000000E+00  0.0000000E+00
        61      1  0.0000000E+00  0.0000000E+00  0.0000000E+00  0.0000000E+00  0.0000000E+00  0.0000000E+00
        61      2 -0.1104095E-02  0.2150098E-03  0.0000000E+00  0.0000000E+00 -0.3530826E-03 -0.7381327E-09
        61      3 -0.2178993E-02  0.5091952E-03  0.0000000E+00  0.0000000E+00 -0.1402623E-02 -0.2929038E-08
        61      4 -0.3950462E-02  0.2339133E-02  0.0000000E+00  0.0000000E+00 -0.8552619E-02 -0.1762783E-07

        62      0  0.0000000E+00  0.0000000E+00  0.0000000E+00  0.0000000E+00  0.0000000E+00  0.0000000E+00
        62      1  0.0000000E+00  0.0000000E+00  0.0000000E+00  0.0000000E+00  0.0000000E+00  0.0000000E+00
        62      2  0.4748499E-03  0.3048783E-03  0.0000000E+00  0.0000000E+00 -0.3611820E-03 -0.7394161E-09
        62      3  0.1137726E-02  0.5254199E-03  0.0000000E+00  0.0000000E+00 -0.1432248E-02 -0.2940836E-08
        62      4  0.5310198E-02 -0.2979154E-03  0.0000000E+00  0.0000000E+00 -0.8724576E-02 -0.1808587E-07

        63      0  0.0000000E+00  0.0000000E+00  0.0000000E+00  0.0000000E+00  0.0000000E+00  0.0000000E+00
        63      1  0.0000000E+00  0.0000000E+00  0.0000000E+00  0.0000000E+00  0.0000000E+00  0.0000000E+00
        63      2  0.7064560E-03 -0.4785086E-03  0.0000000E+00  0.0000000E+00 -0.3619171E-03 -0.7534707E-09
        63      3  0.1239299E-02 -0.9662215E-03  0.0000000E+00  0.0000000E+00 -0.1441650E-02 -0.2987862E-08
        63      4 -0.4933517E-03 -0.2105731E-02  0.0000000E+00  0.0000000E+00 -0.8849635E-02 -0.1805748E-07

        64      0  0.0000000E+00  0.0000000E+00  0.0000000E+00  0.0000000E+00  0.0000000E+00  0.0000000E+00
        64      1  0.0000000E+00  0.0000000E+00  0.0000000E+00  0.0000000E+00  0.0000000E+00  0.0000000E+00
        64      2 -0.1071773E-02  0.1043329E-03  0.0000000E+00  0.0000000E+00 -0.3700270E-03 -0.7742741E-09
        64      3 -0.2162579E-02  0.2981822E-03  0.0000000E+00  0.0000000E+00 -0.1470767E-02 -0.3076666E-08
        64      4 -0.4556151E-02  0.2115782E-02  0.0000000E+00  0.0000000E+00 -0.8965337E-02 -0.1855092E-07

        65      0  0.0000000E+00  0.0000000E+00  0.0000000E+00  0.0000000E+00  0.0000000E+00  0.0000000E+00
        65      1  0.0000000E+00  0.0000000E+00  0.0000000E+00  0.0000000E+00  0.0000000E+00  0.0000000E+00
        65      2  0.2263864E-03  0.3874357E-03  0.0000000E+00  0.0000000E+00 -0.3779453E-03 -0.7736380E-09
        65      3  0.6669621E-03  0.7030173E-03  0.0000000E+00  0.0000000E+00 -0.1498796E-02 -0.3076793E-08
        65      4  0.4800691E-02  0.1597593E-03  0.0000000E+00  0.0000000E+00 -0.9143533E-02 -0.1889732E-07

        66      0  0.0000000E+00  0.0000000E+00  0.0000000E+00  0.0000000E+00  0.0000000E+00  0.0000000E+00
        66      1  0.0000000E+00  0.0000000E+00  0.0000000E+00  0.0000000E+00  0.0000000E+00  0.0000000E+00
        66      2  0.8887361E-03 -0.4393974E-03  0.0000000E+00  0.0000000E+00 -0.3790482E-03 -0.7932655E-09
        66      3  0.1632101E-02 -0.9100668E-03  0.0000000E+00  0.0000000E+00 -0.1508655E-02 -0.3146873E-08
        66      4  0.5609973E-03 -0.2279800E-02  0.0000000E+00  0.0000000E+00 -0.9250413E-02 -0.1892547E-07

        67      0  0.0000000E+00  0.0000000E+00  0.0000000E+00  0.0000000E+00  0.0000000E+00  0.0000000E+00
        67      1  0.0000000E+00  0.0000000E+00  0.0000000E+00  0.0000000E+00  0.0000000E+00  0.0000000E+00
        67      2 -0.9808625E-03 -0.1187834E-04  0.0000000E+00  0.0000000E+00 -0.3868714E-03 -0.8088034E-09
        67      3 -0.2033231E-02  0.7186166E-04  0.0000000E+00  0.0000000E+00 -0.1538628E-02 -0.3217736E-08
        67      4 -0.4990355E-02  0.1801557E-02  0.0000000E+00  0.0000000E+00 -0.9378243E-02 -0.1948997E-07

        68      0  0.0000000E+00  0.0000000E+00  0.0000000E+00  0.0000000E+00  0.0000000E+00  0.0000000E+00
        68      1  0.0000000E+00  0.0000000E+00  0.0000000E+00  0.0000000E+00  0.0000000E+00  0.0000000E+00
        68      2 -0.3386470E-04  0.4488467E-03  0.0000000E+00  0.0000000E+00 -0.3944490E-03 -0.8089811E-09
        68      3  0.1634042E-03  0.8443874E-03  0.0000000E+00  0.0000000E+00 -0.1564423E-02 -0.3215970E-08
        68      4  0.4098206E-02  0.6228863E-03  0.0000000E+00  0.0000000E+00 -0.9556414E-02 -0.1971907E-07

        69      0  0.0000000E+00  0.0000000E+00  0.0000000E+00  0.0000000E+00  0.0000000E+00  0.0000000E+00
        69      1  0.0000000E+00  0.0000000E+00  0.0000000E+00  0.0000000E+00  0.0000000E+00  0.0000000E+00
        69      2  0.1022441E-02 -0.3766588E-03  0.0000000E+00  0.0000000E+00 -0.3964099E-03 -0.8325491E-09
        69      3  0.1940326E-02 -0.8080268E-03  0.0000000E+00  0.0000000E+00 -0.1576422E-02 -0.3304473E-08
        69      4  0.1616293E-02 -0.2369676E-02  0.0000000E+00  0.0000000E+00 -0.9648476E-02 -0.1984348E-07

        70      0  0.0000000E+00  0.0000000E+00  0.0000000E+00  0.0000000E+00  0.0000000E+00  0.0000000E+00
        70      1  0.0000000E+00  0.0000000E+00  0.0000000E+00  0.0000000E+00  0.0000000E+00  0.0000000E+00
        70      2 -0.8362859E-03 -0.1270636E-03  0.0000000E+00  0.0000000E+00 -0.4035544E-03 -0.8420238E-09
        70      3 -0.1797747E-02 -0.1570352E-03  0.0000000E+00  0.0000000E+00 -0.1605907E-02 -0.3352193E-08
        70      4 -0.5235880E-02  0.1409331E-02  0.0000000E+00  0.0000000E+00 -0.9790711E-02 -0.2043349E-07

        71      0  0.0000000E+00  0.0000000E+00  0.0000000E+00  0.0000000E+00  0.0000000E+00  0.0000000E+00
        71      1  0.0000000E+00  0.0000000E+00  0.0000000E+00  0.0000000E+00  0.0000000E+00  0.0000000E+00
        71      2 -0.2914893E-03  0.4855115E-03  0.0000000E+00  0.0000000E+00 -0.4107823E-03 -0.8455866E-09
        71      3 -0.3457486E-03  0.9412587E-03  0.0000000E+00  0.0000000E+00 -0.1629441E-02 -0.3358769E-08
        71      4  0.3233002E-02  0.1073536E-02  0.0000000E+00  0.0000000E+00 -0.9962760E-02 -0.2055586E-07

        72      0  0.0000000E+00  0.0000000E+00  0.0000000E+00  0.0000000E+00  0.0000000E+00  0.0000000E+00
        72      1  0.0000000E+00  0.0000000E+00  0.0000000E+00  0.0000000E+00  0.0000000E+00  0.0000000E+00
        72      2  0.1099953E-02 -0.2936250E-03  0.0000000E+00  0.0000000E+00 -0.4139479E-03 -0.8706366E-09
        72      3  0.2146633E-02 -0.6652432E-03  0.0000000E+00  0.0000000E+00 -0.1644860E-02 -0.3457420E-08
        72      4  0.2630633E-02 -0.2373979E-02  0.0000000E+00  0.0000000E+00 -0.1004580E-01 -0.2080151E-07

        73      0  0.0000000E+00  0.0000000E+00  0.0000000E+00  0.0000000E+00  0.0000000E+00  0.0000000E+00
        73      1  0.0000000E+00  0.0000000E+00  0.0000000E+00  0.0000000E+00  0.0000000E+00  0.0000000E+00
        73      2 -0.6458198E-03 -0.2348083E-03  0.0000000E+00  0.0000000E+00 -0.4200465E-03 -0.8745953E-09
        73      3 -0.1468204E-02 -0.3759359E-03  0.0000000E+00  0.0000000E+00 -0.1672397E-02 -0.3481835E-08
        73      4 -0.5281584E-02  0.9571378E-03  0.0000000E+00  0.0000000E+00 -0.1020234E-01 -0.2136494E-07

        74      0  0.0000000E+00  0.0000000E+00  0.0000000E+00  0.0000000E+00  0.0000000E+00  0.0000000E+00
        74      1  0.0000000E+00  0.0000000E+00  0.0000000E+00  0.0000000E+00  0.0000000E+00  0.0000000E+00
        74      2 -0.5323443E-03  0.4952031E-03  0.0000000E+00  0.0000000E+00 -0.4270454E-03 -0.8833971E-09
        74      3 -0.8335593E-03  0.9877202E-03  0.0000000E+00  0.0000000E+00 -0.1694222E-02 -0.3505373E-08
        74      4  0.2244979E-02  0.1491590E-02  0.0000000E+00  0.0000000E+00 -0.1036319E-01 -0.2140640E-07

        75      0  0.0000000E+00  0.0000000E+00  0.0000000E+00  0.0000000E+00  0.0000000E+00  0.0000000E+00
        75      1  0.0000000E+00  0.0000000E+00  0.0000000E+00  0.0000000E+00  0.0000000E+00  0.0000000E+00
        75      2  0.1116794E-02 -0.1946610E-03  0.0000000E+00  0.0000000E+00 -0.4315680E-03 -0.9071741E-09
        75      3  0.2239193E-02 -0.4886269E-03  0.0000000E+00  0.0000000E+00 -0.1713719E-02 -0.3603990E-08
        75      4  0.3559353E-02 -0.2294432E-02  0.0000000E+00  0.0000000E+00 -0.1044453E-01 -0.2177958E-07

        76      0  0.0000000E+00  0.0000000E+00  0.0000000E+00  0.0000000E+00  0.0000000E+00  0.0000000E+00
        76      1  0.0000000E+00  0.0000000E+00  0.0000000E+00  0.0000000E+00  0.0000000E+00  0.0000000E+00
        76      2 -0.4196956E-03 -0.3292150E-03  0.0000000E+00  0.0000000E+00 -0.4363595E-03 -0.9073836E-09
        76      3 -0.1061274E-02 -0.5732095E-03  0.0000000E+00  0.0000000E+00 -0.1738024E-02 -0.3609991E-08
        76      4 -0.5125194E-02  0.4672488E-03  0.0000000E+00  0.0000000E+00 -0.1061285E-01 -0.2226748E-07

        77      0  0.0000000E+00  0.0000000E+00  0.0000000E+00  0.0000000E+00  0.0000000E+00  0.0000000E+00
        77      1  0.0000000E+00  0.0000000E+00  0.0000000E+00  0.0000000E+00  0.0000000E+00  0.0000000E+00
        77      2 -0.7433246E-03  0.4772323E-03  0.0000000E+00  0.0000000E+00 -0.4433279E-03 -0.9221505E-09
        77      3 -0.1274762E-02  0.9806669E-03  0.0000000E+00  0.0000000E+00 -0.1759117E-02 -0.3655682E-08
        77      4  0.1180816E-02  0.1856689E-02  0.0000000E+00  0.0000000E+00 -0.1075924E-01 -0.2226568E-07

        78      0  0.0000000E+00  0.0000000E+00  0.0000000E+00  0.0000000E+00  0.0000000E+00  0.0000000E+00
        78      1  0.0000000E+00  0.0000000E+00  0.0000000E+00  0.0000000E+00  0.0000000E+00  0.0000000E+00
        78      2  0.1071917E-02 -0.8496836E-04  0.0000000E+00  0.0000000E+00 -0.4491534E-03 -0.9421855E-09
        78      3  0.2212480E-02 -0.2866072E-03  0.0000000E+00  0.0000000E+00 -0.1782637E-02 -0.3744224E-08
        78      4  0.4359193E-02 -0.2135861E-02  0.0000000E+00  0.0000000E+00 -0.1084647E-01 -0.2275337E-07

        79      0  0.0000000E+00  0.0000000E+00  0.0000000E+00  0.0000000E+00  0.0000000E+00  0.0000000E+00
        79      1  0.0000000E+00  0.0000000E+00  0.0000000E+00  0.0000000E+00  0.0000000E+00  0.0000000E+00
        79      2 -0.1700830E-03 -0.4052217E-03  0.0000000E+00  0.0000000E+00 -0.4525471E-03 -0.9412348E-09
        79      3 -0.5974256E-03 -0.7387871E-03  0.0000000E+00  0.0000000E+00 -0.1802877E-02 -0.3740644E-08
        79      4 -0.4774520E-02 -0.3591689E-04  0.0000000E+00  0.0000000E+00 -0.1102201E-01 -0.2312958E-07

        80      0  0.0000000E+00  0.0000000E+00  0.0000000E+00  0.0000000E+00  0.0000000E+00  0.0000000E+00
        80      1  0.0000000E+00  0.0000000E+00  0.0000000E+00  0.0000000E+00  0.0000000E+00  0.0000000E+00
        80      2 -0.9130470E-03  0.4325171E-03  0.0000000E+00  0.0000000E+00 -0.4596896E-03 -0.9613911E-09
        80      3 -0.1646912E-02  0.9200605E-03  0.0000000E+00  0.0000000E+00 -0.1824387E-02 -0.3809079E-08
        80      4  0.8937583E-04  0.2150526E-02  0.0000000E+00  0.0000000E+00 -0.1115300E-01 -0.2312866E-07

        81      0  0.0000000E+00  0.0000000E+00  0.0000000E+00  0.0000000E+00  0.0000000E+00  0.0000000E+00
        81      1  0.0000000E+00  0.0000000E+00  0.0000000E+00  0.0000000E+00  0.0000000E+00  0.0000000E+00
        81      2  0.9677911E-03  0.2964726E-04  0.0000000E+00  0.0000000E+00 -0.4665850E-03 -0.9760175E-09
        81      3  0.2067664E-02 -0.6888389E-04  0.0000000E+00  0.0000000E+00 -0.1851206E-02 -0.3879608E-08
        81      4  0.4992639E-02 -0.1905540E-02  0.0000000E+00  0.0000000E+00 -0.1125257E-01 -0.2370135E-07

        82      0  0.0000000E+00  0.0000000E+00  0.0000000E+00  0.0000000E+00  0.0000000E+00  0.0000000E+00
        82      1  0.0000000E+00  0.0000000E+00  0.0000000E+00  0.0000000E+00  0.0000000E+00  0.0000000E+00
        82      2  0.8952028E-04 -0.4588522E-03  0.0000000E+00  0.0000000E+00 -0.4686948E-03 -0.9767406E-09
        82      3 -0.1000498E-03 -0.8645990E-03  0.0000000E+00  0.0000000E+00 -0.1867192E-02 -0.3877273E-08
        82      4 -0.4246184E-02 -0.5284636E-03  0.0000000E+00  0.0000000E+00 -0.1142949E-01 -0.2394941E-07

        83      0  0.0000000E+00  0.0000000E+00  0.0000000E+00  0.0000000E+00  0.0000000E+00  0.0000000E+00
        83      1  0.0000000E+00  0.0000000E+00  0.0000000E+00  0.0000000E+00  0.0000000E+00  0.0000000E+00
        83      2 -0.1032426E-02  0.3635469E-03  0.0000000E+00  0.0000000E+00 -0.4761500E-03 -0.1000518E-08
        83      3 -0.1931315E-02  0.8089993E-03  0.0000000E+00  0.0000000E+00 -0.1890148E-02 -0.3964191E-08
        83      4 -0.9831324E-03  0.2358612E-02  0.0000000E+00  0.0000000E+00 -0.1154660E-01 -0.2399345E-07

        84      0  0.0000000E+00  0.0000000E+00  0.0000000E+00  0.0000000E+00  0.0000000E+00  0.0000000E+00
        84      1  0.0000000E+00  0.0000000E+00  0.0000000E+00  0.0000000E+00  0.0000000E+00  0.0000000E+00
        84      2  0.8102678E-03  0.1430442E-03  0.0000000E+00  0.0000000E+00 -0.4837632E-03 -0.1009218E-08
        84      3  0.1812603E-02  0.1538530E-03  0.0000000E+00  0.0000000E+00 -0.1919049E-02 -0.4012393E-08
        84      4  0.5430938E-02 -0.1612098E-02  0.0000000E+00  0.0000000E+00 -0.1166278E-01 -0.2461055E-07

        85      0  0.0000000E+00  0.0000000E+00  0.0000000E+00  0.0000000E+00  0.0000000E+00  0.0000000E+00
        85      1  0.0000000E+00  0.0000000E+00  0.0000000E+00  0.0000000E+00  0.0000000E+00  0.0000000E+00
        85      2  0.3449761E-03 -0.4873902E-03  0.0000000E+00  0.0000000E+00 -0.4849025E-03 -0.1014071E-08
        85      3  0.4054713E-03 -0.9448484E-03  0.0000000E+00  0.0000000E+00 -0.1931309E-02 -0.4021786E-08
        85      4 -0.3562498E-02 -0.9893248E-03  0.0000000E+00  0.0000000E+00 -0.1183477E-01 -0.2473600E-07

        86      0  0.0000000E+00  0.0000000E+00  0.0000000E+00  0.0000000E+00  0.0000000E+00  0.0000000E+00
        86      1  0.0000000E+00  0.0000000E+00  0.0000000E+00  0.0000000E+00  0.0000000E+00  0.0000000E+00
        86      2 -0.1095126E-02  0.2742406E-03  0.0000000E+00  0.0000000E+00 -0.4926863E-03 -0.1038885E-08
        86      3 -0.2113802E-02  0.6535920E-03  0.0000000E+00  0.0000000E+00 -0.1956356E-02 -0.4118863E-08
        86      4 -0.1996508E-02  0.2471040E-02  0.0000000E+00  0.0000000E+00 -0.1194164E-01 -0.2486261E-07

        87      0  0.0000000E+00  0.0000000E+00  0.0000000E+00  0.0000000E+00  0.0000000E+00  0.0000000E+00
        87      1  0.0000000E+00  0.0000000E+00  0.0000000E+00  0.0000000E+00  0.0000000E+00  0.0000000E+00
        87      2  0.6082287E-03  0.2490473E-03  0.0000000E+00  0.0000000E+00 -0.5006253E-03 -0.1042396E-08
        87      3  0.1461419E-02  0.3702943E-03  0.0000000E+00  0.0000000E+00 -0.1985891E-02 -0.4144863E-08
        87      4  0.5655128E-02 -0.1264550E-02  0.0000000E+00  0.0000000E+00 -0.1207596E-01 -0.2547888E-07

        88      0  0.0000000E+00  0.0000000E+00  0.0000000E+00  0.0000000E+00  0.0000000E+00  0.0000000E+00
        88      1  0.0000000E+00  0.0000000E+00  0.0000000E+00  0.0000000E+00  0.0000000E+00  0.0000000E+00
        88      2  0.5822481E-03 -0.4894803E-03  0.0000000E+00  0.0000000E+00 -0.5012634E-03 -0.1052925E-08
        88      3  0.8928458E-03 -0.9761499E-03  0.0000000E+00  0.0000000E+00 -0.1995602E-02 -0.4173922E-08
        88      4 -0.2748257E-02 -0.1401477E-02  0.0000000E+00  0.0000000E+00 -0.1223713E-01 -0.2550722E-07

        89      0  0.0000000E+00  0.0000000E+00  0.0000000E+00  0.0000000E+00  0.0000000E+00  0.0000000E+00
        89      1  0.0000000E+00  0.0000000E+00  0.0000000E+00  0.0000000E+00  0.0000000E+00  0.0000000E+00
        89      2 -0.1097868E-02  0.1697062E-03  0.0000000E+00  0.0000000E+00 -0.5092416E-03 -0.1075944E-08
        89      3 -0.2185373E-02  0.4626195E-03  0.0000000E+00  0.0000000E+00 -0.2022823E-02 -0.4270490E-08
        89      4 -0.2917487E-02  0.2482337E-02  0.0000000E+00  0.0000000E+00 -0.1233884E-01 -0.2574205E-07

        90      0  0.0000000E+00  0.0000000E+00  0.0000000E+00  0.0000000E+00  0.0000000E+00  0.0000000E+00
        90      1  0.0000000E+00  0.0000000E+00  0.0000000E+00  0.0000000E+00  0.0000000E+00  0.0000000E+00
        90      2  0.3730483E-03  0.3417771E-03  0.0000000E+00  0.0000000E+00 -0.5171566E-03 -0.1076105E-08
        90      3  0.1033640E-02  0.5690147E-03  0.0000000E+00  0.0000000E+00 -0.2051609E-02 -0.4278832E-08
        90      4  0.5655596E-02 -0.8719442E-03  0.0000000E+00  0.0000000E+00 -0.1249010E-01 -0.2631385E-07

        91      0  0.0000000E+00  0.0000000E+00  0.0000000E+00  0.0000000E+00  0.0000000E+00  0.0000000E+00
        91      1  0.0000000E+00  0.0000000E+00  0.0000000E+00  0.0000000E+00  0.0000000E+00  0.0000000E+00
        91      2  0.7881700E-03 -0.4651566E-03  0.0000000E+00  0.0000000E+00 -0.5178428E-03 -0.1092623E-08
        91      3  0.1336149E-02 -0.9575572E-03  0.0000000E+00  0.0000000E+00 -0.2060401E-02 -0.4331340E-08
        91      4 -0.1829043E-02 -0.1751958E-02  0.0000000E+00  0.0000000E+00 -0.1263573E-01 -0.2628543E-07

        92      0  0.0000000E+00  0.0000000E+00  0.0000000E+00  0.0000000E+00  0.0000000E+00  0.0000000E+00
        92      1  0.0000000E+00  0.0000000E+00  0.0000000E+00  0.0000000E+00  0.0000000E+00  0.0000000E+00
        92      2 -0.1040583E-02  0.5591792E-04  0.0000000E+00  0.0000000E+00 -0.5257414E-03 -0.1111399E-08
        92      3 -0.2142650E-02  0.2469772E-03  0.0000000E+00  0.0000000E+00 -0.2089261E-02 -0.4416705E-08
        92      4 -0.3718568E-02  0.2391003E-02  0.0000000E+00  0.0000000E+00 -0.1273807E-01 -0.2663822E-07

        93      0  0.0000000E+00  0.0000000E+00  0.0000000E+00  0.0000000E+00  0.0000000E+00  0.0000000E+00
        93      1  0.0000000E+00  0.0000000E+00  0.0000000E+00  0.0000000E+00  0.0000000E+00  0.0000000E+00
        93      2  0.1179052E-03  0.4159875E-03  0.0000000E+00  0.0000000E+00 -0.5333906E-03 -0.1110767E-08
        93      3  0.5529596E-03  0.7391073E-03  0.0000000E+00  0.0000000E+00 -0.2116256E-02 -0.4415480E-08
        93      4  0.5431315E-02 -0.4438291E-03  0.0000000E+00  0.0000000E+00 -0.1290274E-01 -0.2712894E-07

        94      0  0.0000000E+00  0.0000000E+00  0.0000000E+00  0.0000000E+00  0.0000000E+00  0.0000000E+00
        94      1  0.0000000E+00  0.0000000E+00  0.0000000E+00  0.0000000E+00  0.0000000E+00  0.0000000E+00
        94      2  0.9511996E-03 -0.4158092E-03  0.0000000E+00  0.0000000E+00 -0.5346634E-03 -0.1132303E-08
        94      3  0.1711265E-02 -0.8904847E-03  0.0000000E+00  0.0000000E+00 -0.2125914E-02 -0.4490367E-08
        94      4 -0.8316251E-03 -0.2031146E-02  0.0000000E+00  0.0000000E+00 -0.1303002E-01 -0.2709231E-07

        95      0  0.0000000E+00  0.0000000E+00  0.0000000E+00  0.0000000E+00  0.0000000E+00  0.0000000E+00
        95      1  0.0000000E+00  0.0000000E+00  0.0000000E+00  0.0000000E+00  0.0000000E+00  0.0000000E+00
        95      2 -0.9264067E-03 -0.6066242E-04  0.0000000E+00  0.0000000E+00 -0.5421136E-03 -0.1145320E-08
        95      3 -0.1988064E-02  0.1892759E-04  0.0000000E+00  0.0000000E+00 -0.2155348E-02 -0.4556190E-08
        95      4 -0.4375986E-02  0.2199306E-02  0.0000000E+00  0.0000000E+00 -0.1313862E-01 -0.2755476E-07

        96      0  0.0000000E+00  0.0000000E+00  0.0000000E+00  0.0000000E+00  0.0000000E+00  0.0000000E+00
        96      1  0.0000000E+00  0.0000000E+00  0.0000000E+00  0.0000000E+00  0.0000000E+00  0.0000000E+00
        96      2 -0.1430022E-03  0.4673897E-03  0.0000000E+00  0.0000000E+00 -0.5494008E-03 -0.1146633E-08
        96      3  0.4568825E-04  0.8708887E-03  0.0000000E+00  0.0000000E+00 -0.2180049E-02 -0.4555464E-08
        96      4  0.4989733E-02  0.8695712E-05  0.0000000E+00  0.0000000E+00 -0.1331148E-01 -0.2793908E-07

        97      0  0.0000000E+00  0.0000000E+00  0.0000000E+00  0.0000000E+00  0.0000000E+00  0.0000000E+00
        97      1  0.0000000E+00  0.0000000E+00  0.0000000E+00  0.0000000E+00  0.0000000E+00  0.0000000E+00
        97      2  0.1062106E-02 -0.3440943E-03  0.0000000E+00  0.0000000E+00 -0.5516985E-03 -0.1171152E-08
        97      3  0.1997379E-02 -0.7785407E-03  0.0000000E+00  0.0000000E+00 -0.2192188E-02 -0.4647137E-08
        97      4  0.2141769E-03 -0.2231990E-02  0.0000000E+00  0.0000000E+00 -0.1342011E-01 -0.2794381E-07

        98      0  0.0000000E+00  0.0000000E+00  0.0000000E+00  0.0000000E+00  0.0000000E+00  0.0000000E+00
        98      1  0.0000000E+00  0.0000000E+00  0.0000000E+00  0.0000000E+00  0.0000000E+00  0.0000000E+00
        98      2 -0.7614960E-03 -0.1734879E-03  0.0000000E+00  0.0000000E+00 -0.5583087E-03 -0.1178172E-08
        98      3 -0.1729677E-02 -0.2087593E-03  0.0000000E+00  0.0000000E+00 -0.2220800E-02 -0.4689314E-08
        98      4 -0.4868373E-02  0.1913638E-02  0.0000000E+00  0.0000000E+00 -0.1353966E-01 -0.2848952E-07

        99      0  0.0000000E+00  0.0000000E+00  0.0000000E+00  0.0000000E+00  0.0000000E+00  0.0000000E+00
        99      1  0.0000000E+00  0.0000000E+00  0.0000000E+00  0.0000000E+00  0.0000000E+00  0.0000000E+00
        99      2 -0.3952761E-03  0.4929334E-03  0.0000000E+00  0.0000000E+00 -0.5652838E-03 -0.1183763E-08
        99      3 -0.4608981E-03  0.9565823E-03  0.0000000E+00  0.0000000E+00 -0.2243320E-02 -0.4699130E-08
        99      4  0.4347536E-02  0.4718674E-03  0.0000000E+00  0.0000000E+00 -0.1371457E-01 -0.2875661E-07

       100      0  0.0000000E+00  0.0000000E+00  0.0000000E+00  0.0000000E+00  0.0000000E+00  0.0000000E+00
       100      1  0.0000000E+00  0.0000000E+00  0.0000000E+00  0.0000000E+00  0.0000000E+00  0.0000000E+00
       100      2  0.1114538E-02 -0.2537987E-03  0.0000000E+00  0.0000000E+00 -0.5688756E-03 -0.1208611E-08
       100      3  0.2178328E-02 -0.6272967E-03  0.0000000E+00  0.0000000E+00 -0.2259094E-02 -0.4798705E-08
       100      4  0.1273547E-02 -0.2349692E-02  0.0000000E+00  0.0000000E+00 -0.1380700E-01 -0.2884597E-07
