# number of rays:       5
# iteration   ray    X              A              Y              B              T              D
         0      0  0.0000000E+00  0.0000000E+00  0.0000000E+00  0.0000000E+00  0.0000000E+00  0.0000000E+00
         0      1  0.0000000E+00  0.0000000E+00  0.0000000E+00  0.0000000E+00  0.0000000E+00  0.0000000E+00
         0      2  0.1000000E-02  0.0000000E+00  0.0000000E+00  0.0000000E+00  0.0000000E+00  0.0000000E+00
         0      3  0.2000000E-02  0.0000000E+00  0.0000000E+00  0.0000000E+00  0.0000000E+00  0.0000000E+00
         0      4  0.5000000E-02  0.0000000E+00  0.0000000E+00  0.0000000E+00  0.0000000E+00  0.0000000E+00

         1      0  0.0000000E+00  0.0000000E+00  0.0000000E+00  0.0000000E+00  0.0000000E+00  0.0000000E+00
         1      1  0.0000000E+00  0.0000000E+00  0.0000000E+00  0.0000000E+00  0.0000000E+00  0.0000000E+00
         1      2 -0.2813085E-03 -0.3774050E-03  0.0000000E+00  0.0000000E+00 -0.2800122E-04  0.1809516E-13
         1      3 -0.5640104E-03 -0.7550095E-03  0.0000000E+00  0.0000000E+00 -0.1063532E-03  0.1843018E-12
         1      4 -0.1425858E-02 -0.1887466E-02  0.0000000E+00  0.0000000E+00 -0.6423510E-03  0.4759142E-11

         2      0  0.0000000E+00  0.0000000E+00  0.0000000E+00  0.0000000E+00  0.0000000E+00  0.0000000E+00
         2      1  0.0000000E+00  0.0000000E+00  0.0000000E+00  0.0000000E+00  0.0000000E+00  0.0000000E+00
         2      2 -0.6349701E-03  0.4928367E-03  0.0000000E+00  0.0000000E+00 -0.4964590E-04 -0.1088951E-09
         2      3 -0.1272405E-02  0.9864181E-03  0.0000000E+00  0.0000000E+00 -0.2005523E-03 -0.4349968E-09
         2      4 -0.3190377E-02  0.2472435E-02  0.0000000E+00  0.0000000E+00 -0.1258237E-02 -0.2703565E-08

         3      0  0.0000000E+00  0.0000000E+00  0.0000000E+00  0.0000000E+00  0.0000000E+00  0.0000000E+00
         3      1  0.0000000E+00  0.0000000E+00  0.0000000E+00  0.0000000E+00  0.0000000E+00  0.0000000E+00
         3      2  0.1108344E-02 -0.2653424E-03  0.0000000E+00  0.0000000E+00 -0.7696661E-04 -0.1780416E-09
         3      3  0.2217817E-02 -0.5304299E-03  0.0000000E+00  0.0000000E+00 -0.3052598E-03 -0.7104056E-09
         3      4  0.5551105E-02 -0.1330417E-02  0.0000000E+00  0.0000000E+00 -0.1894268E-02 -0.4411324E-08

         4      0  0.0000000E+00  0.0000000E+00  0.0000000E+00  0.0000000E+00  0.0000000E+00  0.0000000E+00
         4      1  0.0000000E+00  0.0000000E+00  0.0000000E+00  0.0000000E+00  0.0000000E+00  0.0000000E+00
         4      2 -0.8119644E-03 -0.1462700E-03  0.0000000E+00  0.0000000E+00 -0.1027498E-03 -0.1502064E-09
         4      3 -0.1623538E-02 -0.2931512E-03  0.0000000E+00  0.0000000E+00 -0.4064624E-03 -0.5991061E-09
         4      4 -0.4070725E-02 -0.7281621E-03  0.0000000E+00  0.0000000E+00 -0.2518254E-02 -0.3719161E-08

         5      0  0.0000000E+00  0.0000000E+00  0.0000000E+00  0.0000000E+00  0.0000000E+00  0.0000000E+00
         5      1  0.0000000E+00  0.0000000E+00  0.0000000E+00  0.0000000E+00  0.0000000E+00  0.0000000E+00
         5      2 -0.4903214E-04  0.4560197E-03  0.0000000E+00  0.0000000E+00 -0.1245940E-03 -0.1907505E-09
         5      3 -0.1006702E-03  0.9121013E-03  0.0000000E+00  0.0000000E+00 -0.5006737E-03 -0.7611396E-09
         5      4 -0.2437525E-03  0.2275782E-02  0.0000000E+00  0.0000000E+00 -0.3131590E-02 -0.4713104E-08

         6      0  0.0000000E+00  0.0000000E+00  0.0000000E+00  0.0000000E+00  0.0000000E+00  0.0000000E+00
         6      1  0.0000000E+00  0.0000000E+00  0.0000000E+00  0.0000000E+00  0.0000000E+00  0.0000000E+00
         6      2  0.8733860E-03 -0.4487140E-03  0.0000000E+00  0.0000000E+00 -0.1535162E-03 -0.3082692E-09
         6      3  0.1744641E-02 -0.8964590E-03  0.0000000E+00  0.0000000E+00 -0.6091485E-03 -0.1230952E-08
         6      4  0.4325072E-02 -0.2240256E-02  0.0000000E+00  0.0000000E+00 -0.3781915E-02 -0.7646775E-08

         7      0  0.0000000E+00  0.0000000E+00  0.0000000E+00  0.0000000E+00  0.0000000E+00  0.0000000E+00
         7      1  0.0000000E+00  0.0000000E+00  0.0000000E+00  0.0000000E+00  0.0000000E+00  0.0000000E+00
         7      2 -0.1092423E-02  0.1304330E-03  0.0000000E+00  0.0000000E+00 -0.1771309E-03 -0.3349171E-09
         7      3 -0.2182436E-02  0.2610910E-03  0.0000000E+00  0.0000000E+00 -0.7060055E-03 -0.1338786E-08
         7      4 -0.5445220E-02  0.6708356E-03  0.0000000E+00  0.0000000E+00 -0.4395592E-02 -0.8366624E-08

         8      0  0.0000000E+00  0.0000000E+00  0.0000000E+00  0.0000000E+00  0.0000000E+00  0.0000000E+00
         8      1  0.0000000E+00  0.0000000E+00  0.0000000E+00  0.0000000E+00  0.0000000E+00  0.0000000E+00
         8      2  0.5530891E-03  0.2782934E-03  0.0000000E+00  0.0000000E+00 -0.2000443E-03 -0.3113590E-09
         8      3  0.1106400E-02  0.5549722E-03  0.0000000E+00  0.0000000E+00 -0.8015895E-03 -0.1244817E-08
         8      4  0.2805479E-02  0.1359418E-02  0.0000000E+00  0.0000000E+00 -0.5007132E-02 -0.7774098E-08

         9      0  0.0000000E+00  0.0000000E+00  0.0000000E+00  0.0000000E+00  0.0000000E+00  0.0000000E+00
         9      1  0.0000000E+00  0.0000000E+00  0.0000000E+00  0.0000000E+00  0.0000000E+00  0.0000000E+00
         9      2  0.3687078E-03 -0.4939045E-03  0.0000000E+00  0.0000000E+00 -0.2291891E-03 -0.3936413E-09
         9      3  0.7311172E-03 -0.9863978E-03  0.0000000E+00  0.0000000E+00 -0.9104965E-03 -0.1573347E-08
         9      4  0.1735120E-02 -0.2453098E-02  0.0000000E+00  0.0000000E+00 -0.5658405E-02 -0.9790199E-08

        10      0  0.0000000E+00  0.0000000E+00  0.0000000E+00  0.0000000E+00  0.0000000E+00  0.0000000E+00
        10      1  0.0000000E+00  0.0000000E+00  0.0000000E+00  0.0000000E+00  0.0000000E+00  0.0000000E+00
        10      2 -0.1036935E-02  0.3671569E-03  0.0000000E+00  0.0000000E+00 -0.2512806E-03 -0.4947977E-09
        10      3 -0.2071062E-02  0.7356730E-03  0.0000000E+00  0.0000000E+00 -0.1004795E-02 -0.1978753E-08
        10      4 -0.5137710E-02  0.1865633E-02  0.0000000E+00  0.0000000E+00 -0.6269230E-02 -0.1235859E-07

        11      0  0.0000000E+00  0.0000000E+00  0.0000000E+00  0.0000000E+00  0.0000000E+00  0.0000000E+00
        11      1  0.0000000E+00  0.0000000E+00  0.0000000E+00  0.0000000E+00  0.0000000E+00  0.0000000E+00
        11      2  0.9847187E-03  0.1495129E-04  0.0000000E+00  0.0000000E+00 -0.2760489E-03 -0.4842611E-09
        11      3  0.1972042E-02  0.2726654E-04  0.0000000E+00  0.0000000E+00 -0.1103622E-02 -0.1936806E-08
        11      4  0.4976941E-02  0.2252013E-04  0.0000000E+00  0.0000000E+00 -0.6885183E-02 -0.1212450E-07

        12      0  0.0000000E+00  0.0000000E+00  0.0000000E+00  0.0000000E+00  0.0000000E+00  0.0000000E+00
        12      1  0.0000000E+00  0.0000000E+00  0.0000000E+00  0.0000000E+00  0.0000000E+00  0.0000000E+00
        12      2 -0.2488430E-03 -0.3869619E-03  0.0000000E+00  0.0000000E+00 -0.3038948E-03 -0.4878617E-09
        12      3 -0.5048800E-03 -0.7724104E-03  0.0000000E+00  0.0000000E+00 -0.1209176E-02 -0.1949830E-08
        12      4 -0.1377298E-02 -0.1901876E-02  0.0000000E+00  0.0000000E+00 -0.7521477E-02 -0.1214684E-07

        13      0  0.0000000E+00  0.0000000E+00  0.0000000E+00  0.0000000E+00  0.0000000E+00  0.0000000E+00
        13      1  0.0000000E+00  0.0000000E+00  0.0000000E+00  0.0000000E+00  0.0000000E+00  0.0000000E+00
        13      2 -0.6621307E-03  0.4903926E-03  0.0000000E+00  0.0000000E+00 -0.3252951E-03 -0.5987650E-09
        13      3 -0.1321870E-02  0.9819853E-03  0.0000000E+00  0.0000000E+00 -0.1302373E-02 -0.2392308E-08
        13      4 -0.3231285E-02  0.2468998E-02  0.0000000E+00  0.0000000E+00 -0.8131032E-02 -0.1487085E-07

        14      0  0.0000000E+00  0.0000000E+00  0.0000000E+00  0.0000000E+00  0.0000000E+00  0.0000000E+00
        14      1  0.0000000E+00  0.0000000E+00  0.0000000E+00  0.0000000E+00  0.0000000E+00  0.0000000E+00
        14      2  0.1111411E-02 -0.2525940E-03  0.0000000E+00  0.0000000E+00 -0.3522480E-03 -0.6637049E-09
        14      3  0.2223551E-02 -0.5072375E-03  0.0000000E+00  0.0000000E+00 -0.1405824E-02 -0.2652358E-08
        14      4  0.5556613E-02 -0.1311496E-02  0.0000000E+00  0.0000000E+00 -0.8760447E-02 -0.1654694E-07

        15      0  0.0000000E+00  0.0000000E+00  0.0000000E+00  0.0000000E+00  0.0000000E+00  0.0000000E+00
        15      1  0.0000000E+00  0.0000000E+00  0.0000000E+00  0.0000000E+00  0.0000000E+00  0.0000000E+00
        15      2 -0.7887751E-03 -0.1604996E-03  0.0000000E+00  0.0000000E+00 -0.3778985E-03 -0.6351103E-09
        15      3 -0.1581437E-02 -0.3191139E-03  0.0000000E+00  0.0000000E+00 -0.1506247E-02 -0.2538196E-08
        15      4 -0.4036757E-02 -0.7497018E-03  0.0000000E+00  0.0000000E+00 -0.9378329E-02 -0.1584773E-07

        16      0  0.0000000E+00  0.0000000E+00  0.0000000E+00  0.0000000E+00  0.0000000E+00  0.0000000E+00
        16      1  0.0000000E+00  0.0000000E+00  0.0000000E+00  0.0000000E+00  0.0000000E+00  0.0000000E+00
        16      2 -0.8245833E-04  0.4618578E-03  0.0000000E+00  0.0000000E+00 -0.3994533E-03 -0.6800654E-09
        16      3 -0.1616883E-03  0.9228462E-03  0.0000000E+00  0.0000000E+00 -0.1599405E-02 -0.2716285E-08
        16      4 -0.2943265E-03  0.2285106E-02  0.0000000E+00  0.0000000E+00 -0.9985369E-02 -0.1687458E-07

        17      0  0.0000000E+00  0.0000000E+00  0.0000000E+00  0.0000000E+00  0.0000000E+00  0.0000000E+00
        17      1  0.0000000E+00  0.0000000E+00  0.0000000E+00  0.0000000E+00  0.0000000E+00  0.0000000E+00
        17      2  0.8938279E-03 -0.4420794E-03  0.0000000E+00  0.0000000E+00 -0.4280630E-03 -0.7970119E-09
        17      3  0.1782190E-02 -0.8844292E-03  0.0000000E+00  0.0000000E+00 -0.1706734E-02 -0.3184024E-08
        17      4  0.4357183E-02 -0.2230711E-02  0.0000000E+00  0.0000000E+00 -0.1062920E-01 -0.1980475E-07

        18      0  0.0000000E+00  0.0000000E+00  0.0000000E+00  0.0000000E+00  0.0000000E+00  0.0000000E+00
        18      1  0.0000000E+00  0.0000000E+00  0.0000000E+00  0.0000000E+00  0.0000000E+00  0.0000000E+00
        18      2 -0.1085600E-02  0.1159162E-03  0.0000000E+00  0.0000000E+00 -0.4515238E-03 -0.8193980E-09
        18      3 -0.2170143E-02  0.2345752E-03  0.0000000E+00  0.0000000E+00 -0.1802738E-02 -0.3276270E-08
        18      4 -0.5436019E-02  0.6489015E-03  0.0000000E+00  0.0000000E+00 -0.1123664E-01 -0.2049199E-07

        19      0  0.0000000E+00  0.0000000E+00  0.0000000E+00  0.0000000E+00  0.0000000E+00  0.0000000E+00
        19      1  0.0000000E+00  0.0000000E+00  0.0000000E+00  0.0000000E+00  0.0000000E+00  0.0000000E+00
        19      2  0.5237234E-03  0.2905893E-03  0.0000000E+00  0.0000000E+00 -0.4741022E-03 -0.7976621E-09
        19      3  0.1052741E-02  0.5774876E-03  0.0000000E+00  0.0000000E+00 -0.1897191E-02 -0.3188899E-08
        19      4  0.2761239E-02  0.1378392E-02  0.0000000E+00  0.0000000E+00 -0.1184185E-01 -0.1991203E-07

        20      0  0.0000000E+00  0.0000000E+00  0.0000000E+00  0.0000000E+00  0.0000000E+00  0.0000000E+00
        20      1  0.0000000E+00  0.0000000E+00  0.0000000E+00  0.0000000E+00  0.0000000E+00  0.0000000E+00
        20      2  0.4001433E-03 -0.4954180E-03  0.0000000E+00  0.0000000E+00 -0.5030200E-03 -0.8836691E-09
        20      3  0.7886046E-03 -0.9892031E-03  0.0000000E+00  0.0000000E+00 -0.2005150E-02 -0.3531085E-08
        20      4  0.1783190E-02 -0.2455829E-02  0.0000000E+00  0.0000000E+00 -0.1248693E-01 -0.2195722E-07

        21      0  0.0000000E+00  0.0000000E+00  0.0000000E+00  0.0000000E+00  0.0000000E+00  0.0000000E+00
        21      1  0.0000000E+00  0.0000000E+00  0.0000000E+00  0.0000000E+00  0.0000000E+00  0.0000000E+00
        21      2 -0.1048571E-02  0.3568525E-03  0.0000000E+00  0.0000000E+00 -0.5249163E-03 -0.9819223E-09
        21      3 -0.2092335E-02  0.7168772E-03  0.0000000E+00  0.0000000E+00 -0.2098513E-02 -0.3926013E-08
        21      4 -0.5156092E-02  0.1850353E-02  0.0000000E+00  0.0000000E+00 -0.1309146E-01 -0.2450544E-07

        22      0  0.0000000E+00  0.0000000E+00  0.0000000E+00  0.0000000E+00  0.0000000E+00  0.0000000E+00
        22      1  0.0000000E+00  0.0000000E+00  0.0000000E+00  0.0000000E+00  0.0000000E+00  0.0000000E+00
        22      2  0.9685447E-03  0.2989041E-04  0.0000000E+00  0.0000000E+00 -0.5493156E-03 -0.9685427E-09
        22      3  0.1942590E-02  0.5451694E-04  0.0000000E+00  0.0000000E+00 -0.2196119E-02 -0.3873671E-08
        22      4  0.4953465E-02  0.4504089E-04  0.0000000E+00  0.0000000E+00 -0.1370096E-01 -0.2424895E-07

        23      0  0.0000000E+00  0.0000000E+00  0.0000000E+00  0.0000000E+00  0.0000000E+00  0.0000000E+00
        23      1  0.0000000E+00  0.0000000E+00  0.0000000E+00  0.0000000E+00  0.0000000E+00  0.0000000E+00
        23      2 -0.2161500E-03 -0.3961690E-03  0.0000000E+00  0.0000000E+00 -0.5770061E-03 -0.9759094E-09
        23      3 -0.4453610E-03 -0.7892292E-03  0.0000000E+00  0.0000000E+00 -0.2300881E-02 -0.3900400E-08
        23      4 -0.1328619E-02 -0.1916129E-02  0.0000000E+00  0.0000000E+00 -0.1433126E-01 -0.2429875E-07

        24      0  0.0000000E+00  0.0000000E+00  0.0000000E+00  0.0000000E+00  0.0000000E+00  0.0000000E+00
        24      1  0.0000000E+00  0.0000000E+00  0.0000000E+00  0.0000000E+00  0.0000000E+00  0.0000000E+00
        24      2 -0.6886916E-03  0.4875041E-03  0.0000000E+00  0.0000000E+00 -0.5981669E-03 -0.1088563E-08
        24      3 -0.1370336E-02  0.9768093E-03  0.0000000E+00  0.0000000E+00 -0.2393087E-02 -0.4349382E-08
        24      4 -0.3271922E-02  0.2465354E-02  0.0000000E+00  0.0000000E+00 -0.1493455E-01 -0.2703794E-07

        25      0  0.0000000E+00  0.0000000E+00  0.0000000E+00  0.0000000E+00  0.0000000E+00  0.0000000E+00
        25      1  0.0000000E+00  0.0000000E+00  0.0000000E+00  0.0000000E+00  0.0000000E+00  0.0000000E+00
        25      2  0.1113471E-02 -0.2396171E-03  0.0000000E+00  0.0000000E+00 -0.6247530E-03 -0.1149222E-08
        25      3  0.2227599E-02 -0.4836625E-03  0.0000000E+00  0.0000000E+00 -0.2495291E-02 -0.4593826E-08
        25      4  0.5561653E-02 -0.1292467E-02  0.0000000E+00  0.0000000E+00 -0.1555741E-01 -0.2868216E-07

        26      0  0.0000000E+00  0.0000000E+00  0.0000000E+00  0.0000000E+00  0.0000000E+00  0.0000000E+00
        26      1  0.0000000E+00  0.0000000E+00  0.0000000E+00  0.0000000E+00  0.0000000E+00  0.0000000E+00
        26      2 -0.7648743E-03 -0.1745829E-03  0.0000000E+00  0.0000000E+00 -0.6502734E-03 -0.1120132E-08
        26      3 -0.1538150E-02 -0.3448320E-03  0.0000000E+00  0.0000000E+00 -0.2594947E-02 -0.4477681E-08
        26      4 -0.4002459E-02 -0.7711760E-03  0.0000000E+00  0.0000000E+00 -0.1616926E-01 -0.2797649E-07

        27      0  0.0000000E+00  0.0000000E+00  0.0000000E+00  0.0000000E+00  0.0000000E+00  0.0000000E+00
        27      1  0.0000000E+00  0.0000000E+00  0.0000000E+00  0.0000000E+00  0.0000000E+00  0.0000000E+00
        27      2 -0.1158065E-03  0.4672782E-03  0.0000000E+00  0.0000000E+00 -0.6715439E-03 -0.1169496E-08
        27      3 -0.2225731E-03  0.9328950E-03  0.0000000E+00  0.0000000E+00 -0.2687065E-02 -0.4671822E-08
        27      4 -0.3448677E-03  0.2294241E-02  0.0000000E+00  0.0000000E+00 -0.1677007E-01 -0.2903627E-07

        28      0  0.0000000E+00  0.0000000E+00  0.0000000E+00  0.0000000E+00  0.0000000E+00  0.0000000E+00
        28      1  0.0000000E+00  0.0000000E+00  0.0000000E+00  0.0000000E+00  0.0000000E+00  0.0000000E+00
        28      2  0.9134617E-03 -0.4350464E-03  0.0000000E+00  0.0000000E+00 -0.6998396E-03 -0.1285607E-08
        28      3  0.1818396E-02 -0.8717374E-03  0.0000000E+00  0.0000000E+00 -0.2793250E-02 -0.5136609E-08
        28      4  0.4388934E-02 -0.2220985E-02  0.0000000E+00  0.0000000E+00 -0.1740747E-01 -0.3196231E-07

        29      0  0.0000000E+00  0.0000000E+00  0.0000000E+00  0.0000000E+00  0.0000000E+00  0.0000000E+00
        29      1  0.0000000E+00  0.0000000E+00  0.0000000E+00  0.0000000E+00  0.0000000E+00  0.0000000E+00
        29      2 -0.1077800E-02  0.1012956E-03  0.0000000E+00  0.0000000E+00 -0.7231511E-03 -0.1303810E-08
        29      3 -0.2156231E-02  0.2078863E-03  0.0000000E+00  0.0000000E+00 -0.2888415E-02 -0.5213520E-08
        29      4 -0.5426380E-02  0.6269166E-03  0.0000000E+00  0.0000000E+00 -0.1800873E-01 -0.3261708E-07

        30      0  0.0000000E+00  0.0000000E+00  0.0000000E+00  0.0000000E+00  0.0000000E+00  0.0000000E+00
        30      1  0.0000000E+00  0.0000000E+00  0.0000000E+00  0.0000000E+00  0.0000000E+00  0.0000000E+00
        30      2  0.4938857E-03  0.3026235E-03  0.0000000E+00  0.0000000E+00 -0.7453992E-03 -0.1284134E-08
        30      3  0.9982938E-03  0.5995713E-03  0.0000000E+00  0.0000000E+00 -0.2981752E-02 -0.5133538E-08
        30      4  0.2716774E-02  0.1397254E-02  0.0000000E+00  0.0000000E+00 -0.1860768E-01 -0.3205024E-07

        31      0  0.0000000E+00  0.0000000E+00  0.0000000E+00  0.0000000E+00  0.0000000E+00  0.0000000E+00
        31      1  0.0000000E+00  0.0000000E+00  0.0000000E+00  0.0000000E+00  0.0000000E+00  0.0000000E+00
        31      2  0.4312204E-03 -0.4964851E-03  0.0000000E+00  0.0000000E+00 -0.7740880E-03 -0.1373714E-08
        31      3  0.8455086E-03 -0.9912678E-03  0.0000000E+00  0.0000000E+00 -0.3088764E-02 -0.5488878E-08
        31      4  0.1831119E-02 -0.2458360E-02  0.0000000E+00  0.0000000E+00 -0.1924663E-01 -0.3412418E-07

        32      0  0.0000000E+00  0.0000000E+00  0.0000000E+00  0.0000000E+00  0.0000000E+00  0.0000000E+00
        32      1  0.0000000E+00  0.0000000E+00  0.0000000E+00  0.0000000E+00  0.0000000E+00  0.0000000E+00
        32      2 -0.1059263E-02  0.3462252E-03  0.0000000E+00  0.0000000E+00 -0.7957942E-03 -0.1468869E-08
        32      3 -0.2112042E-02  0.6975405E-03  0.0000000E+00  0.0000000E+00 -0.3181205E-02 -0.5872674E-08
        32      4 -0.5174054E-02  0.1834919E-02  0.0000000E+00  0.0000000E+00 -0.1984493E-01 -0.3665176E-07

        33      0  0.0000000E+00  0.0000000E+00  0.0000000E+00  0.0000000E+00  0.0000000E+00  0.0000000E+00
        33      1  0.0000000E+00  0.0000000E+00  0.0000000E+00  0.0000000E+00  0.0000000E+00  0.0000000E+00
        33      2  0.9514928E-03  0.4480387E-04  0.0000000E+00  0.0000000E+00 -0.8198281E-03 -0.1452855E-08
        33      3  0.1911666E-02  0.8173074E-04  0.0000000E+00  0.0000000E+00 -0.3277604E-02 -0.5810627E-08
        33      4  0.4929573E-02  0.6756010E-04  0.0000000E+00  0.0000000E+00 -0.2044804E-01 -0.3637331E-07

        34      0  0.0000000E+00  0.0000000E+00  0.0000000E+00  0.0000000E+00  0.0000000E+00  0.0000000E+00
        34      1  0.0000000E+00  0.0000000E+00  0.0000000E+00  0.0000000E+00  0.0000000E+00  0.0000000E+00
        34      2 -0.1832590E-03 -0.4050181E-03  0.0000000E+00  0.0000000E+00 -0.8473630E-03 -0.1464122E-08
        34      3 -0.3854977E-03 -0.8054537E-03  0.0000000E+00  0.0000000E+00 -0.3381579E-02 -0.5851517E-08
        34      4 -0.1279826E-02 -0.1930222E-02  0.0000000E+00  0.0000000E+00 -0.2107241E-01 -0.3645092E-07

        35      0  0.0000000E+00  0.0000000E+00  0.0000000E+00  0.0000000E+00  0.0000000E+00  0.0000000E+00
        35      1  0.0000000E+00  0.0000000E+00  0.0000000E+00  0.0000000E+00  0.0000000E+00  0.0000000E+00
        35      2 -0.7146290E-03  0.4841740E-03  0.0000000E+00  0.0000000E+00 -0.8682891E-03 -0.1578280E-08
        35      3 -0.1417765E-02  0.9708940E-03  0.0000000E+00  0.0000000E+00 -0.3472807E-02 -0.6306189E-08
        35      4 -0.3312284E-02  0.2461504E-02  0.0000000E+00  0.0000000E+00 -0.2166950E-01 -0.3920474E-07

        36      0  0.0000000E+00  0.0000000E+00  0.0000000E+00  0.0000000E+00  0.0000000E+00  0.0000000E+00
        36      1  0.0000000E+00  0.0000000E+00  0.0000000E+00  0.0000000E+00  0.0000000E+00  0.0000000E+00
        36      2  0.1114521E-02 -0.2264234E-03  0.0000000E+00  0.0000000E+00 -0.8945097E-03 -0.1634599E-08
        36      3  0.2229958E-02 -0.4597225E-03  0.0000000E+00  0.0000000E+00 -0.3573772E-02 -0.6534827E-08
        36      4  0.5566226E-02 -0.1273330E-02  0.0000000E+00  0.0000000E+00 -0.2228588E-01 -0.4081690E-07

        37      0  0.0000000E+00  0.0000000E+00  0.0000000E+00  0.0000000E+00  0.0000000E+00  0.0000000E+00
        37      1  0.0000000E+00  0.0000000E+00  0.0000000E+00  0.0000000E+00  0.0000000E+00  0.0000000E+00
        37      2 -0.7402836E-03 -0.1885071E-03  0.0000000E+00  0.0000000E+00 -0.9199025E-03 -0.1605278E-08
        37      3 -0.1493708E-02 -0.3702863E-03  0.0000000E+00  0.0000000E+00 -0.3672673E-02 -0.6417585E-08
        37      4 -0.3967834E-02 -0.7925828E-03  0.0000000E+00  0.0000000E+00 -0.2289175E-01 -0.4010537E-07

        38      0  0.0000000E+00  0.0000000E+00  0.0000000E+00  0.0000000E+00  0.0000000E+00  0.0000000E+00
        38      1  0.0000000E+00  0.0000000E+00  0.0000000E+00  0.0000000E+00  0.0000000E+00  0.0000000E+00
        38      2 -0.1490467E-03  0.4722759E-03  0.0000000E+00  0.0000000E+00 -0.9408936E-03 -0.1659033E-08
        38      3 -0.2832787E-03  0.9422397E-03  0.0000000E+00  0.0000000E+00 -0.3763765E-02 -0.6627727E-08
        38      4 -0.3953710E-03  0.2303184E-02  0.0000000E+00  0.0000000E+00 -0.2348639E-01 -0.4119810E-07

        39      0  0.0000000E+00  0.0000000E+00  0.0000000E+00  0.0000000E+00  0.0000000E+00  0.0000000E+00
        39      1  0.0000000E+00  0.0000000E+00  0.0000000E+00  0.0000000E+00  0.0000000E+00  0.0000000E+00
        39      2  0.9322695E-03 -0.4276215E-03  0.0000000E+00  0.0000000E+00 -0.9688740E-03 -0.1774049E-08
        39      3  0.1853231E-02 -0.8583931E-03  0.0000000E+00  0.0000000E+00 -0.3868807E-02 -0.7088692E-08
        39      4  0.4420320E-02 -0.2211078E-02  0.0000000E+00  0.0000000E+00 -0.2411742E-01 -0.4411938E-07

        40      0  0.0000000E+00  0.0000000E+00  0.0000000E+00  0.0000000E+00  0.0000000E+00  0.0000000E+00
        40      1  0.0000000E+00  0.0000000E+00  0.0000000E+00  0.0000000E+00  0.0000000E+00  0.0000000E+00
        40      2 -0.1069031E-02  0.8658455E-04  0.0000000E+00  0.0000000E+00 -0.9920405E-03 -0.1788163E-08
        40      3 -0.2140710E-02  0.1810443E-03  0.0000000E+00  0.0000000E+00 -0.3963149E-02 -0.7150567E-08
        40      4 -0.5416302E-02  0.6048829E-03  0.0000000E+00  0.0000000E+00 -0.2471258E-01 -0.4474183E-07

        41      0  0.0000000E+00  0.0000000E+00  0.0000000E+00  0.0000000E+00  0.0000000E+00  0.0000000E+00
        41      1  0.0000000E+00  0.0000000E+00  0.0000000E+00  0.0000000E+00  0.0000000E+00  0.0000000E+00
        41      2  0.4636030E-03  0.3143852E-03  0.0000000E+00  0.0000000E+00 -0.1013963E-02 -0.1770777E-08
        41      3  0.9430993E-03  0.6212066E-03  0.0000000E+00  0.0000000E+00 -0.4055384E-02 -0.7078742E-08
        41      4  0.2672088E-02  0.1416002E-02  0.0000000E+00  0.0000000E+00 -0.2530533E-01 -0.4418863E-07

        42      0  0.0000000E+00  0.0000000E+00  0.0000000E+00  0.0000000E+00  0.0000000E+00  0.0000000E+00
        42      1  0.0000000E+00  0.0000000E+00  0.0000000E+00  0.0000000E+00  0.0000000E+00  0.0000000E+00
        42      2  0.4619109E-03 -0.4971048E-03  0.0000000E+00  0.0000000E+00 -0.1042421E-02 -0.1863767E-08
        42      3  0.9017860E-03 -0.9925903E-03  0.0000000E+00  0.0000000E+00 -0.4161449E-02 -0.7446695E-08
        42      4  0.1878901E-02 -0.2460691E-02  0.0000000E+00  0.0000000E+00 -0.2593821E-01 -0.4629099E-07

        43      0  0.0000000E+00  0.0000000E+00  0.0000000E+00  0.0000000E+00  0.0000000E+00  0.0000000E+00
        43      1  0.0000000E+00  0.0000000E+00  0.0000000E+00  0.0000000E+00  0.0000000E+00  0.0000000E+00
        43      2 -0.1069001E-02  0.3352848E-03  0.0000000E+00  0.0000000E+00 -0.1063942E-02 -0.1955640E-08
        43      3 -0.2130170E-02  0.6776778E-03  0.0000000E+00  0.0000000E+00 -0.4252982E-02 -0.7818737E-08
        43      4 -0.5191593E-02  0.1819333E-02  0.0000000E+00  0.0000000E+00 -0.2653034E-01 -0.4879745E-07

        44      0  0.0000000E+00  0.0000000E+00  0.0000000E+00  0.0000000E+00  0.0000000E+00  0.0000000E+00
        44      1  0.0000000E+00  0.0000000E+00  0.0000000E+00  0.0000000E+00  0.0000000E+00  0.0000000E+00
        44      2  0.9335786E-03  0.5967822E-04  0.0000000E+00  0.0000000E+00 -0.1087614E-02 -0.1937208E-08
        44      3  0.1879294E-02  0.1088875E-03  0.0000000E+00  0.0000000E+00 -0.4348188E-02 -0.7747704E-08
        44      4  0.4905268E-02  0.9007558E-04  0.0000000E+00  0.0000000E+00 -0.2712714E-01 -0.4849748E-07

        45      0  0.0000000E+00  0.0000000E+00  0.0000000E+00  0.0000000E+00  0.0000000E+00  0.0000000E+00
        45      1  0.0000000E+00  0.0000000E+00  0.0000000E+00  0.0000000E+00  0.0000000E+00  0.0000000E+00
        45      2 -0.1501995E-03 -0.4135012E-03  0.0000000E+00  0.0000000E+00 -0.1114993E-02 -0.1952495E-08
        45      3 -0.3253349E-03 -0.8210718E-03  0.0000000E+00  0.0000000E+00 -0.4451381E-02 -0.7803167E-08
        45      4 -0.1230923E-02 -0.1944155E-02  0.0000000E+00  0.0000000E+00 -0.2774564E-01 -0.4860322E-07

        46      0  0.0000000E+00  0.0000000E+00  0.0000000E+00  0.0000000E+00  0.0000000E+00  0.0000000E+00
        46      1  0.0000000E+00  0.0000000E+00  0.0000000E+00  0.0000000E+00  0.0000000E+00  0.0000000E+00
        46      2 -0.7399195E-03  0.4804053E-03  0.0000000E+00  0.0000000E+00 -0.1135689E-02 -0.2067905E-08
        46      3 -0.1464124E-02  0.9642439E-03  0.0000000E+00  0.0000000E+00 -0.4541644E-02 -0.8262700E-08
        46      4 -0.3352367E-02  0.2457448E-02  0.0000000E+00  0.0000000E+00 -0.2833659E-01 -0.5137114E-07

        47      0  0.0000000E+00  0.0000000E+00  0.0000000E+00  0.0000000E+00  0.0000000E+00  0.0000000E+00
        47      1  0.0000000E+00  0.0000000E+00  0.0000000E+00  0.0000000E+00  0.0000000E+00  0.0000000E+00
        47      2  0.1114560E-02 -0.2130248E-03  0.0000000E+00  0.0000000E+00 -0.1161546E-02 -0.2119842E-08
        47      3  0.2230625E-02 -0.4354352E-03  0.0000000E+00  0.0000000E+00 -0.4641379E-02 -0.8475377E-08
        47      4  0.5570330E-02 -0.1254089E-02  0.0000000E+00  0.0000000E+00 -0.2894654E-01 -0.5295106E-07

        48      0  0.0000000E+00  0.0000000E+00  0.0000000E+00  0.0000000E+00  0.0000000E+00  0.0000000E+00
        48      1  0.0000000E+00  0.0000000E+00  0.0000000E+00  0.0000000E+00  0.0000000E+00  0.0000000E+00
        48      2 -0.7150249E-03 -0.2022598E-03  0.0000000E+00  0.0000000E+00 -0.1186813E-02 -0.2090558E-08
        48      3 -0.1448146E-02 -0.3954575E-03  0.0000000E+00  0.0000000E+00 -0.4739536E-02 -0.8357928E-08
        48      4 -0.3932887E-02 -0.8139201E-03  0.0000000E+00  0.0000000E+00 -0.2954652E-01 -0.5223428E-07

        49      0  0.0000000E+00  0.0000000E+00  0.0000000E+00  0.0000000E+00  0.0000000E+00  0.0000000E+00
        49      1  0.0000000E+00  0.0000000E+00  0.0000000E+00  0.0000000E+00  0.0000000E+00  0.0000000E+00
        49      2 -0.1821486E-03  0.4768462E-03  0.0000000E+00  0.0000000E+00 -0.1207530E-02 -0.2148669E-08
        49      3 -0.3437595E-03  0.9508732E-03  0.0000000E+00  0.0000000E+00 -0.4829613E-02 -0.8583973E-08
        49      4 -0.4458315E-03  0.2311936E-02  0.0000000E+00  0.0000000E+00 -0.3013505E-01 -0.5335993E-07

        50      0  0.0000000E+00  0.0000000E+00  0.0000000E+00  0.0000000E+00  0.0000000E+00  0.0000000E+00
        50      1  0.0000000E+00  0.0000000E+00  0.0000000E+00  0.0000000E+00  0.0000000E+00  0.0000000E+00
        50      2  0.9502341E-03 -0.4198112E-03  0.0000000E+00  0.0000000E+00 -0.1235194E-02 -0.2262333E-08
        50      3  0.1886668E-02 -0.8444059E-03  0.0000000E+00  0.0000000E+00 -0.4933516E-02 -0.9040258E-08
        50      4  0.4451338E-02 -0.2200991E-02  0.0000000E+00  0.0000000E+00 -0.3075977E-01 -0.5627584E-07

        51      0  0.0000000E+00  0.0000000E+00  0.0000000E+00  0.0000000E+00  0.0000000E+00  0.0000000E+00
        51      1  0.0000000E+00  0.0000000E+00  0.0000000E+00  0.0000000E+00  0.0000000E+00  0.0000000E+00
        51      2 -0.1059300E-02  0.7179640E-04  0.0000000E+00  0.0000000E+00 -0.1258219E-02 -0.2272467E-08
        51      3 -0.2123591E-02  0.1540699E-03  0.0000000E+00  0.0000000E+00 -0.5027049E-02 -0.9087442E-08
        51      4 -0.5405788E-02  0.5828028E-03  0.0000000E+00  0.0000000E+00 -0.3134889E-01 -0.5686611E-07

        52      0  0.0000000E+00  0.0000000E+00  0.0000000E+00  0.0000000E+00  0.0000000E+00  0.0000000E+00
        52      1  0.0000000E+00  0.0000000E+00  0.0000000E+00  0.0000000E+00  0.0000000E+00  0.0000000E+00
        52      2  0.4329030E-03  0.3258636E-03  0.0000000E+00  0.0000000E+00 -0.1279822E-02 -0.2257594E-08
        52      3  0.8871999E-03  0.6423769E-03  0.0000000E+00  0.0000000E+00 -0.5118197E-02 -0.9024518E-08
        52      4  0.2627186E-02  0.1434634E-02  0.0000000E+00  0.0000000E+00 -0.3193551E-01 -0.5632707E-07

        53      0  0.0000000E+00  0.0000000E+00  0.0000000E+00  0.0000000E+00  0.0000000E+00  0.0000000E+00
        53      1  0.0000000E+00  0.0000000E+00  0.0000000E+00  0.0000000E+00  0.0000000E+00  0.0000000E+00
        53      2  0.4921867E-03 -0.4972767E-03  0.0000000E+00  0.0000000E+00 -0.1308046E-02 -0.2353815E-08
        53      3  0.9573939E-03 -0.9931700E-03  0.0000000E+00  0.0000000E+00 -0.5223315E-02 -0.9404505E-08
        53      4  0.1926533E-02 -0.2462820E-02  0.0000000E+00  0.0000000E+00 -0.3256238E-01 -0.5845749E-07

        54      0  0.0000000E+00  0.0000000E+00  0.0000000E+00  0.0000000E+00  0.0000000E+00  0.0000000E+00
        54      1  0.0000000E+00  0.0000000E+00  0.0000000E+00  0.0000000E+00  0.0000000E+00  0.0000000E+00
        54      2 -0.1077776E-02  0.3240412E-03  0.0000000E+00  0.0000000E+00 -0.1329387E-02 -0.2442235E-08
        54      3 -0.2146704E-02  0.6573043E-03  0.0000000E+00  0.0000000E+00 -0.5313953E-02 -0.9764206E-08
        54      4 -0.5208709E-02  0.1803597E-02  0.0000000E+00  0.0000000E+00 -0.3314841E-01 -0.6094237E-07

        55      0  0.0000000E+00  0.0000000E+00  0.0000000E+00  0.0000000E+00  0.0000000E+00  0.0000000E+00
        55      1  0.0000000E+00  0.0000000E+00  0.0000000E+00  0.0000000E+00  0.0000000E+00  0.0000000E+00
        55      2  0.9148184E-03  0.7450003E-04  0.0000000E+00  0.0000000E+00 -0.1352701E-02 -0.2421613E-08
        55      3  0.1845500E-02  0.1359668E-03  0.0000000E+00  0.0000000E+00 -0.5407981E-02 -0.9684932E-08
        55      4  0.4880553E-02  0.1125852E-03  0.0000000E+00  0.0000000E+00 -0.3373895E-01 -0.6062133E-07

        56      0  0.0000000E+00  0.0000000E+00  0.0000000E+00  0.0000000E+00  0.0000000E+00  0.0000000E+00
        56      1  0.0000000E+00  0.0000000E+00  0.0000000E+00  0.0000000E+00  0.0000000E+00  0.0000000E+00
        56      2 -0.1170013E-03 -0.4216108E-03  0.0000000E+00  0.0000000E+00 -0.1379923E-02 -0.2441024E-08
        56      3 -0.2649174E-03 -0.8360719E-03  0.0000000E+00  0.0000000E+00 -0.5510396E-02 -0.9755336E-08
        56      4 -0.1181915E-02 -0.1957926E-02  0.0000000E+00  0.0000000E+00 -0.3435166E-01 -0.6075553E-07

        57      0  0.0000000E+00  0.0000000E+00  0.0000000E+00  0.0000000E+00  0.0000000E+00  0.0000000E+00
        57      1  0.0000000E+00  0.0000000E+00  0.0000000E+00  0.0000000E+00  0.0000000E+00  0.0000000E+00
        57      2 -0.7645407E-03  0.4762013E-03  0.0000000E+00  0.0000000E+00 -0.1400395E-02 -0.2557431E-08
        57      3 -0.1509377E-02  0.9568640E-03  0.0000000E+00  0.0000000E+00 -0.5599705E-02 -0.1021888E-07
        57      4 -0.3392167E-02  0.2453186E-02  0.0000000E+00  0.0000000E+00 -0.3493652E-01 -0.6353700E-07

        58      0  0.0000000E+00  0.0000000E+00  0.0000000E+00  0.0000000E+00  0.0000000E+00  0.0000000E+00
        58      1  0.0000000E+00  0.0000000E+00  0.0000000E+00  0.0000000E+00  0.0000000E+00  0.0000000E+00
        58      2  0.1113588E-02 -0.1994332E-03  0.0000000E+00  0.0000000E+00 -0.1425889E-02 -0.2604957E-08
        58      3  0.2229601E-02 -0.4108188E-03  0.0000000E+00  0.0000000E+00 -0.5698220E-02 -0.1041550E-07
        58      4  0.5573965E-02 -0.1234746E-02  0.0000000E+00  0.0000000E+00 -0.3554013E-01 -0.6508450E-07

        59      0  0.0000000E+00  0.0000000E+00  0.0000000E+00  0.0000000E+00  0.0000000E+00  0.0000000E+00
        59      1  0.0000000E+00  0.0000000E+00  0.0000000E+00  0.0000000E+00  0.0000000E+00  0.0000000E+00
        59      2 -0.6891208E-03 -0.2158285E-03  0.0000000E+00  0.0000000E+00 -0.1451033E-02 -0.2575976E-08
        59      3 -0.1401496E-02 -0.4203270E-03  0.0000000E+00  0.0000000E+00 -0.5795644E-02 -0.1029873E-07
        59      4 -0.3897619E-02 -0.8351857E-03  0.0000000E+00  0.0000000E+00 -0.3613426E-01 -0.6436306E-07

        60      0  0.0000000E+00  0.0000000E+00  0.0000000E+00  0.0000000E+00  0.0000000E+00  0.0000000E+00
        60      1  0.0000000E+00  0.0000000E+00  0.0000000E+00  0.0000000E+00  0.0000000E+00  0.0000000E+00
        60      2 -0.2150825E-03  0.4809850E-03  0.0000000E+00  0.0000000E+00 -0.1471480E-02 -0.2638394E-08
        60      3 -0.4039698E-03  0.9587889E-03  0.0000000E+00  0.0000000E+00 -0.5884721E-02 -0.1054053E-07
        60      4 -0.4962443E-03  0.2320496E-02  0.0000000E+00  0.0000000E+00 -0.3671676E-01 -0.6552163E-07

        61      0  0.0000000E+00  0.0000000E+00  0.0000000E+00  0.0000000E+00  0.0000000E+00  0.0000000E+00
        61      1  0.0000000E+00  0.0000000E+00  0.0000000E+00  0.0000000E+00  0.0000000E+00  0.0000000E+00
        61      2  0.9673390E-03 -0.4116225E-03  0.0000000E+00  0.0000000E+00 -0.1498826E-02 -0.2750456E-08
        61      3  0.1918682E-02 -0.8297865E-03  0.0000000E+00  0.0000000E+00 -0.5987486E-02 -0.1099129E-07
        61      4  0.4481986E-02 -0.2190726E-02  0.0000000E+00  0.0000000E+00 -0.3733523E-01 -0.6843152E-07

        62      0  0.0000000E+00  0.0000000E+00  0.0000000E+00  0.0000000E+00  0.0000000E+00  0.0000000E+00
        62      1  0.0000000E+00  0.0000000E+00  0.0000000E+00  0.0000000E+00  0.0000000E+00  0.0000000E+00
        62      2 -0.1048616E-02  0.5694454E-04  0.0000000E+00  0.0000000E+00 -0.1521715E-02 -0.2756732E-08
        62      3 -0.2104887E-02  0.1269833E-03  0.0000000E+00  0.0000000E+00 -0.6080224E-02 -0.1102418E-07
        62      4 -0.5394837E-02  0.5606783E-03  0.0000000E+00  0.0000000E+00 -0.3791837E-01 -0.6898978E-07

        63      0  0.0000000E+00  0.0000000E+00  0.0000000E+00  0.0000000E+00  0.0000000E+00  0.0000000E+00
        63      1  0.0000000E+00  0.0000000E+00  0.0000000E+00  0.0000000E+00  0.0000000E+00  0.0000000E+00
        63      2  0.4018136E-03  0.3370482E-03  0.0000000E+00  0.0000000E+00 -0.1543002E-02 -0.2744584E-08
        63      3  0.8306384E-03  0.6630661E-03  0.0000000E+00  0.0000000E+00 -0.6170299E-02 -0.1097087E-07
        63      4  0.2582072E-02  0.1453149E-02  0.0000000E+00  0.0000000E+00 -0.3849893E-01 -0.6846542E-07

        64      0  0.0000000E+00  0.0000000E+00  0.0000000E+00  0.0000000E+00  0.0000000E+00  0.0000000E+00
        64      1  0.0000000E+00  0.0000000E+00  0.0000000E+00  0.0000000E+00  0.0000000E+00  0.0000000E+00
        64      2  0.5220206E-03 -0.4970005E-03  0.0000000E+00  0.0000000E+00 -0.1570991E-02 -0.2843850E-08
        64      3  0.1012290E-02 -0.9930063E-03  0.0000000E+00  0.0000000E+00 -0.6274470E-02 -0.1136228E-07
        64      4  0.1974009E-02 -0.2464749E-02  0.0000000E+00  0.0000000E+00 -0.3911984E-01 -0.7062352E-07

        65      0  0.0000000E+00  0.0000000E+00  0.0000000E+00  0.0000000E+00  0.0000000E+00  0.0000000E+00
        65      1  0.0000000E+00  0.0000000E+00  0.0000000E+00  0.0000000E+00  0.0000000E+00  0.0000000E+00
        65      2 -0.1085580E-02  0.3125048E-03  0.0000000E+00  0.0000000E+00 -0.1592156E-02 -0.2928656E-08
        65      3 -0.2161633E-02  0.6364355E-03  0.0000000E+00  0.0000000E+00 -0.6364227E-02 -0.1170908E-07
        65      4 -0.5225400E-02  0.1787712E-02  0.0000000E+00  0.0000000E+00 -0.3969984E-01 -0.7308637E-07

        66      0  0.0000000E+00  0.0000000E+00  0.0000000E+00  0.0000000E+00  0.0000000E+00  0.0000000E+00
        66      1  0.0000000E+00  0.0000000E+00  0.0000000E+00  0.0000000E+00  0.0000000E+00  0.0000000E+00
        66      2  0.8952294E-03  0.8925592E-04  0.0000000E+00  0.0000000E+00 -0.1615117E-02 -0.2906078E-08
        66      3  0.1810308E-02  0.1629482E-03  0.0000000E+00  0.0000000E+00 -0.6457090E-02 -0.1162234E-07
        66      4  0.4855431E-02  0.1350867E-03  0.0000000E+00  0.0000000E+00 -0.4028420E-01 -0.7274470E-07

        67      0  0.0000000E+00  0.0000000E+00  0.0000000E+00  0.0000000E+00  0.0000000E+00  0.0000000E+00
        67      1  0.0000000E+00  0.0000000E+00  0.0000000E+00  0.0000000E+00  0.0000000E+00  0.0000000E+00
        67      2 -0.8369427E-04 -0.4293396E-03  0.0000000E+00  0.0000000E+00 -0.1642181E-02 -0.2929704E-08
        67      3 -0.2042905E-03 -0.8504432E-03  0.0000000E+00  0.0000000E+00 -0.6558732E-02 -0.1170801E-07
        67      4 -0.1132808E-02 -0.1971534E-02  0.0000000E+00  0.0000000E+00 -0.4089116E-01 -0.7290766E-07

        68      0  0.0000000E+00  0.0000000E+00  0.0000000E+00  0.0000000E+00  0.0000000E+00  0.0000000E+00
        68      1  0.0000000E+00  0.0000000E+00  0.0000000E+00  0.0000000E+00  0.0000000E+00  0.0000000E+00
        68      2 -0.7884704E-03  0.4715658E-03  0.0000000E+00  0.0000000E+00 -0.1662433E-02 -0.3046848E-08
        68      3 -0.1553492E-02  0.9487600E-03  0.0000000E+00  0.0000000E+00 -0.6647101E-02 -0.1217472E-07
        68      4 -0.3431681E-02  0.2448719E-02  0.0000000E+00  0.0000000E+00 -0.4147002E-01 -0.7570213E-07

        69      0  0.0000000E+00  0.0000000E+00  0.0000000E+00  0.0000000E+00  0.0000000E+00  0.0000000E+00
        69      1  0.0000000E+00  0.0000000E+00  0.0000000E+00  0.0000000E+00  0.0000000E+00  0.0000000E+00
        69      2  0.1111607E-02 -0.1856609E-03  0.0000000E+00  0.0000000E+00 -0.1687565E-02 -0.3089953E-08
        69      3  0.2226885E-02 -0.3858914E-03  0.0000000E+00  0.0000000E+00 -0.6744404E-02 -0.1235521E-07
        69      4  0.5577131E-02 -0.1215301E-02  0.0000000E+00  0.0000000E+00 -0.4206733E-01 -0.7721704E-07

        70      0  0.0000000E+00  0.0000000E+00  0.0000000E+00  0.0000000E+00  0.0000000E+00  0.0000000E+00
        70      1  0.0000000E+00  0.0000000E+00  0.0000000E+00  0.0000000E+00  0.0000000E+00  0.0000000E+00
        70      2 -0.6625944E-03 -0.2292011E-03  0.0000000E+00  0.0000000E+00 -0.1712589E-02 -0.3061540E-08
        70      3 -0.1353793E-02 -0.4448760E-03  0.0000000E+00  0.0000000E+00 -0.6841107E-02 -0.1224001E-07
        70      4 -0.3862035E-02 -0.8563778E-03  0.0000000E+00  0.0000000E+00 -0.4265569E-01 -0.7649153E-07

        71      0  0.0000000E+00  0.0000000E+00  0.0000000E+00  0.0000000E+00  0.0000000E+00  0.0000000E+00
        71      1  0.0000000E+00  0.0000000E+00  0.0000000E+00  0.0000000E+00  0.0000000E+00  0.0000000E+00
        71      2 -0.2478186E-03  0.4846884E-03  0.0000000E+00  0.0000000E+00 -0.1732771E-02 -0.3128199E-08
        71      3 -0.4638645E-03  0.9659804E-03  0.0000000E+00  0.0000000E+00 -0.6929195E-02 -0.1249738E-07
        71      4 -0.5466046E-03  0.2328862E-02  0.0000000E+00  0.0000000E+00 -0.4323221E-01 -0.7768298E-07

        72      0  0.0000000E+00  0.0000000E+00  0.0000000E+00  0.0000000E+00  0.0000000E+00  0.0000000E+00
        72      1  0.0000000E+00  0.0000000E+00  0.0000000E+00  0.0000000E+00  0.0000000E+00  0.0000000E+00
        72      2  0.9835685E-03 -0.4030629E-03  0.0000000E+00  0.0000000E+00 -0.1759798E-02 -0.3238414E-08
        72      3  0.1949247E-02 -0.8145456E-03  0.0000000E+00  0.0000000E+00 -0.7030826E-02 -0.1294179E-07
        72      4  0.4512261E-02 -0.2180283E-02  0.0000000E+00  0.0000000E+00 -0.4384449E-01 -0.8058623E-07

        73      0  0.0000000E+00  0.0000000E+00  0.0000000E+00  0.0000000E+00  0.0000000E+00  0.0000000E+00
        73      1  0.0000000E+00  0.0000000E+00  0.0000000E+00  0.0000000E+00  0.0000000E+00  0.0000000E+00
        73      2 -0.1036988E-02  0.4204245E-04  0.0000000E+00  0.0000000E+00 -0.1782555E-02 -0.3240970E-08
        73      3 -0.2084612E-02  0.9980520E-04  0.0000000E+00  0.0000000E+00 -0.7122782E-02 -0.1296080E-07
        73      4 -0.5383451E-02  0.5385117E-03  0.0000000E+00  0.0000000E+00 -0.4442173E-01 -0.8111264E-07

        74      0  0.0000000E+00  0.0000000E+00  0.0000000E+00  0.0000000E+00  0.0000000E+00  0.0000000E+00
        74      1  0.0000000E+00  0.0000000E+00  0.0000000E+00  0.0000000E+00  0.0000000E+00  0.0000000E+00
        74      2  0.3703631E-03  0.3479290E-03  0.0000000E+00  0.0000000E+00 -0.1803531E-02 -0.3231751E-08
        74      3  0.7734579E-03  0.6832584E-03  0.0000000E+00  0.0000000E+00 -0.7211799E-02 -0.1291780E-07
        74      4  0.2536752E-02  0.1471543E-02  0.0000000E+00  0.0000000E+00 -0.4499629E-01 -0.8060347E-07

        75      0  0.0000000E+00  0.0000000E+00  0.0000000E+00  0.0000000E+00  0.0000000E+00  0.0000000E+00
        75      1  0.0000000E+00  0.0000000E+00  0.0000000E+00  0.0000000E+00  0.0000000E+00  0.0000000E+00
        75      2  0.5513853E-03 -0.4962766E-03  0.0000000E+00  0.0000000E+00 -0.1831282E-02 -0.3333861E-08
        75      3  0.1066433E-02 -0.9920996E-03  0.0000000E+00  0.0000000E+00 -0.7315023E-02 -0.1331997E-07
        75      4  0.2021326E-02 -0.2466477E-02  0.0000000E+00  0.0000000E+00 -0.4561131E-01 -0.8278888E-07

        76      0  0.0000000E+00  0.0000000E+00  0.0000000E+00  0.0000000E+00  0.0000000E+00  0.0000000E+00
        76      1  0.0000000E+00  0.0000000E+00  0.0000000E+00  0.0000000E+00  0.0000000E+00  0.0000000E+00
        76      2 -0.1092408E-02  0.3006859E-03  0.0000000E+00  0.0000000E+00 -0.1852276E-02 -0.3414907E-08
        76      3 -0.2174947E-02  0.6150874E-03  0.0000000E+00  0.0000000E+00 -0.7403913E-02 -0.1365338E-07
        76      4 -0.5241664E-02  0.1771681E-02  0.0000000E+00  0.0000000E+00 -0.4618533E-01 -0.8522923E-07

        77      0  0.0000000E+00  0.0000000E+00  0.0000000E+00  0.0000000E+00  0.0000000E+00  0.0000000E+00
        77      1  0.0000000E+00  0.0000000E+00  0.0000000E+00  0.0000000E+00  0.0000000E+00  0.0000000E+00
        77      2  0.8748294E-03  0.1039325E-03  0.0000000E+00  0.0000000E+00 -0.1874887E-02 -0.3390614E-08
        77      3  0.1773747E-02  0.1898115E-03  0.0000000E+00  0.0000000E+00 -0.7495625E-02 -0.1355996E-07
        77      4  0.4829903E-02  0.1575780E-03  0.0000000E+00  0.0000000E+00 -0.4676357E-01 -0.8486739E-07

        78      0  0.0000000E+00  0.0000000E+00  0.0000000E+00  0.0000000E+00  0.0000000E+00  0.0000000E+00
        78      1  0.0000000E+00  0.0000000E+00  0.0000000E+00  0.0000000E+00  0.0000000E+00  0.0000000E+00
        78      2 -0.5030847E-04 -0.4366808E-03  0.0000000E+00  0.0000000E+00 -0.1901794E-02 -0.3418530E-08
        78      3 -0.1434997E-03 -0.8641749E-03  0.0000000E+00  0.0000000E+00 -0.7596497E-02 -0.1366117E-07
        78      4 -0.1083605E-02 -0.1984978E-02  0.0000000E+00  0.0000000E+00 -0.4736486E-01 -0.8505939E-07

        79      0  0.0000000E+00  0.0000000E+00  0.0000000E+00  0.0000000E+00  0.0000000E+00  0.0000000E+00
        79      1  0.0000000E+00  0.0000000E+00  0.0000000E+00  0.0000000E+00  0.0000000E+00  0.0000000E+00
        79      2 -0.8116873E-03  0.4665032E-03  0.0000000E+00  0.0000000E+00 -0.1921830E-02 -0.3536148E-08
        79      3 -0.1596435E-02  0.9399381E-03  0.0000000E+00  0.0000000E+00 -0.7683937E-02 -0.1413017E-07
        79      4 -0.3470906E-02  0.2444048E-02  0.0000000E+00  0.0000000E+00 -0.4793777E-01 -0.8786629E-07

        80      0  0.0000000E+00  0.0000000E+00  0.0000000E+00  0.0000000E+00  0.0000000E+00  0.0000000E+00
        80      1  0.0000000E+00  0.0000000E+00  0.0000000E+00  0.0000000E+00  0.0000000E+00  0.0000000E+00
        80      2  0.1108616E-02 -0.1717202E-03  0.0000000E+00  0.0000000E+00 -0.1946603E-02 -0.3574836E-08
        80      3  0.2222480E-02 -0.3606718E-03  0.0000000E+00  0.0000000E+00 -0.7780039E-02 -0.1429453E-07
        80      4  0.5579828E-02 -0.1195756E-02  0.0000000E+00  0.0000000E+00 -0.4852885E-01 -0.8934846E-07

        81      0  0.0000000E+00  0.0000000E+00  0.0000000E+00  0.0000000E+00  0.0000000E+00  0.0000000E+00
        81      1  0.0000000E+00  0.0000000E+00  0.0000000E+00  0.0000000E+00  0.0000000E+00  0.0000000E+00
        81      2 -0.6354696E-03 -0.2423654E-03  0.0000000E+00  0.0000000E+00 -0.1971507E-02 -0.3547254E-08
        81      3 -0.1305072E-02 -0.4690862E-03  0.0000000E+00  0.0000000E+00 -0.7876030E-02 -0.1418179E-07
        81      4 -0.3826138E-02 -0.8774942E-03  0.0000000E+00  0.0000000E+00 -0.4911151E-01 -0.8861948E-07

        82      0  0.0000000E+00  0.0000000E+00  0.0000000E+00  0.0000000E+00  0.0000000E+00  0.0000000E+00
        82      1  0.0000000E+00  0.0000000E+00  0.0000000E+00  0.0000000E+00  0.0000000E+00  0.0000000E+00
        82      2 -0.2803275E-03  0.4879532E-03  0.0000000E+00  0.0000000E+00 -0.1991430E-02 -0.3618075E-08
        82      3 -0.5233985E-03  0.9724423E-03  0.0000000E+00  0.0000000E+00 -0.7963142E-02 -0.1445448E-07
        82      4 -0.5969074E-03  0.2337034E-02  0.0000000E+00  0.0000000E+00 -0.4968213E-01 -0.8984376E-07

        83      0  0.0000000E+00  0.0000000E+00  0.0000000E+00  0.0000000E+00  0.0000000E+00  0.0000000E+00
        83      1  0.0000000E+00  0.0000000E+00  0.0000000E+00  0.0000000E+00  0.0000000E+00  0.0000000E+00
        83      2  0.9989078E-03 -0.3941399E-03  0.0000000E+00  0.0000000E+00 -0.2018137E-02 -0.3726203E-08
        83      3  0.1978340E-02 -0.7986944E-03  0.0000000E+00  0.0000000E+00 -0.8063641E-02 -0.1489173E-07
        83      4  0.4542159E-02 -0.2169664E-02  0.0000000E+00  0.0000000E+00 -0.5028828E-01 -0.9273975E-07

        84      0  0.0000000E+00  0.0000000E+00  0.0000000E+00  0.0000000E+00  0.0000000E+00  0.0000000E+00
        84      1  0.0000000E+00  0.0000000E+00  0.0000000E+00  0.0000000E+00  0.0000000E+00  0.0000000E+00
        84      2 -0.1024427E-02  0.2710362E-04  0.0000000E+00  0.0000000E+00 -0.2040765E-02 -0.3725190E-08
        84      3 -0.2062781E-02  0.7255616E-04  0.0000000E+00  0.0000000E+00 -0.8154831E-02 -0.1489735E-07
        84      4 -0.5371631E-02  0.5163052E-03  0.0000000E+00  0.0000000E+00 -0.5085967E-01 -0.9323449E-07

        85      0  0.0000000E+00  0.0000000E+00  0.0000000E+00  0.0000000E+00  0.0000000E+00  0.0000000E+00
        85      1  0.0000000E+00  0.0000000E+00  0.0000000E+00  0.0000000E+00  0.0000000E+00  0.0000000E+00
        85      2  0.3385800E-03  0.3584960E-03  0.0000000E+00  0.0000000E+00 -0.2061435E-02 -0.3719092E-08
        85      3  0.7157022E-03  0.7029384E-03  0.0000000E+00  0.0000000E+00 -0.8242803E-02 -0.1486531E-07
        85      4  0.2491229E-02  0.1489817E-02  0.0000000E+00  0.0000000E+00 -0.5142830E-01 -0.9274100E-07

        86      0  0.0000000E+00  0.0000000E+00  0.0000000E+00  0.0000000E+00  0.0000000E+00  0.0000000E+00
        86      1  0.0000000E+00  0.0000000E+00  0.0000000E+00  0.0000000E+00  0.0000000E+00  0.0000000E+00
        86      2  0.5802542E-03 -0.4951056E-03  0.0000000E+00  0.0000000E+00 -0.2088946E-02 -0.3823838E-08
        86      3  0.1119781E-02 -0.9904505E-03  0.0000000E+00  0.0000000E+00 -0.8345079E-02 -0.1527757E-07
        86      4  0.2068477E-02 -0.2468004E-02  0.0000000E+00  0.0000000E+00 -0.5203748E-01 -0.9495331E-07

        87      0  0.0000000E+00  0.0000000E+00  0.0000000E+00  0.0000000E+00  0.0000000E+00  0.0000000E+00
        87      1  0.0000000E+00  0.0000000E+00  0.0000000E+00  0.0000000E+00  0.0000000E+00  0.0000000E+00
        87      2 -0.1098251E-02  0.2885954E-03  0.0000000E+00  0.0000000E+00 -0.2109774E-02 -0.3900991E-08
        87      3 -0.2186635E-02  0.5932763E-03  0.0000000E+00  0.0000000E+00 -0.8433116E-02 -0.1559710E-07
        87      4 -0.5257500E-02  0.1755504E-02  0.0000000E+00  0.0000000E+00 -0.5260560E-01 -0.9737071E-07

        88      0  0.0000000E+00  0.0000000E+00  0.0000000E+00  0.0000000E+00  0.0000000E+00  0.0000000E+00
        88      1  0.0000000E+00  0.0000000E+00  0.0000000E+00  0.0000000E+00  0.0000000E+00  0.0000000E+00
        88      2  0.8536372E-03  0.1185166E-03  0.0000000E+00  0.0000000E+00 -0.2132039E-02 -0.3875230E-08
        88      3  0.1735845E-02  0.2165363E-03  0.0000000E+00  0.0000000E+00 -0.8523691E-02 -0.1549781E-07
        88      4  0.4803973E-02  0.1800569E-03  0.0000000E+00  0.0000000E+00 -0.5317779E-01 -0.9698916E-07

        89      0  0.0000000E+00  0.0000000E+00  0.0000000E+00  0.0000000E+00  0.0000000E+00  0.0000000E+00
        89      1  0.0000000E+00  0.0000000E+00  0.0000000E+00  0.0000000E+00  0.0000000E+00  0.0000000E+00
        89      2 -0.1687394E-04 -0.4436277E-03  0.0000000E+00  0.0000000E+00 -0.2158787E-02 -0.3907495E-08
        89      3 -0.8259026E-04 -0.8772570E-03  0.0000000E+00  0.0000000E+00 -0.8623797E-02 -0.1561479E-07
        89      4 -0.1034311E-02 -0.1998256E-02  0.0000000E+00  0.0000000E+00 -0.5377346E-01 -0.9721049E-07

        90      0  0.0000000E+00  0.0000000E+00  0.0000000E+00  0.0000000E+00  0.0000000E+00  0.0000000E+00
        90      1  0.0000000E+00  0.0000000E+00  0.0000000E+00  0.0000000E+00  0.0000000E+00  0.0000000E+00
        90      2 -0.8341706E-03  0.4610179E-03  0.0000000E+00  0.0000000E+00 -0.2178613E-02 -0.4025323E-08
        90      3 -0.1638175E-02  0.9304048E-03  0.0000000E+00  0.0000000E+00 -0.8710320E-02 -0.1608521E-07
        90      4 -0.3509836E-02  0.2439173E-02  0.0000000E+00  0.0000000E+00 -0.5434049E-01 -0.1000293E-06

        91      0  0.0000000E+00  0.0000000E+00  0.0000000E+00  0.0000000E+00  0.0000000E+00  0.0000000E+00
        91      1  0.0000000E+00  0.0000000E+00  0.0000000E+00  0.0000000E+00  0.0000000E+00  0.0000000E+00
        91      2  0.1104621E-02 -0.1576237E-03  0.0000000E+00  0.0000000E+00 -0.2203028E-02 -0.4059615E-08
        91      3  0.2216388E-02 -0.3351787E-03  0.0000000E+00  0.0000000E+00 -0.8805230E-02 -0.1623348E-07
        91      4  0.5582056E-02 -0.1176115E-02  0.0000000E+00  0.0000000E+00 -0.5492541E-01 -0.1014785E-06

        92      0  0.0000000E+00  0.0000000E+00  0.0000000E+00  0.0000000E+00  0.0000000E+00  0.0000000E+00
        92      1  0.0000000E+00  0.0000000E+00  0.0000000E+00  0.0000000E+00  0.0000000E+00  0.0000000E+00
        92      2 -0.6077706E-03 -0.2553097E-03  0.0000000E+00  0.0000000E+00 -0.2227814E-02 -0.4033125E-08
        92      3 -0.1255369E-02 -0.4929396E-03  0.0000000E+00  0.0000000E+00 -0.8900521E-02 -0.1612407E-07
        92      4 -0.3789931E-02 -0.8985331E-03  0.0000000E+00  0.0000000E+00 -0.5550243E-01 -0.1007467E-06

        93      0  0.0000000E+00  0.0000000E+00  0.0000000E+00  0.0000000E+00  0.0000000E+00  0.0000000E+00
        93      1  0.0000000E+00  0.0000000E+00  0.0000000E+00  0.0000000E+00  0.0000000E+00  0.0000000E+00
        93      2 -0.3125797E-03  0.4907762E-03  0.0000000E+00  0.0000000E+00 -0.2247483E-02 -0.4108011E-08
        93      3 -0.5825271E-03  0.9781695E-03  0.0000000E+00  0.0000000E+00 -0.8986669E-02 -0.1641180E-07
        93      4 -0.6471480E-03  0.2345011E-02  0.0000000E+00  0.0000000E+00 -0.5606720E-01 -0.1020037E-06

        94      0  0.0000000E+00  0.0000000E+00  0.0000000E+00  0.0000000E+00  0.0000000E+00  0.0000000E+00
        94      1  0.0000000E+00  0.0000000E+00  0.0000000E+00  0.0000000E+00  0.0000000E+00  0.0000000E+00
        94      2  0.1013343E-02 -0.3848615E-03  0.0000000E+00  0.0000000E+00 -0.2273868E-02 -0.4213823E-08
        94      3  0.2005939E-02 -0.7822448E-03  0.0000000E+00  0.0000000E+00 -0.9086039E-02 -0.1684111E-07
        94      4  0.4571677E-02 -0.2158869E-02  0.0000000E+00  0.0000000E+00 -0.5666728E-01 -0.1048918E-06

        95      0  0.0000000E+00  0.0000000E+00  0.0000000E+00  0.0000000E+00  0.0000000E+00  0.0000000E+00
        95      1  0.0000000E+00  0.0000000E+00  0.0000000E+00  0.0000000E+00  0.0000000E+00  0.0000000E+00
        95      2 -0.1010944E-02  0.1214159E-04  0.0000000E+00  0.0000000E+00 -0.2296372E-02 -0.4209404E-08
        95      3 -0.2039410E-02  0.4525682E-04  0.0000000E+00  0.0000000E+00 -0.9176476E-02 -0.1683385E-07
        95      4 -0.5359379E-02  0.4940609E-03  0.0000000E+00  0.0000000E+00 -0.5723290E-01 -0.1053551E-06

        96      0  0.0000000E+00  0.0000000E+00  0.0000000E+00  0.0000000E+00  0.0000000E+00  0.0000000E+00
        96      1  0.0000000E+00  0.0000000E+00  0.0000000E+00  0.0000000E+00  0.0000000E+00  0.0000000E+00
        96      2  0.3064934E-03  0.3687396E-03  0.0000000E+00  0.0000000E+00 -0.2316741E-02 -0.4206608E-08
        96      3  0.6574151E-03  0.7220911E-03  0.0000000E+00  0.0000000E+00 -0.9263418E-02 -0.1681340E-07
        96      4  0.2445509E-02  0.1507967E-02  0.0000000E+00  0.0000000E+00 -0.5779566E-01 -0.1048777E-06

        97      0  0.0000000E+00  0.0000000E+00  0.0000000E+00  0.0000000E+00  0.0000000E+00  0.0000000E+00
        97      1  0.0000000E+00  0.0000000E+00  0.0000000E+00  0.0000000E+00  0.0000000E+00  0.0000000E+00
        97      2  0.6086010E-03 -0.4934887E-03  0.0000000E+00  0.0000000E+00 -0.2344010E-02 -0.4313770E-08
        97      3  0.1172293E-02 -0.9880604E-03  0.0000000E+00  0.0000000E+00 -0.9364746E-02 -0.1723503E-07
        97      4  0.2115459E-02 -0.2469330E-02  0.0000000E+00  0.0000000E+00 -0.5839907E-01 -0.1071166E-06

        98      0  0.0000000E+00  0.0000000E+00  0.0000000E+00  0.0000000E+00  0.0000000E+00  0.0000000E+00
        98      1  0.0000000E+00  0.0000000E+00  0.0000000E+00  0.0000000E+00  0.0000000E+00  0.0000000E+00
        98      2 -0.1103107E-02  0.2762443E-03  0.0000000E+00  0.0000000E+00 -0.2364677E-02 -0.4386911E-08
        98      3 -0.2196689E-02  0.5710189E-03  0.0000000E+00  0.0000000E+00 -0.9451942E-02 -0.1754026E-07
        98      4 -0.5272907E-02  0.1739183E-02  0.0000000E+00  0.0000000E+00 -0.5896134E-01 -0.1095106E-06

        99      0  0.0000000E+00  0.0000000E+00  0.0000000E+00  0.0000000E+00  0.0000000E+00  0.0000000E+00
        99      1  0.0000000E+00  0.0000000E+00  0.0000000E+00  0.0000000E+00  0.0000000E+00  0.0000000E+00
        99      2  0.8316720E-03  0.1329950E-03  0.0000000E+00  0.0000000E+00 -0.2386600E-02 -0.4359935E-08
        99      3  0.1696630E-02  0.2431027E-03  0.0000000E+00  0.0000000E+00 -0.9541394E-02 -0.1743593E-07
        99      4  0.4777643E-02  0.2025212E-03  0.0000000E+00  0.0000000E+00 -0.5952755E-01 -0.1091097E-06

       100      0  0.0000000E+00  0.0000000E+00  0.0000000E+00  0.0000000E+00  0.0000000E+00  0.0000000E+00
       100      1  0.0000000E+00  0.0000000E+00  0.0000000E+00  0.0000000E+00  0.0000000E+00  0.0000000E+00
       100      2  0.1657915E-04 -0.4501742E-03  0.0000000E+00  0.0000000E+00 -0.2413187E-02 -0.4396593E-08
       100      3 -0.2160803E-04 -0.8896798E-03  0.0000000E+00  0.0000000E+00 -0.9640737E-02 -0.1756886E-07
       100      4 -0.9849314E-03 -0.2011367E-02  0.0000000E+00  0.0000000E+00 -0.6011767E-01 -0.1093607E-06
