# number of rays:       5
# iteration   ray    X              A              Y              B              T              D
         0      0  0.0000000E+00  0.0000000E+00  0.0000000E+00  0.0000000E+00  0.0000000E+00  0.0000000E+00
         0      1  0.0000000E+00  0.0000000E+00  0.0000000E+00  0.0000000E+00  0.0000000E+00  0.0000000E+00
         0      2  0.1000000E-02  0.0000000E+00  0.0000000E+00  0.0000000E+00  0.0000000E+00  0.0000000E+00
         0      3  0.2000000E-02  0.0000000E+00  0.0000000E+00  0.0000000E+00  0.0000000E+00  0.0000000E+00
         0      4  0.5000000E-02  0.0000000E+00  0.0000000E+00  0.0000000E+00  0.0000000E+00  0.0000000E+00

         1      0  0.0000000E+00  0.0000000E+00  0.0000000E+00  0.0000000E+00  0.0000000E+00  0.0000000E+00
         1      1  0.0000000E+00  0.0000000E+00  0.0000000E+00  0.0000000E+00  0.0000000E+00  0.0000000E+00
         1      2  0.1842159E-04 -0.4471923E-03  0.0000000E+00  0.0000000E+00 -0.1265000E-04 -0.8622479E-13
         1      3  0.4096001E-04 -0.8939408E-03  0.0000000E+00  0.0000000E+00 -0.5561376E-04 -0.5959453E-12
         1      4  0.1067389E-03 -0.2227028E-02  0.0000000E+00  0.0000000E+00 -0.3641450E-03 -0.4607680E-11

         2      0  0.0000000E+00  0.0000000E+00  0.0000000E+00  0.0000000E+00  0.0000000E+00  0.0000000E+00
         2      1  0.0000000E+00  0.0000000E+00  0.0000000E+00  0.0000000E+00  0.0000000E+00  0.0000000E+00
         2      2 -0.1009889E-02  0.3842022E-03  0.0000000E+00  0.0000000E+00 -0.3051590E-04 -0.6975983E-10
         2      3 -0.2011461E-02  0.7681114E-03  0.0000000E+00  0.0000000E+00 -0.1211221E-03 -0.2778317E-09
         2      4 -0.4943787E-02  0.1932507E-02  0.0000000E+00  0.0000000E+00 -0.7462209E-03 -0.1708657E-08

         3      0  0.0000000E+00  0.0000000E+00  0.0000000E+00  0.0000000E+00  0.0000000E+00  0.0000000E+00
         3      1  0.0000000E+00  0.0000000E+00  0.0000000E+00  0.0000000E+00  0.0000000E+00  0.0000000E+00
         3      2  0.8559564E-03  0.1149950E-03  0.0000000E+00  0.0000000E+00 -0.4677638E-04 -0.7216696E-10
         3      3  0.1714316E-02  0.2254514E-03  0.0000000E+00  0.0000000E+00 -0.1855594E-03 -0.2882094E-09
         3      4  0.4351325E-02  0.4961094E-03  0.0000000E+00  0.0000000E+00 -0.1141940E-02 -0.1805165E-08

         4      0  0.0000000E+00  0.0000000E+00  0.0000000E+00  0.0000000E+00  0.0000000E+00  0.0000000E+00
         4      1  0.0000000E+00  0.0000000E+00  0.0000000E+00  0.0000000E+00  0.0000000E+00  0.0000000E+00
         4      2  0.2773816E-03 -0.4833847E-03  0.0000000E+00  0.0000000E+00 -0.5875141E-04 -0.8989090E-10
         4      3  0.5497440E-03 -0.9633957E-03  0.0000000E+00  0.0000000E+00 -0.2392386E-03 -0.3587533E-09
         4      4  0.1233902E-02 -0.2373174E-02  0.0000000E+00  0.0000000E+00 -0.1496751E-02 -0.2203574E-08

         5      0  0.0000000E+00  0.0000000E+00  0.0000000E+00  0.0000000E+00  0.0000000E+00  0.0000000E+00
         5      1  0.0000000E+00  0.0000000E+00  0.0000000E+00  0.0000000E+00  0.0000000E+00  0.0000000E+00
         5      2 -0.1088886E-02  0.3000781E-03  0.0000000E+00  0.0000000E+00 -0.7644561E-04 -0.1556452E-09
         5      3 -0.2165356E-02  0.6014841E-03  0.0000000E+00  0.0000000E+00 -0.3049227E-03 -0.6209443E-09
         5      4 -0.5290129E-02  0.1558534E-02  0.0000000E+00  0.0000000E+00 -0.1881855E-02 -0.3839255E-08

         6      0  0.0000000E+00  0.0000000E+00  0.0000000E+00  0.0000000E+00  0.0000000E+00  0.0000000E+00
         6      1  0.0000000E+00  0.0000000E+00  0.0000000E+00  0.0000000E+00  0.0000000E+00  0.0000000E+00
         6      2  0.6646295E-03  0.2239153E-03  0.0000000E+00  0.0000000E+00 -0.9328271E-04 -0.1457183E-09
         6      3  0.1336611E-02  0.4399215E-03  0.0000000E+00  0.0000000E+00 -0.3701408E-03 -0.5831215E-09
         6      4  0.3513212E-02  0.9780716E-03  0.0000000E+00  0.0000000E+00 -0.2276092E-02 -0.3661279E-08

         7      0  0.0000000E+00  0.0000000E+00  0.0000000E+00  0.0000000E+00  0.0000000E+00  0.0000000E+00
         7      1  0.0000000E+00  0.0000000E+00  0.0000000E+00  0.0000000E+00  0.0000000E+00  0.0000000E+00
         7      2  0.5215244E-03 -0.4930854E-03  0.0000000E+00  0.0000000E+00 -0.1048527E-03 -0.1832116E-09
         7      3  0.1031084E-02 -0.9819805E-03  0.0000000E+00  0.0000000E+00 -0.4226120E-03 -0.7317408E-09
         7      4  0.2321872E-02 -0.2421530E-02  0.0000000E+00  0.0000000E+00 -0.2624252E-02 -0.4498603E-08

         8      0  0.0000000E+00  0.0000000E+00  0.0000000E+00  0.0000000E+00  0.0000000E+00  0.0000000E+00
         8      1  0.0000000E+00  0.0000000E+00  0.0000000E+00  0.0000000E+00  0.0000000E+00  0.0000000E+00
         8      2 -0.1108021E-02  0.1992968E-03  0.0000000E+00  0.0000000E+00 -0.1222571E-03 -0.2367036E-09
         8      3 -0.2204169E-02  0.4022448E-03  0.0000000E+00  0.0000000E+00 -0.4882757E-03 -0.9463601E-09
         8      4 -0.5414585E-02  0.1114559E-02  0.0000000E+00  0.0000000E+00 -0.3012559E-02 -0.5898628E-08

         9      0  0.0000000E+00  0.0000000E+00  0.0000000E+00  0.0000000E+00  0.0000000E+00  0.0000000E+00
         9      1  0.0000000E+00  0.0000000E+00  0.0000000E+00  0.0000000E+00  0.0000000E+00  0.0000000E+00
         9      2  0.4367484E-03  0.3207360E-03  0.0000000E+00  0.0000000E+00 -0.1395000E-03 -0.2226096E-09
         9      3  0.8877971E-03  0.6318501E-03  0.0000000E+00  0.0000000E+00 -0.5537205E-03 -0.8914987E-09
         9      4  0.2525015E-02  0.1424348E-02  0.0000000E+00  0.0000000E+00 -0.3403278E-02 -0.5591132E-08

        10      0  0.0000000E+00  0.0000000E+00  0.0000000E+00  0.0000000E+00  0.0000000E+00  0.0000000E+00
        10      1  0.0000000E+00  0.0000000E+00  0.0000000E+00  0.0000000E+00  0.0000000E+00  0.0000000E+00
        10      2  0.7373130E-03 -0.4758520E-03  0.0000000E+00  0.0000000E+00 -0.1509816E-03 -0.2776890E-09
        10      3  0.1458937E-02 -0.9490523E-03  0.0000000E+00  0.0000000E+00 -0.6058746E-03 -0.1109738E-08
        10      4  0.3321648E-02 -0.2371334E-02  0.0000000E+00  0.0000000E+00 -0.3748589E-02 -0.6836985E-08

        11      0  0.0000000E+00  0.0000000E+00  0.0000000E+00  0.0000000E+00  0.0000000E+00  0.0000000E+00
        11      1  0.0000000E+00  0.0000000E+00  0.0000000E+00  0.0000000E+00  0.0000000E+00  0.0000000E+00
        11      2 -0.1066312E-02  0.8754651E-04  0.0000000E+00  0.0000000E+00 -0.1679411E-03 -0.3132248E-09
        11      3 -0.2126076E-02  0.1815560E-03  0.0000000E+00  0.0000000E+00 -0.6711250E-03 -0.1254152E-08
        11      4 -0.5311992E-02  0.6222043E-03  0.0000000E+00  0.0000000E+00 -0.4139440E-02 -0.7871599E-08

        12      0  0.0000000E+00  0.0000000E+00  0.0000000E+00  0.0000000E+00  0.0000000E+00  0.0000000E+00
        12      1  0.0000000E+00  0.0000000E+00  0.0000000E+00  0.0000000E+00  0.0000000E+00  0.0000000E+00
        12      2  0.1850583E-03  0.4000418E-03  0.0000000E+00  0.0000000E+00 -0.1854326E-03 -0.3040260E-09
        12      3  0.3926084E-03  0.7906608E-03  0.0000000E+00  0.0000000E+00 -0.7363645E-03 -0.1216923E-08
        12      4  0.1433941E-02  0.1813703E-02  0.0000000E+00  0.0000000E+00 -0.4525331E-02 -0.7600845E-08

        13      0  0.0000000E+00  0.0000000E+00  0.0000000E+00  0.0000000E+00  0.0000000E+00  0.0000000E+00
        13      1  0.0000000E+00  0.0000000E+00  0.0000000E+00  0.0000000E+00  0.0000000E+00  0.0000000E+00
        13      2  0.9127047E-03 -0.4326754E-03  0.0000000E+00  0.0000000E+00 -0.1971475E-03 -0.3706903E-09
        13      3  0.1809837E-02 -0.8665401E-03  0.0000000E+00  0.0000000E+00 -0.7891152E-03 -0.1481683E-08
        13      4  0.4186227E-02 -0.2225761E-02  0.0000000E+00  0.0000000E+00 -0.4871975E-02 -0.9155291E-08

        14      0  0.0000000E+00  0.0000000E+00  0.0000000E+00  0.0000000E+00  0.0000000E+00  0.0000000E+00
        14      1  0.0000000E+00  0.0000000E+00  0.0000000E+00  0.0000000E+00  0.0000000E+00  0.0000000E+00
        14      2 -0.9660586E-03 -0.2888671E-04  0.0000000E+00  0.0000000E+00 -0.2134877E-03 -0.3864894E-09
        14      3 -0.1935285E-02 -0.4828563E-04  0.0000000E+00  0.0000000E+00 -0.8534149E-03 -0.1548135E-08
        14      4 -0.4987376E-02  0.1056838E-03  0.0000000E+00  0.0000000E+00 -0.5263903E-02 -0.9757219E-08

        15      0  0.0000000E+00  0.0000000E+00  0.0000000E+00  0.0000000E+00  0.0000000E+00  0.0000000E+00
        15      1  0.0000000E+00  0.0000000E+00  0.0000000E+00  0.0000000E+00  0.0000000E+00  0.0000000E+00
        15      2 -0.7642381E-04  0.4573435E-03  0.0000000E+00  0.0000000E+00 -0.2311040E-03 -0.3901935E-09
        15      3 -0.1219002E-03  0.9074102E-03  0.0000000E+00  0.0000000E+00 -0.9182033E-03 -0.1559552E-08
        15      4  0.2915535E-03  0.2126951E-02  0.0000000E+00  0.0000000E+00 -0.5644489E-02 -0.9683093E-08

        16      0  0.0000000E+00  0.0000000E+00  0.0000000E+00  0.0000000E+00  0.0000000E+00  0.0000000E+00
        16      1  0.0000000E+00  0.0000000E+00  0.0000000E+00  0.0000000E+00  0.0000000E+00  0.0000000E+00
        16      2  0.1037848E-02 -0.3659159E-03  0.0000000E+00  0.0000000E+00 -0.2433375E-03 -0.4599506E-09
        16      3  0.2064302E-02 -0.7388019E-03  0.0000000E+00  0.0000000E+00 -0.9723392E-03 -0.1838133E-08
        16      4  0.4874265E-02 -0.1991623E-02  0.0000000E+00  0.0000000E+00 -0.5996165E-02 -0.1139558E-07

        17      0  0.0000000E+00  0.0000000E+00  0.0000000E+00  0.0000000E+00  0.0000000E+00  0.0000000E+00
        17      1  0.0000000E+00  0.0000000E+00  0.0000000E+00  0.0000000E+00  0.0000000E+00  0.0000000E+00
        17      2 -0.8127171E-03 -0.1434935E-03  0.0000000E+00  0.0000000E+00 -0.2588921E-03 -0.4585544E-09
        17      3 -0.1641788E-02 -0.2746263E-03  0.0000000E+00  0.0000000E+00 -0.1035098E-02 -0.1835534E-08
        17      4 -0.4455517E-02 -0.4101987E-03  0.0000000E+00  0.0000000E+00 -0.6387034E-02 -0.1157333E-07

        18      0  0.0000000E+00  0.0000000E+00  0.0000000E+00  0.0000000E+00  0.0000000E+00  0.0000000E+00
        18      1  0.0000000E+00  0.0000000E+00  0.0000000E+00  0.0000000E+00  0.0000000E+00  0.0000000E+00
        18      2 -0.3332132E-03  0.4893512E-03  0.0000000E+00  0.0000000E+00 -0.2765503E-03 -0.4803877E-09
        18      3 -0.6279524E-03  0.9753673E-03  0.0000000E+00  0.0000000E+00 -0.1099392E-02 -0.1916524E-08
        18      4 -0.8502478E-03  0.2348491E-02  0.0000000E+00  0.0000000E+00 -0.6762673E-02 -0.1182289E-07

        19      0  0.0000000E+00  0.0000000E+00  0.0000000E+00  0.0000000E+00  0.0000000E+00  0.0000000E+00
        19      1  0.0000000E+00  0.0000000E+00  0.0000000E+00  0.0000000E+00  0.0000000E+00  0.0000000E+00
        19      2  0.1105666E-02 -0.2791770E-03  0.0000000E+00  0.0000000E+00 -0.2895153E-03 -0.5441124E-09
        19      3  0.2208042E-02 -0.5723902E-03  0.0000000E+00  0.0000000E+00 -0.1155457E-02 -0.2173612E-08
        19      4  0.5353033E-02 -0.1678680E-02  0.0000000E+00  0.0000000E+00 -0.7121879E-02 -0.1351975E-07

        20      0  0.0000000E+00  0.0000000E+00  0.0000000E+00  0.0000000E+00  0.0000000E+00  0.0000000E+00
        20      1  0.0000000E+00  0.0000000E+00  0.0000000E+00  0.0000000E+00  0.0000000E+00  0.0000000E+00
        20      2 -0.6146087E-03 -0.2499200E-03  0.0000000E+00  0.0000000E+00 -0.3041583E-03 -0.5318377E-09
        20      3 -0.1260824E-02 -0.4852190E-03  0.0000000E+00  0.0000000E+00 -0.1216145E-02 -0.2125706E-08
        20      4 -0.3739268E-02 -0.9019825E-03  0.0000000E+00  0.0000000E+00 -0.7509111E-02 -0.1335608E-07

        21      0  0.0000000E+00  0.0000000E+00  0.0000000E+00  0.0000000E+00  0.0000000E+00  0.0000000E+00
        21      1  0.0000000E+00  0.0000000E+00  0.0000000E+00  0.0000000E+00  0.0000000E+00  0.0000000E+00
        21      2 -0.5711693E-03  0.4941833E-03  0.0000000E+00  0.0000000E+00 -0.3218107E-03 -0.5731086E-09
        21      3 -0.1098595E-02  0.9904664E-03  0.0000000E+00  0.0000000E+00 -0.1280072E-02 -0.2282711E-08
        21      4 -0.1942650E-02  0.2467272E-02  0.0000000E+00  0.0000000E+00 -0.7880855E-02 -0.1400303E-07

        22      0  0.0000000E+00  0.0000000E+00  0.0000000E+00  0.0000000E+00  0.0000000E+00  0.0000000E+00
        22      1  0.0000000E+00  0.0000000E+00  0.0000000E+00  0.0000000E+00  0.0000000E+00  0.0000000E+00
        22      2  0.1112285E-02 -0.1771228E-03  0.0000000E+00  0.0000000E+00 -0.3356265E-03 -0.6230217E-09
        22      3  0.2232851E-02 -0.3757477E-03  0.0000000E+00  0.0000000E+00 -0.1338297E-02 -0.2487796E-08
        22      4  0.5600099E-02 -0.1298859E-02  0.0000000E+00  0.0000000E+00 -0.8248499E-02 -0.1551737E-07

        23      0  0.0000000E+00  0.0000000E+00  0.0000000E+00  0.0000000E+00  0.0000000E+00  0.0000000E+00
        23      1  0.0000000E+00  0.0000000E+00  0.0000000E+00  0.0000000E+00  0.0000000E+00  0.0000000E+00
        23      2 -0.3824877E-03 -0.3423257E-03  0.0000000E+00  0.0000000E+00 -0.3493025E-03 -0.6085774E-09
        23      3 -0.8121236E-03 -0.6689087E-03  0.0000000E+00  0.0000000E+00 -0.1396559E-02 -0.2428069E-08
        23      4 -0.2867433E-02 -0.1348923E-02  0.0000000E+00  0.0000000E+00 -0.8629399E-02 -0.1515398E-07

        24      0  0.0000000E+00  0.0000000E+00  0.0000000E+00  0.0000000E+00  0.0000000E+00  0.0000000E+00
        24      1  0.0000000E+00  0.0000000E+00  0.0000000E+00  0.0000000E+00  0.0000000E+00  0.0000000E+00
        24      2 -0.7772683E-03  0.4714940E-03  0.0000000E+00  0.0000000E+00 -0.3669202E-03 -0.6663765E-09
        24      3 -0.1509088E-02  0.9515975E-03  0.0000000E+00  0.0000000E+00 -0.1460341E-02 -0.2651600E-08
        24      4 -0.2941962E-02  0.2477141E-02  0.0000000E+00  0.0000000E+00 -0.8998774E-02 -0.1620701E-07

        25      0  0.0000000E+00  0.0000000E+00  0.0000000E+00  0.0000000E+00  0.0000000E+00  0.0000000E+00
        25      1  0.0000000E+00  0.0000000E+00  0.0000000E+00  0.0000000E+00  0.0000000E+00  0.0000000E+00
        25      2  0.1057278E-02 -0.6524702E-04  0.0000000E+00  0.0000000E+00 -0.3816067E-03 -0.6977172E-09
        25      3  0.2137135E-02 -0.1588520E-03  0.0000000E+00  0.0000000E+00 -0.1520640E-02 -0.2785261E-08
        25      4  0.5603827E-02 -0.8657286E-03  0.0000000E+00  0.0000000E+00 -0.9374186E-02 -0.1740542E-07

        26      0  0.0000000E+00  0.0000000E+00  0.0000000E+00  0.0000000E+00  0.0000000E+00  0.0000000E+00
        26      1  0.0000000E+00  0.0000000E+00  0.0000000E+00  0.0000000E+00  0.0000000E+00  0.0000000E+00
        26      2 -0.1289839E-03 -0.4156990E-03  0.0000000E+00  0.0000000E+00 -0.3943525E-03 -0.6902892E-09
        26      3 -0.3189711E-03 -0.8161956E-03  0.0000000E+00  0.0000000E+00 -0.1576387E-02 -0.2749740E-08
        26      4 -0.1873204E-02 -0.1733615E-02  0.0000000E+00  0.0000000E+00 -0.9746395E-02 -0.1701778E-07

        27      0  0.0000000E+00  0.0000000E+00  0.0000000E+00  0.0000000E+00  0.0000000E+00  0.0000000E+00
        27      1  0.0000000E+00  0.0000000E+00  0.0000000E+00  0.0000000E+00  0.0000000E+00  0.0000000E+00
        27      2 -0.9402963E-03  0.4225087E-03  0.0000000E+00  0.0000000E+00 -0.4119037E-03 -0.7580990E-09
        27      3 -0.1838095E-02  0.8607163E-03  0.0000000E+00  0.0000000E+00 -0.1640244E-02 -0.3016199E-08
        27      4 -0.3810210E-02  0.2376834E-02  0.0000000E+00  0.0000000E+00 -0.1011513E-01 -0.1841882E-07

        28      0  0.0000000E+00  0.0000000E+00  0.0000000E+00  0.0000000E+00  0.0000000E+00  0.0000000E+00
        28      1  0.0000000E+00  0.0000000E+00  0.0000000E+00  0.0000000E+00  0.0000000E+00  0.0000000E+00
        28      2  0.9436982E-03  0.5039966E-04  0.0000000E+00  0.0000000E+00 -0.4273924E-03 -0.7701352E-09
        28      3  0.1926048E-02  0.6719272E-04  0.0000000E+00  0.0000000E+00 -0.1702265E-02 -0.3074015E-08
        28      4  0.5363307E-02 -0.3944025E-03  0.0000000E+00  0.0000000E+00 -0.1049642E-01 -0.1922138E-07

        29      0  0.0000000E+00  0.0000000E+00  0.0000000E+00  0.0000000E+00  0.0000000E+00  0.0000000E+00
        29      1  0.0000000E+00  0.0000000E+00  0.0000000E+00  0.0000000E+00  0.0000000E+00  0.0000000E+00
        29      2  0.1320545E-03 -0.4661143E-03  0.0000000E+00  0.0000000E+00 -0.4393452E-03 -0.7773676E-09
        29      3  0.1928614E-03 -0.9196636E-03  0.0000000E+00  0.0000000E+00 -0.1755728E-02 -0.3093522E-08
        29      4 -0.7935943E-03 -0.2042052E-02  0.0000000E+00  0.0000000E+00 -0.1085844E-01 -0.1898881E-07

        30      0  0.0000000E+00  0.0000000E+00  0.0000000E+00  0.0000000E+00  0.0000000E+00  0.0000000E+00
        30      1  0.0000000E+00  0.0000000E+00  0.0000000E+00  0.0000000E+00  0.0000000E+00  0.0000000E+00
        30      2 -0.1051434E-02  0.3499620E-03  0.0000000E+00  0.0000000E+00 -0.4567739E-03 -0.8464590E-09
        30      3 -0.2068670E-02  0.7227677E-03  0.0000000E+00  0.0000000E+00 -0.1819781E-02 -0.3370009E-08
        30      4 -0.4514956E-02  0.2169943E-02  0.0000000E+00  0.0000000E+00 -0.1122821E-01 -0.2062094E-07

        31      0  0.0000000E+00  0.0000000E+00  0.0000000E+00  0.0000000E+00  0.0000000E+00  0.0000000E+00
        31      1  0.0000000E+00  0.0000000E+00  0.0000000E+00  0.0000000E+00  0.0000000E+00  0.0000000E+00
        31      2  0.7779115E-03  0.1635163E-03  0.0000000E+00  0.0000000E+00 -0.4729321E-03 -0.8426285E-09
        31      3  0.1611220E-02  0.2906291E-03  0.0000000E+00  0.0000000E+00 -0.1882997E-02 -0.3363350E-08
        31      4  0.4888329E-02  0.9821226E-04  0.0000000E+00  0.0000000E+00 -0.1161280E-01 -0.2101264E-07

        32      0  0.0000000E+00  0.0000000E+00  0.0000000E+00  0.0000000E+00  0.0000000E+00  0.0000000E+00
        32      1  0.0000000E+00  0.0000000E+00  0.0000000E+00  0.0000000E+00  0.0000000E+00  0.0000000E+00
        32      2  0.3862936E-03 -0.4909224E-03  0.0000000E+00  0.0000000E+00 -0.4843204E-03 -0.8689496E-09
        32      3  0.6963268E-03 -0.9742784E-03  0.0000000E+00  0.0000000E+00 -0.1934721E-02 -0.3456911E-08
        32      4  0.3303827E-03 -0.2263510E-02  0.0000000E+00  0.0000000E+00 -0.1196448E-01 -0.2108810E-07

        33      0  0.0000000E+00  0.0000000E+00  0.0000000E+00  0.0000000E+00  0.0000000E+00  0.0000000E+00
        33      1  0.0000000E+00  0.0000000E+00  0.0000000E+00  0.0000000E+00  0.0000000E+00  0.0000000E+00
        33      2 -0.1104706E-02  0.2579413E-03  0.0000000E+00  0.0000000E+00 -0.5015321E-03 -0.9302736E-09
        33      3 -0.2189039E-02  0.5454180E-03  0.0000000E+00  0.0000000E+00 -0.1998918E-02 -0.3708083E-08
        33      4 -0.5029294E-02  0.1865019E-02  0.0000000E+00  0.0000000E+00 -0.1233663E-01 -0.2279266E-07

        34      0  0.0000000E+00  0.0000000E+00  0.0000000E+00  0.0000000E+00  0.0000000E+00  0.0000000E+00
        34      1  0.0000000E+00  0.0000000E+00  0.0000000E+00  0.0000000E+00  0.0000000E+00  0.0000000E+00
        34      2  0.5692202E-03  0.2678823E-03  0.0000000E+00  0.0000000E+00 -0.5181936E-03 -0.9174319E-09
        34      3  0.1210083E-02  0.4995982E-03  0.0000000E+00  0.0000000E+00 -0.2062748E-02 -0.3661675E-08
        34      4  0.4199537E-02  0.5931941E-03  0.0000000E+00  0.0000000E+00 -0.1272178E-01 -0.2282527E-07

        35      0  0.0000000E+00  0.0000000E+00  0.0000000E+00  0.0000000E+00  0.0000000E+00  0.0000000E+00
        35      1  0.0000000E+00  0.0000000E+00  0.0000000E+00  0.0000000E+00  0.0000000E+00  0.0000000E+00
        35      2  0.6196875E-03 -0.4888688E-03  0.0000000E+00  0.0000000E+00 -0.5293123E-03 -0.9630946E-09
        35      3  0.1164456E-02 -0.9775606E-03  0.0000000E+00  0.0000000E+00 -0.2113520E-02 -0.3832515E-08
        35      4  0.1453661E-02 -0.2390568E-02  0.0000000E+00  0.0000000E+00 -0.1306457E-01 -0.2330924E-07

        36      0  0.0000000E+00  0.0000000E+00  0.0000000E+00  0.0000000E+00  0.0000000E+00  0.0000000E+00
        36      1  0.0000000E+00  0.0000000E+00  0.0000000E+00  0.0000000E+00  0.0000000E+00  0.0000000E+00
        36      2 -0.1097284E-02  0.1516428E-03  0.0000000E+00  0.0000000E+00 -0.5461715E-03 -0.1009261E-08
        36      3 -0.2193155E-02  0.3385991E-03  0.0000000E+00  0.0000000E+00 -0.2177604E-02 -0.4028108E-08
        36      4 -0.5332638E-02  0.1475671E-02  0.0000000E+00  0.0000000E+00 -0.1343987E-01 -0.2491081E-07

        37      0  0.0000000E+00  0.0000000E+00  0.0000000E+00  0.0000000E+00  0.0000000E+00  0.0000000E+00
        37      1  0.0000000E+00  0.0000000E+00  0.0000000E+00  0.0000000E+00  0.0000000E+00  0.0000000E+00
        37      2  0.3293164E-03  0.3576971E-03  0.0000000E+00  0.0000000E+00 -0.5631683E-03 -0.9962015E-09
        37      3  0.7448255E-03  0.6827618E-03  0.0000000E+00  0.0000000E+00 -0.2241520E-02 -0.3974882E-08
        37      4  0.3328340E-02  0.1069823E-02  0.0000000E+00  0.0000000E+00 -0.1382312E-01 -0.2469468E-07

        38      0  0.0000000E+00  0.0000000E+00  0.0000000E+00  0.0000000E+00  0.0000000E+00  0.0000000E+00
        38      1  0.0000000E+00  0.0000000E+00  0.0000000E+00  0.0000000E+00  0.0000000E+00  0.0000000E+00
        38      2  0.8192586E-03 -0.4601384E-03  0.0000000E+00  0.0000000E+00 -0.5743415E-03 -0.1057246E-08
        38      3  0.1571816E-02 -0.9296374E-03  0.0000000E+00  0.0000000E+00 -0.2292254E-02 -0.4209854E-08
        38      4  0.2528071E-02 -0.2419374E-02  0.0000000E+00  0.0000000E+00 -0.1415997E-01 -0.2561756E-07

        39      0  0.0000000E+00  0.0000000E+00  0.0000000E+00  0.0000000E+00  0.0000000E+00  0.0000000E+00
        39      1  0.0000000E+00  0.0000000E+00  0.0000000E+00  0.0000000E+00  0.0000000E+00  0.0000000E+00
        39      2 -0.1029619E-02  0.3705963E-04  0.0000000E+00  0.0000000E+00 -0.5906819E-03 -0.1084154E-08
        39      3 -0.2080988E-02  0.1138878E-03  0.0000000E+00  0.0000000E+00 -0.2355781E-02 -0.4331245E-08
        39      4 -0.5412298E-02  0.1020308E-02  0.0000000E+00  0.0000000E+00 -0.1453844E-01 -0.2695392E-07

        40      0  0.0000000E+00  0.0000000E+00  0.0000000E+00  0.0000000E+00  0.0000000E+00  0.0000000E+00
        40      1  0.0000000E+00  0.0000000E+00  0.0000000E+00  0.0000000E+00  0.0000000E+00  0.0000000E+00
        40      2  0.7159497E-04  0.4279119E-03  0.0000000E+00  0.0000000E+00 -0.6078696E-03 -0.1079716E-08
        40      3  0.2410340E-03  0.8299614E-03  0.0000000E+00  0.0000000E+00 -0.2419402E-02 -0.4305532E-08
        40      4  0.2315865E-02  0.1506489E-02  0.0000000E+00  0.0000000E+00 -0.1491788E-01 -0.2664031E-07

        41      0  0.0000000E+00  0.0000000E+00  0.0000000E+00  0.0000000E+00  0.0000000E+00  0.0000000E+00
        41      1  0.0000000E+00  0.0000000E+00  0.0000000E+00  0.0000000E+00  0.0000000E+00  0.0000000E+00
        41      2  0.9738379E-03 -0.4063300E-03  0.0000000E+00  0.0000000E+00 -0.6194082E-03 -0.1148854E-08
        41      3  0.1895981E-02 -0.8331764E-03  0.0000000E+00  0.0000000E+00 -0.2470990E-02 -0.4578053E-08
        41      4  0.3504717E-02 -0.2349946E-02  0.0000000E+00  0.0000000E+00 -0.1525273E-01 -0.2795704E-07

        42      0  0.0000000E+00  0.0000000E+00  0.0000000E+00  0.0000000E+00  0.0000000E+00  0.0000000E+00
        42      1  0.0000000E+00  0.0000000E+00  0.0000000E+00  0.0000000E+00  0.0000000E+00  0.0000000E+00
        42      2 -0.9054101E-03 -0.7937806E-04  0.0000000E+00  0.0000000E+00 -0.6350550E-03 -0.1156611E-08
        42      3 -0.1858497E-02 -0.1162317E-03  0.0000000E+00  0.0000000E+00 -0.2533396E-02 -0.4622397E-08
        42      4 -0.5265086E-02  0.5212067E-03  0.0000000E+00  0.0000000E+00 -0.1563355E-01 -0.2890912E-07

        43      0  0.0000000E+00  0.0000000E+00  0.0000000E+00  0.0000000E+00  0.0000000E+00  0.0000000E+00
        43      1  0.0000000E+00  0.0000000E+00  0.0000000E+00  0.0000000E+00  0.0000000E+00  0.0000000E+00
        43      2 -0.1896230E-03  0.4745293E-03  0.0000000E+00  0.0000000E+00 -0.6523276E-03 -0.1167777E-08
        43      3 -0.2738569E-03  0.9328530E-03  0.0000000E+00  0.0000000E+00 -0.2596537E-02 -0.4652824E-08
        43      4  0.1210488E-02  0.1882224E-02  0.0000000E+00  0.0000000E+00 -0.1600803E-01 -0.2866525E-07

        44      0  0.0000000E+00  0.0000000E+00  0.0000000E+00  0.0000000E+00  0.0000000E+00  0.0000000E+00
        44      1  0.0000000E+00  0.0000000E+00  0.0000000E+00  0.0000000E+00  0.0000000E+00  0.0000000E+00
        44      2  0.1074718E-02 -0.3303639E-03  0.0000000E+00  0.0000000E+00 -0.6644889E-03 -0.1235995E-08
        44      3  0.2118892E-02 -0.6932134E-03  0.0000000E+00  0.0000000E+00 -0.2649705E-02 -0.4928643E-08
        44      4  0.4337435E-02 -0.2186218E-02  0.0000000E+00  0.0000000E+00 -0.1634504E-01 -0.3026404E-07

        45      0  0.0000000E+00  0.0000000E+00  0.0000000E+00  0.0000000E+00  0.0000000E+00  0.0000000E+00
        45      1  0.0000000E+00  0.0000000E+00  0.0000000E+00  0.0000000E+00  0.0000000E+00  0.0000000E+00
        45      2 -0.7314054E-03 -0.1911827E-03  0.0000000E+00  0.0000000E+00 -0.6792894E-03 -0.1228907E-08
        45      3 -0.1537296E-02 -0.3391489E-03  0.0000000E+00  0.0000000E+00 -0.2710406E-02 -0.4909595E-08
        45      4 -0.4898039E-02  0.2862910E-05  0.0000000E+00  0.0000000E+00 -0.1672658E-01 -0.3077893E-07

        46      0  0.0000000E+00  0.0000000E+00  0.0000000E+00  0.0000000E+00  0.0000000E+00  0.0000000E+00
        46      1  0.0000000E+00  0.0000000E+00  0.0000000E+00  0.0000000E+00  0.0000000E+00  0.0000000E+00
        46      2 -0.4399041E-03  0.4948510E-03  0.0000000E+00  0.0000000E+00 -0.6965805E-03 -0.1259291E-08
        46      3 -0.7721590E-03  0.9854544E-03  0.0000000E+00  0.0000000E+00 -0.2773079E-02 -0.5013138E-08
        46      4  0.6415613E-04  0.2178442E-02  0.0000000E+00  0.0000000E+00 -0.1709579E-01 -0.3076016E-07

        47      0  0.0000000E+00  0.0000000E+00  0.0000000E+00  0.0000000E+00  0.0000000E+00  0.0000000E+00
        47      1  0.0000000E+00  0.0000000E+00  0.0000000E+00  0.0000000E+00  0.0000000E+00  0.0000000E+00
        47      2  0.1116175E-02 -0.2363308E-03  0.0000000E+00  0.0000000E+00 -0.7095386E-03 -0.1317815E-08
        47      3  0.2227983E-02 -0.5168947E-03  0.0000000E+00  0.0000000E+00 -0.2828283E-02 -0.5257613E-08
        47      4  0.4986384E-02 -0.1935646E-02  0.0000000E+00  0.0000000E+00 -0.1743847E-01 -0.3248355E-07

        48      0  0.0000000E+00  0.0000000E+00  0.0000000E+00  0.0000000E+00  0.0000000E+00  0.0000000E+00
        48      1  0.0000000E+00  0.0000000E+00  0.0000000E+00  0.0000000E+00  0.0000000E+00  0.0000000E+00
        48      2 -0.5170460E-03 -0.2921821E-03  0.0000000E+00  0.0000000E+00 -0.7233941E-03 -0.1303450E-08
        48      3 -0.1134042E-02 -0.5428736E-03  0.0000000E+00  0.0000000E+00 -0.2886788E-02 -0.5202453E-08
        48      4 -0.4327696E-02 -0.5100438E-03  0.0000000E+00  0.0000000E+00 -0.1781851E-01 -0.3258504E-07

        49      0  0.0000000E+00  0.0000000E+00  0.0000000E+00  0.0000000E+00  0.0000000E+00  0.0000000E+00
        49      1  0.0000000E+00  0.0000000E+00  0.0000000E+00  0.0000000E+00  0.0000000E+00  0.0000000E+00
        49      2 -0.6655027E-03  0.4876536E-03  0.0000000E+00  0.0000000E+00 -0.7406668E-03 -0.1352509E-08
        49      3 -0.1227438E-02  0.9845526E-03  0.0000000E+00  0.0000000E+00 -0.2949158E-02 -0.5380843E-08
        49      4 -0.1071606E-02  0.2380388E-02  0.0000000E+00  0.0000000E+00 -0.1818295E-01 -0.3290926E-07

        50      0  0.0000000E+00  0.0000000E+00  0.0000000E+00  0.0000000E+00  0.0000000E+00  0.0000000E+00
        50      1  0.0000000E+00  0.0000000E+00  0.0000000E+00  0.0000000E+00  0.0000000E+00  0.0000000E+00
        50      2  0.1095816E-02 -0.1292869E-03  0.0000000E+00  0.0000000E+00 -0.7544972E-03 -0.1394700E-08
        50      3  0.2216967E-02 -0.3131569E-03  0.0000000E+00  0.0000000E+00 -0.3006533E-02 -0.5566178E-08
        50      4  0.5420782E-02 -0.1608479E-02  0.0000000E+00  0.0000000E+00 -0.1853350E-01 -0.3458257E-07

        51      0  0.0000000E+00  0.0000000E+00  0.0000000E+00  0.0000000E+00  0.0000000E+00  0.0000000E+00
        51      1  0.0000000E+00  0.0000000E+00  0.0000000E+00  0.0000000E+00  0.0000000E+00  0.0000000E+00
        51      2 -0.2739777E-03 -0.3768608E-03  0.0000000E+00  0.0000000E+00 -0.7673907E-03 -0.1382227E-08
        51      3 -0.6696196E-03 -0.7166882E-03  0.0000000E+00  0.0000000E+00 -0.3062559E-02 -0.5509954E-08
        51      4 -0.3578247E-02 -0.9945045E-03  0.0000000E+00  0.0000000E+00 -0.1890939E-01 -0.3436668E-07

        52      0  0.0000000E+00  0.0000000E+00  0.0000000E+00  0.0000000E+00  0.0000000E+00  0.0000000E+00
        52      1  0.0000000E+00  0.0000000E+00  0.0000000E+00  0.0000000E+00  0.0000000E+00  0.0000000E+00
        52      2 -0.8541034E-03  0.4532764E-03  0.0000000E+00  0.0000000E+00 -0.7846175E-03 -0.1445354E-08
        52      3 -0.1615847E-02  0.9299422E-03  0.0000000E+00  0.0000000E+00 -0.3124858E-02 -0.5749187E-08
        52      4 -0.2148889E-02  0.2477968E-02  0.0000000E+00  0.0000000E+00 -0.1927025E-01 -0.3509535E-07

        53      0  0.0000000E+00  0.0000000E+00  0.0000000E+00  0.0000000E+00  0.0000000E+00  0.0000000E+00
        53      1  0.0000000E+00  0.0000000E+00  0.0000000E+00  0.0000000E+00  0.0000000E+00  0.0000000E+00
        53      2  0.1014737E-02 -0.1500397E-04  0.0000000E+00  0.0000000E+00 -0.7992995E-03 -0.1468130E-08
        53      3  0.2086255E-02 -0.9235609E-04  0.0000000E+00  0.0000000E+00 -0.3184231E-02 -0.5860128E-08
        53      4  0.5620320E-02 -0.1216996E-02  0.0000000E+00  0.0000000E+00 -0.1962924E-01 -0.3655636E-07

        54      0  0.0000000E+00  0.0000000E+00  0.0000000E+00  0.0000000E+00  0.0000000E+00  0.0000000E+00
        54      1  0.0000000E+00  0.0000000E+00  0.0000000E+00  0.0000000E+00  0.0000000E+00  0.0000000E+00
        54      2 -0.1544620E-04 -0.4406520E-03  0.0000000E+00  0.0000000E+00 -0.8113114E-03 -0.1466301E-08
        54      3 -0.1681688E-03 -0.8516712E-03  0.0000000E+00  0.0000000E+00 -0.3237780E-02 -0.5838110E-08
        54      4 -0.2679461E-02 -0.1430408E-02  0.0000000E+00  0.0000000E+00 -0.1999832E-01 -0.3617366E-07

        55      0  0.0000000E+00  0.0000000E+00  0.0000000E+00  0.0000000E+00  0.0000000E+00  0.0000000E+00
        55      1  0.0000000E+00  0.0000000E+00  0.0000000E+00  0.0000000E+00  0.0000000E+00  0.0000000E+00
        55      2 -0.9954702E-03  0.3936151E-03  0.0000000E+00  0.0000000E+00 -0.8284523E-03 -0.1535807E-08
        55      3 -0.1917257E-02  0.8244806E-03  0.0000000E+00  0.0000000E+00 -0.3300209E-02 -0.6111220E-08
        55      4 -0.3125120E-02  0.2466002E-02  0.0000000E+00  0.0000000E+00 -0.2035717E-01 -0.3730211E-07

        56      0  0.0000000E+00  0.0000000E+00  0.0000000E+00  0.0000000E+00  0.0000000E+00  0.0000000E+00
        56      1  0.0000000E+00  0.0000000E+00  0.0000000E+00  0.0000000E+00  0.0000000E+00  0.0000000E+00
        56      2  0.8774671E-03  0.1003189E-03  0.0000000E+00  0.0000000E+00 -0.8438860E-03 -0.1540286E-08
        56      3  0.1842962E-02  0.1341574E-03  0.0000000E+00  0.0000000E+00 -0.3361164E-02 -0.6148087E-08
        56      4  0.5575494E-02 -0.7750637E-03  0.0000000E+00  0.0000000E+00 -0.2072368E-01 -0.3842666E-07

        57      0  0.0000000E+00  0.0000000E+00  0.0000000E+00  0.0000000E+00  0.0000000E+00  0.0000000E+00
        57      1  0.0000000E+00  0.0000000E+00  0.0000000E+00  0.0000000E+00  0.0000000E+00  0.0000000E+00
        57      2  0.2443955E-03 -0.4801666E-03  0.0000000E+00  0.0000000E+00 -0.8551951E-03 -0.1555516E-08
        57      3  0.3440285E-03 -0.9410864E-03  0.0000000E+00  0.0000000E+00 -0.3412565E-02 -0.6188199E-08
        57      4 -0.1665294E-02 -0.1801028E-02  0.0000000E+00  0.0000000E+00 -0.2108371E-01 -0.3805585E-07

        58      0  0.0000000E+00  0.0000000E+00  0.0000000E+00  0.0000000E+00  0.0000000E+00  0.0000000E+00
        58      1  0.0000000E+00  0.0000000E+00  0.0000000E+00  0.0000000E+00  0.0000000E+00  0.0000000E+00
        58      2 -0.1081975E-02  0.3120179E-03  0.0000000E+00  0.0000000E+00 -0.8721786E-03 -0.1622285E-08
        58      3 -0.2116179E-02  0.6739548E-03  0.0000000E+00  0.0000000E+00 -0.3475199E-02 -0.6460787E-08
        58      4 -0.3963443E-02  0.2344182E-02  0.0000000E+00  0.0000000E+00 -0.2144229E-01 -0.3951342E-07

        59      0  0.0000000E+00  0.0000000E+00  0.0000000E+00  0.0000000E+00  0.0000000E+00  0.0000000E+00
        59      1  0.0000000E+00  0.0000000E+00  0.0000000E+00  0.0000000E+00  0.0000000E+00  0.0000000E+00
        59      2  0.6917069E-03  0.2103743E-03  0.0000000E+00  0.0000000E+00 -0.8882126E-03 -0.1613535E-08
        59      3  0.1500526E-02  0.3545350E-03  0.0000000E+00  0.0000000E+00 -0.3537181E-02 -0.6439295E-08
        59      4  0.5287502E-02 -0.2981266E-03  0.0000000E+00  0.0000000E+00 -0.2181423E-01 -0.4023381E-07

        60      0  0.0000000E+00  0.0000000E+00  0.0000000E+00  0.0000000E+00  0.0000000E+00  0.0000000E+00
        60      1  0.0000000E+00  0.0000000E+00  0.0000000E+00  0.0000000E+00  0.0000000E+00  0.0000000E+00
        60      2  0.4912424E-03 -0.4933522E-03  0.0000000E+00  0.0000000E+00 -0.8990805E-03 -0.1648502E-08
        60      3  0.8398014E-03 -0.9806435E-03  0.0000000E+00  0.0000000E+00 -0.3587059E-02 -0.6556159E-08
        60      4 -0.5735300E-03 -0.2093016E-02  0.0000000E+00  0.0000000E+00 -0.2216395E-01 -0.4005132E-07

        61      0  0.0000000E+00  0.0000000E+00  0.0000000E+00  0.0000000E+00  0.0000000E+00  0.0000000E+00
        61      1  0.0000000E+00  0.0000000E+00  0.0000000E+00  0.0000000E+00  0.0000000E+00  0.0000000E+00
        61      2 -0.1108984E-02  0.2130890E-03  0.0000000E+00  0.0000000E+00 -0.9157937E-03 -0.1703974E-08
        61      3 -0.2202490E-02  0.4867576E-03  0.0000000E+00  0.0000000E+00 -0.3649786E-02 -0.6793614E-08
        61      4 -0.4632495E-02  0.2117072E-02  0.0000000E+00  0.0000000E+00 -0.2252390E-01 -0.4171123E-07

        62      0  0.0000000E+00  0.0000000E+00  0.0000000E+00  0.0000000E+00  0.0000000E+00  0.0000000E+00
        62      1  0.0000000E+00  0.0000000E+00  0.0000000E+00  0.0000000E+00  0.0000000E+00  0.0000000E+00
        62      2  0.4678754E-03  0.3090826E-03  0.0000000E+00  0.0000000E+00 -0.9322575E-03 -0.1689908E-08
        62      3  0.1077911E-02  0.5570046E-03  0.0000000E+00  0.0000000E+00 -0.3712220E-02 -0.6741554E-08
        62      4  0.4768269E-02  0.1965198E-03  0.0000000E+00  0.0000000E+00 -0.2289862E-01 -0.4202581E-07

        63      0  0.0000000E+00  0.0000000E+00  0.0000000E+00  0.0000000E+00  0.0000000E+00  0.0000000E+00
        63      1  0.0000000E+00  0.0000000E+00  0.0000000E+00  0.0000000E+00  0.0000000E+00  0.0000000E+00
        63      2  0.7114190E-03 -0.4795797E-03  0.0000000E+00  0.0000000E+00 -0.9429967E-03 -0.1742979E-08
        63      3  0.1292481E-02 -0.9686347E-03  0.0000000E+00  0.0000000E+00 -0.3761414E-02 -0.6933443E-08
        63      4  0.5540031E-03 -0.2296289E-02  0.0000000E+00  0.0000000E+00 -0.2323819E-01 -0.4217607E-07

        64      0  0.0000000E+00  0.0000000E+00  0.0000000E+00  0.0000000E+00  0.0000000E+00  0.0000000E+00
        64      1  0.0000000E+00  0.0000000E+00  0.0000000E+00  0.0000000E+00  0.0000000E+00  0.0000000E+00
        64      2 -0.1075091E-02  0.1024135E-03  0.0000000E+00  0.0000000E+00 -0.9592888E-03 -0.1781030E-08
        64      3 -0.2171907E-02  0.2733790E-03  0.0000000E+00  0.0000000E+00 -0.3823917E-02 -0.7108347E-08
        64      4 -0.5106526E-02  0.1794218E-02  0.0000000E+00  0.0000000E+00 -0.2360075E-01 -0.4387416E-07

        65      0  0.0000000E+00  0.0000000E+00  0.0000000E+00  0.0000000E+00  0.0000000E+00  0.0000000E+00
        65      1  0.0000000E+00  0.0000000E+00  0.0000000E+00  0.0000000E+00  0.0000000E+00  0.0000000E+00
        65      2  0.2184967E-03  0.3909312E-03  0.0000000E+00  0.0000000E+00 -0.9760219E-03 -0.1770705E-08
        65      3  0.5984638E-03  0.7305084E-03  0.0000000E+00  0.0000000E+00 -0.3886311E-02 -0.7059815E-08
        65      4  0.4040593E-02  0.6895612E-03  0.0000000E+00  0.0000000E+00 -0.2397554E-01 -0.4384724E-07

        66      0  0.0000000E+00  0.0000000E+00  0.0000000E+00  0.0000000E+00  0.0000000E+00  0.0000000E+00
        66      1  0.0000000E+00  0.0000000E+00  0.0000000E+00  0.0000000E+00  0.0000000E+00  0.0000000E+00
        66      2  0.8926480E-03 -0.4396564E-03  0.0000000E+00  0.0000000E+00 -0.9869560E-03 -0.1836312E-08
        66      3  0.1677373E-02 -0.9059516E-03  0.0000000E+00  0.0000000E+00 -0.3935744E-02 -0.7309150E-08
        66      4  0.1671506E-02 -0.2404108E-02  0.0000000E+00  0.0000000E+00 -0.2430672E-01 -0.4441796E-07

        67      0  0.0000000E+00  0.0000000E+00  0.0000000E+00  0.0000000E+00  0.0000000E+00  0.0000000E+00
        67      1  0.0000000E+00  0.0000000E+00  0.0000000E+00  0.0000000E+00  0.0000000E+00  0.0000000E+00
        67      2 -0.9821734E-03 -0.1377931E-04  0.0000000E+00  0.0000000E+00 -0.1002654E-02 -0.1854614E-08
        67      3 -0.2026191E-02  0.4574485E-04  0.0000000E+00  0.0000000E+00 -0.3997536E-02 -0.7407264E-08
        67      4 -0.5366373E-02  0.1390218E-02  0.0000000E+00  0.0000000E+00 -0.2467253E-01 -0.4597893E-07

        68      0  0.0000000E+00  0.0000000E+00  0.0000000E+00  0.0000000E+00  0.0000000E+00  0.0000000E+00
        68      1  0.0000000E+00  0.0000000E+00  0.0000000E+00  0.0000000E+00  0.0000000E+00  0.0000000E+00
        68      2 -0.4253223E-04  0.4512944E-03  0.0000000E+00  0.0000000E+00 -0.1019527E-02 -0.1856280E-08
        68      3  0.8848534E-04  0.8653618E-03  0.0000000E+00  0.0000000E+00 -0.4059562E-02 -0.7395616E-08
        68      4  0.3137929E-02  0.1160006E-02  0.0000000E+00  0.0000000E+00 -0.2504502E-01 -0.4573064E-07

        69      0  0.0000000E+00  0.0000000E+00  0.0000000E+00  0.0000000E+00  0.0000000E+00  0.0000000E+00
        69      1  0.0000000E+00  0.0000000E+00  0.0000000E+00  0.0000000E+00  0.0000000E+00  0.0000000E+00
        69      2  0.1024759E-02 -0.3757714E-03  0.0000000E+00  0.0000000E+00 -0.1030949E-02 -0.1926157E-08
        69      3  0.1973212E-02 -0.7959851E-03  0.0000000E+00  0.0000000E+00 -0.4110091E-02 -0.7672847E-08
        69      4  0.2730432E-02 -0.2413366E-02  0.0000000E+00  0.0000000E+00 -0.2537101E-01 -0.4673727E-07

        70      0  0.0000000E+00  0.0000000E+00  0.0000000E+00  0.0000000E+00  0.0000000E+00  0.0000000E+00
        70      1  0.0000000E+00  0.0000000E+00  0.0000000E+00  0.0000000E+00  0.0000000E+00  0.0000000E+00
        70      2 -0.8352923E-03 -0.1289875E-03  0.0000000E+00  0.0000000E+00 -0.1045882E-02 -0.1926700E-08
        70      3 -0.1773023E-02 -0.1835420E-03  0.0000000E+00  0.0000000E+00 -0.4170591E-02 -0.7696299E-08
        70      4 -0.5401110E-02  0.9243432E-03  0.0000000E+00  0.0000000E+00 -0.2573992E-01 -0.4800521E-07

        71      0  0.0000000E+00  0.0000000E+00  0.0000000E+00  0.0000000E+00  0.0000000E+00  0.0000000E+00
        71      1  0.0000000E+00  0.0000000E+00  0.0000000E+00  0.0000000E+00  0.0000000E+00  0.0000000E+00
        71      2 -0.3007411E-03  0.4867140E-03  0.0000000E+00  0.0000000E+00 -0.1062809E-02 -0.1946023E-08
        71      3 -0.4243503E-03  0.9538684E-03  0.0000000E+00  0.0000000E+00 -0.4232124E-02 -0.7747248E-08
        71      4  0.2103079E-02  0.1586237E-02  0.0000000E+00  0.0000000E+00 -0.2610834E-01 -0.4769208E-07

        72      0  0.0000000E+00  0.0000000E+00  0.0000000E+00  0.0000000E+00  0.0000000E+00  0.0000000E+00
        72      1  0.0000000E+00  0.0000000E+00  0.0000000E+00  0.0000000E+00  0.0000000E+00  0.0000000E+00
        72      2  0.1100287E-02 -0.2913764E-03  0.0000000E+00  0.0000000E+00 -0.1074941E-02 -0.2011014E-08
        72      3  0.2163462E-02 -0.6444260E-03  0.0000000E+00  0.0000000E+00 -0.4284404E-02 -0.8017219E-08
        72      4  0.3682133E-02 -0.2324862E-02  0.0000000E+00  0.0000000E+00 -0.2643319E-01 -0.4907525E-07

        73      0  0.0000000E+00  0.0000000E+00  0.0000000E+00  0.0000000E+00  0.0000000E+00  0.0000000E+00
        73      1  0.0000000E+00  0.0000000E+00  0.0000000E+00  0.0000000E+00  0.0000000E+00  0.0000000E+00
        73      2 -0.6424196E-03 -0.2368162E-03  0.0000000E+00  0.0000000E+00 -0.1088978E-02 -0.1999690E-08
        73      3 -0.1425584E-02 -0.4019802E-03  0.0000000E+00  0.0000000E+00 -0.4343042E-02 -0.7984153E-08
        73      4 -0.5209559E-02  0.4194605E-03  0.0000000E+00  0.0000000E+00 -0.2680422E-01 -0.4994265E-07

        74      0  0.0000000E+00  0.0000000E+00  0.0000000E+00  0.0000000E+00  0.0000000E+00  0.0000000E+00
        74      1  0.0000000E+00  0.0000000E+00  0.0000000E+00  0.0000000E+00  0.0000000E+00  0.0000000E+00
        74      2 -0.5418999E-03  0.4951168E-03  0.0000000E+00  0.0000000E+00 -0.1105905E-02 -0.2038522E-08
        74      3 -0.9125761E-03  0.9908309E-03  0.0000000E+00  0.0000000E+00 -0.4404149E-02 -0.8110405E-08
        74      4  0.9854447E-03  0.1947621E-02  0.0000000E+00  0.0000000E+00 -0.2716757E-01 -0.4973179E-07

        75      0  0.0000000E+00  0.0000000E+00  0.0000000E+00  0.0000000E+00  0.0000000E+00  0.0000000E+00
        75      1  0.0000000E+00  0.0000000E+00  0.0000000E+00  0.0000000E+00  0.0000000E+00  0.0000000E+00
        75      2  0.1114927E-02 -0.1910103E-03  0.0000000E+00  0.0000000E+00 -0.1118880E-02 -0.2090568E-08
        75      3  0.2237349E-02 -0.4589863E-03  0.0000000E+00  0.0000000E+00 -0.4458542E-02 -0.8339790E-08
        75      4  0.4481425E-02 -0.2143273E-02  0.0000000E+00  0.0000000E+00 -0.2749538E-01 -0.5136867E-07

        76      0  0.0000000E+00  0.0000000E+00  0.0000000E+00  0.0000000E+00  0.0000000E+00  0.0000000E+00
        76      1  0.0000000E+00  0.0000000E+00  0.0000000E+00  0.0000000E+00  0.0000000E+00  0.0000000E+00
        76      2 -0.4140235E-03 -0.3313397E-03  0.0000000E+00  0.0000000E+00 -0.1131955E-02 -0.2075877E-08
        76      3 -0.1001876E-02 -0.5978939E-03  0.0000000E+00  0.0000000E+00 -0.4514879E-02 -0.8280501E-08
        76      4 -0.4800736E-02 -0.9973535E-04  0.0000000E+00  0.0000000E+00 -0.2786676E-01 -0.5179744E-07

        77      0  0.0000000E+00  0.0000000E+00  0.0000000E+00  0.0000000E+00  0.0000000E+00  0.0000000E+00
        77      1  0.0000000E+00  0.0000000E+00  0.0000000E+00  0.0000000E+00  0.0000000E+00  0.0000000E+00
        77      2 -0.7527994E-03  0.4759542E-03  0.0000000E+00  0.0000000E+00 -0.1148853E-02 -0.2131838E-08
        77      3 -0.1350394E-02  0.9739099E-03  0.0000000E+00  0.0000000E+00 -0.4575752E-02 -0.8479029E-08
        77      4 -0.1628065E-03  0.2226232E-02  0.0000000E+00  0.0000000E+00 -0.2822491E-01 -0.5183866E-07

        78      0  0.0000000E+00  0.0000000E+00  0.0000000E+00  0.0000000E+00  0.0000000E+00  0.0000000E+00
        78      1  0.0000000E+00  0.0000000E+00  0.0000000E+00  0.0000000E+00  0.0000000E+00  0.0000000E+00
        78      2  0.1067798E-02 -0.8007394E-04  0.0000000E+00  0.0000000E+00 -0.1162703E-02 -0.2165715E-08
        78      3  0.2190546E-02 -0.2490638E-03  0.0000000E+00  0.0000000E+00 -0.4632299E-02 -0.8643257E-08
        78      4  0.5090079E-02 -0.1876672E-02  0.0000000E+00  0.0000000E+00 -0.2855898E-01 -0.5356602E-07

        79      0  0.0000000E+00  0.0000000E+00  0.0000000E+00  0.0000000E+00  0.0000000E+00  0.0000000E+00
        79      1  0.0000000E+00  0.0000000E+00  0.0000000E+00  0.0000000E+00  0.0000000E+00  0.0000000E+00
        79      2 -0.1625263E-03 -0.4074232E-03  0.0000000E+00  0.0000000E+00 -0.1174839E-02 -0.2156896E-08
        79      3 -0.5238557E-03 -0.7610487E-03  0.0000000E+00  0.0000000E+00 -0.4686129E-02 -0.8593678E-08
        79      4 -0.4192862E-02 -0.6087629E-03  0.0000000E+00  0.0000000E+00 -0.2892838E-01 -0.5359503E-07

        80      0  0.0000000E+00  0.0000000E+00  0.0000000E+00  0.0000000E+00  0.0000000E+00  0.0000000E+00
        80      1  0.0000000E+00  0.0000000E+00  0.0000000E+00  0.0000000E+00  0.0000000E+00  0.0000000E+00
        80      2 -0.9219557E-03  0.4302496E-03  0.0000000E+00  0.0000000E+00 -0.1191677E-02 -0.2223873E-08
        80      3 -0.1714949E-02  0.9038095E-03  0.0000000E+00  0.0000000E+00 -0.4747003E-02 -0.8846212E-08
        80      4 -0.1290652E-02  0.2408189E-02  0.0000000E+00  0.0000000E+00 -0.2928198E-01 -0.5399630E-07

        81      0  0.0000000E+00  0.0000000E+00  0.0000000E+00  0.0000000E+00  0.0000000E+00  0.0000000E+00
        81      1  0.0000000E+00  0.0000000E+00  0.0000000E+00  0.0000000E+00  0.0000000E+00  0.0000000E+00
        81      2  0.9615088E-03  0.3543751E-04  0.0000000E+00  0.0000000E+00 -0.1206345E-02 -0.2238299E-08
        81      3  0.2025463E-02 -0.2535628E-04  0.0000000E+00  0.0000000E+00 -0.4805450E-02 -0.8934462E-08
        81      4  0.5479314E-02 -0.1535763E-02  0.0000000E+00  0.0000000E+00 -0.2962419E-01 -0.5563963E-07

        82      0  0.0000000E+00  0.0000000E+00  0.0000000E+00  0.0000000E+00  0.0000000E+00  0.0000000E+00
        82      1  0.0000000E+00  0.0000000E+00  0.0000000E+00  0.0000000E+00  0.0000000E+00  0.0000000E+00
        82      2  0.9834172E-04 -0.4609882E-03  0.0000000E+00  0.0000000E+00 -0.1217667E-02 -0.2243302E-08
        82      3 -0.1641886E-04 -0.8831356E-03  0.0000000E+00  0.0000000E+00 -0.4856870E-02 -0.8928436E-08
        82      4 -0.3411385E-02 -0.1085113E-02  0.0000000E+00  0.0000000E+00 -0.2998893E-01 -0.5537744E-07

        83      0  0.0000000E+00  0.0000000E+00  0.0000000E+00  0.0000000E+00  0.0000000E+00  0.0000000E+00
        83      1  0.0000000E+00  0.0000000E+00  0.0000000E+00  0.0000000E+00  0.0000000E+00  0.0000000E+00
        83      2 -0.1040211E-02  0.3605493E-03  0.0000000E+00  0.0000000E+00 -0.1234394E-02 -0.2312751E-08
        83      3 -0.1987398E-02  0.7842770E-03  0.0000000E+00  0.0000000E+00 -0.4917916E-02 -0.9205132E-08
        83      4 -0.2351150E-02  0.2484367E-02  0.0000000E+00  0.0000000E+00 -0.3033926E-01 -0.5618761E-07

        84      0  0.0000000E+00  0.0000000E+00  0.0000000E+00  0.0000000E+00  0.0000000E+00  0.0000000E+00
        84      1  0.0000000E+00  0.0000000E+00  0.0000000E+00  0.0000000E+00  0.0000000E+00  0.0000000E+00
        84      2  0.8020137E-03  0.1492372E-03  0.0000000E+00  0.0000000E+00 -0.1249753E-02 -0.2310649E-08
        84      3  0.1751149E-02  0.2005834E-03  0.0000000E+00  0.0000000E+00 -0.4977795E-02 -0.9222449E-08
        84      4  0.5630956E-02 -0.1133160E-02  0.0000000E+00  0.0000000E+00 -0.3068988E-01 -0.5759038E-07

        85      0  0.0000000E+00  0.0000000E+00  0.0000000E+00  0.0000000E+00  0.0000000E+00  0.0000000E+00
        85      1  0.0000000E+00  0.0000000E+00  0.0000000E+00  0.0000000E+00  0.0000000E+00  0.0000000E+00
        85      2  0.3542663E-03 -0.4892121E-03  0.0000000E+00  0.0000000E+00 -0.1260478E-02 -0.2334391E-08
        85      3  0.4937520E-03 -0.9581211E-03  0.0000000E+00  0.0000000E+00 -0.5027227E-02 -0.9284470E-08
        85      4 -0.2486976E-02 -0.1509326E-02  0.0000000E+00  0.0000000E+00 -0.3104734E-01 -0.5719543E-07

        86      0  0.0000000E+00  0.0000000E+00  0.0000000E+00  0.0000000E+00  0.0000000E+00  0.0000000E+00
        86      1  0.0000000E+00  0.0000000E+00  0.0000000E+00  0.0000000E+00  0.0000000E+00  0.0000000E+00
        86      2 -0.1101202E-02  0.2707774E-03  0.0000000E+00  0.0000000E+00 -0.1277005E-02 -0.2397191E-08
        86      3 -0.2153777E-02  0.6219132E-03  0.0000000E+00  0.0000000E+00 -0.5088470E-02 -0.9550074E-08
        86      4 -0.3302861E-02  0.2450554E-02  0.0000000E+00  0.0000000E+00 -0.3139604E-01 -0.5839645E-07

        87      0  0.0000000E+00  0.0000000E+00  0.0000000E+00  0.0000000E+00  0.0000000E+00  0.0000000E+00
        87      1  0.0000000E+00  0.0000000E+00  0.0000000E+00  0.0000000E+00  0.0000000E+00  0.0000000E+00
        87      2  0.5982620E-03  0.2550751E-03  0.0000000E+00  0.0000000E+00 -0.1292892E-02 -0.2385044E-08
        87      3  0.1382774E-02  0.4168660E-03  0.0000000E+00  0.0000000E+00 -0.5149207E-02 -0.9516224E-08
        87      4  0.5537624E-02 -0.6830298E-03  0.0000000E+00  0.0000000E+00 -0.3175384E-01 -0.5944444E-07

        88      0  0.0000000E+00  0.0000000E+00  0.0000000E+00  0.0000000E+00  0.0000000E+00  0.0000000E+00
        88      1  0.0000000E+00  0.0000000E+00  0.0000000E+00  0.0000000E+00  0.0000000E+00  0.0000000E+00
        88      2  0.5911201E-03 -0.4906559E-03  0.0000000E+00  0.0000000E+00 -0.1303309E-02 -0.2428341E-08
        88      3  0.9794845E-03 -0.9824706E-03  0.0000000E+00  0.0000000E+00 -0.5197352E-02 -0.9656237E-08
        88      4 -0.1454350E-02 -0.1865354E-02  0.0000000E+00  0.0000000E+00 -0.3210195E-01 -0.5909742E-07

        89      0  0.0000000E+00  0.0000000E+00  0.0000000E+00  0.0000000E+00  0.0000000E+00  0.0000000E+00
        89      1  0.0000000E+00  0.0000000E+00  0.0000000E+00  0.0000000E+00  0.0000000E+00  0.0000000E+00
        89      2 -0.1101681E-02  0.1660029E-03  0.0000000E+00  0.0000000E+00 -0.1319504E-02 -0.2476783E-08
        89      3 -0.2205653E-02  0.4257926E-03  0.0000000E+00  0.0000000E+00 -0.5258619E-02 -0.9877530E-08
        89      4 -0.4110034E-02  0.2307401E-02  0.0000000E+00  0.0000000E+00 -0.3245075E-01 -0.6060647E-07

        90      0  0.0000000E+00  0.0000000E+00  0.0000000E+00  0.0000000E+00  0.0000000E+00  0.0000000E+00
        90      1  0.0000000E+00  0.0000000E+00  0.0000000E+00  0.0000000E+00  0.0000000E+00  0.0000000E+00
        90      2  0.3616727E-03  0.3470771E-03  0.0000000E+00  0.0000000E+00 -0.1335749E-02 -0.2463236E-08
        90      3  0.9407370E-03  0.6118623E-03  0.0000000E+00  0.0000000E+00 -0.5319652E-02 -0.9822854E-08
        90      4  0.5202630E-02 -0.2011576E-03  0.0000000E+00  0.0000000E+00 -0.3281352E-01 -0.6124460E-07

        91      0  0.0000000E+00  0.0000000E+00  0.0000000E+00  0.0000000E+00  0.0000000E+00  0.0000000E+00
        91      1  0.0000000E+00  0.0000000E+00  0.0000000E+00  0.0000000E+00  0.0000000E+00  0.0000000E+00
        91      2  0.7957442E-03 -0.4653181E-03  0.0000000E+00  0.0000000E+00 -0.1346181E-02 -0.2522642E-08
        91      3  0.1414540E-02 -0.9552499E-03  0.0000000E+00  0.0000000E+00 -0.5367389E-02 -0.1003422E-07
        91      4 -0.3520667E-03 -0.2140499E-02  0.0000000E+00  0.0000000E+00 -0.3315125E-01 -0.6111787E-07

        92      0  0.0000000E+00  0.0000000E+00  0.0000000E+00  0.0000000E+00  0.0000000E+00  0.0000000E+00
        92      1  0.0000000E+00  0.0000000E+00  0.0000000E+00  0.0000000E+00  0.0000000E+00  0.0000000E+00
        92      2 -0.1041674E-02  0.5213547E-04  0.0000000E+00  0.0000000E+00 -0.1361882E-02 -0.2552131E-08
        92      3 -0.2140526E-02  0.2069050E-03  0.0000000E+00  0.0000000E+00 -0.5428307E-02 -0.1018717E-07
        92      4 -0.4742384E-02  0.2060445E-02  0.0000000E+00  0.0000000E+00 -0.3350172E-01 -0.6279902E-07

        93      0  0.0000000E+00  0.0000000E+00  0.0000000E+00  0.0000000E+00  0.0000000E+00  0.0000000E+00
        93      1  0.0000000E+00  0.0000000E+00  0.0000000E+00  0.0000000E+00  0.0000000E+00  0.0000000E+00
        93      2  0.1054624E-03  0.4200794E-03  0.0000000E+00  0.0000000E+00 -0.1378337E-02 -0.2546127E-08
        93      3  0.4494170E-03  0.7748532E-03  0.0000000E+00  0.0000000E+00 -0.5489187E-02 -0.1014630E-07
        93      4  0.4640035E-02  0.2947643E-03  0.0000000E+00  0.0000000E+00 -0.3386676E-01 -0.6303900E-07

        94      0  0.0000000E+00  0.0000000E+00  0.0000000E+00  0.0000000E+00  0.0000000E+00  0.0000000E+00
        94      1  0.0000000E+00  0.0000000E+00  0.0000000E+00  0.0000000E+00  0.0000000E+00  0.0000000E+00
        94      2  0.9566963E-03 -0.4146182E-03  0.0000000E+00  0.0000000E+00 -0.1389097E-02 -0.2614707E-08
        94      3  0.1775091E-02 -0.8781055E-03  0.0000000E+00  0.0000000E+00 -0.5537434E-02 -0.1040737E-07
        94      4  0.7772280E-03 -0.2325325E-02  0.0000000E+00  0.0000000E+00 -0.3419459E-01 -0.6326752E-07

        95      0  0.0000000E+00  0.0000000E+00  0.0000000E+00  0.0000000E+00  0.0000000E+00  0.0000000E+00
        95      1  0.0000000E+00  0.0000000E+00  0.0000000E+00  0.0000000E+00  0.0000000E+00  0.0000000E+00
        95      2 -0.9244664E-03 -0.6443025E-04  0.0000000E+00  0.0000000E+00 -0.1404129E-02 -0.2624784E-08
        95      3 -0.1961937E-02 -0.2254191E-04  0.0000000E+00  0.0000000E+00 -0.5597478E-02 -0.1048239E-07
        95      4 -0.5175357E-02  0.1720235E-02  0.0000000E+00  0.0000000E+00 -0.3454788E-01 -0.6495212E-07

        96      0  0.0000000E+00  0.0000000E+00  0.0000000E+00  0.0000000E+00  0.0000000E+00  0.0000000E+00
        96      1  0.0000000E+00  0.0000000E+00  0.0000000E+00  0.0000000E+00  0.0000000E+00  0.0000000E+00
        96      2 -0.1561219E-03  0.4699331E-03  0.0000000E+00  0.0000000E+00 -0.1420682E-02 -0.2633643E-08
        96      3 -0.6431156E-04  0.8966823E-03  0.0000000E+00  0.0000000E+00 -0.5657936E-02 -0.1048710E-07
        96      4  0.3874789E-02  0.7850414E-03  0.0000000E+00  0.0000000E+00 -0.3491251E-01 -0.6487041E-07

        97      0  0.0000000E+00  0.0000000E+00  0.0000000E+00  0.0000000E+00  0.0000000E+00  0.0000000E+00
        97      1  0.0000000E+00  0.0000000E+00  0.0000000E+00  0.0000000E+00  0.0000000E+00  0.0000000E+00
        97      2  0.1064918E-02 -0.3413130E-03  0.0000000E+00  0.0000000E+00 -0.1432038E-02 -0.2702499E-08
        97      3  0.2041148E-02 -0.7551344E-03  0.0000000E+00  0.0000000E+00 -0.5707502E-02 -0.1076591E-07
        97      4  0.1887049E-02 -0.2413783E-02  0.0000000E+00  0.0000000E+00 -0.3523251E-01 -0.6552846E-07

        98      0  0.0000000E+00  0.0000000E+00  0.0000000E+00  0.0000000E+00  0.0000000E+00  0.0000000E+00
        98      1  0.0000000E+00  0.0000000E+00  0.0000000E+00  0.0000000E+00  0.0000000E+00  0.0000000E+00
        98      2 -0.7564287E-03 -0.1771927E-03  0.0000000E+00  0.0000000E+00 -0.1446243E-02 -0.2696962E-08
        98      3 -0.1679252E-02 -0.2498953E-03  0.0000000E+00  0.0000000E+00 -0.5766083E-02 -0.1077008E-07
        98      4 -0.5391276E-02  0.1302340E-02  0.0000000E+00  0.0000000E+00 -0.3558912E-01 -0.6704260E-07

        99      0  0.0000000E+00  0.0000000E+00  0.0000000E+00  0.0000000E+00  0.0000000E+00  0.0000000E+00
        99      1  0.0000000E+00  0.0000000E+00  0.0000000E+00  0.0000000E+00  0.0000000E+00  0.0000000E+00
        99      2 -0.4086155E-03  0.4937603E-03  0.0000000E+00  0.0000000E+00 -0.1462823E-02 -0.2724798E-08
        99      3 -0.5726744E-03  0.9703460E-03  0.0000000E+00  0.0000000E+00 -0.5826054E-02 -0.1084269E-07
        99      4  0.2942342E-02  0.1248453E-02  0.0000000E+00  0.0000000E+00 -0.3595107E-01 -0.6676832E-07

       100      0  0.0000000E+00  0.0000000E+00  0.0000000E+00  0.0000000E+00  0.0000000E+00  0.0000000E+00
       100      1  0.0000000E+00  0.0000000E+00  0.0000000E+00  0.0000000E+00  0.0000000E+00  0.0000000E+00
       100      2  0.1114275E-02 -0.2493520E-03  0.0000000E+00  0.0000000E+00 -0.1474960E-02 -0.2785013E-08
       100      3  0.2197787E-02 -0.5926575E-03  0.0000000E+00  0.0000000E+00 -0.5877516E-02 -0.1110384E-07
       100      4  0.2928580E-02 -0.2403524E-02  0.0000000E+00  0.0000000E+00 -0.3626667E-01 -0.6785632E-07
