# number of rays:       5
# iteration   ray    X              A              Y              B              T              D
         0      0  0.0000000E+00  0.0000000E+00  0.0000000E+00  0.0000000E+00  0.0000000E+00  0.0000000E+00
         0      1  0.0000000E+00  0.0000000E+00  0.0000000E+00  0.0000000E+00  0.0000000E+00  0.0000000E+00
         0      2  0.1000000E-02  0.0000000E+00  0.0000000E+00  0.0000000E+00  0.0000000E+00  0.0000000E+00
         0      3  0.2000000E-02  0.0000000E+00  0.0000000E+00  0.0000000E+00  0.0000000E+00  0.0000000E+00
         0      4  0.5000000E-02  0.0000000E+00  0.0000000E+00  0.0000000E+00  0.0000000E+00  0.0000000E+00

         1      0  0.0000000E+00  0.0000000E+00  0.0000000E+00  0.0000000E+00  0.0000000E+00  0.0000000E+00
         1      1  0.0000000E+00  0.0000000E+00  0.0000000E+00  0.0000000E+00  0.0000000E+00  0.0000000E+00
         1      2 -0.2817812E-03 -0.3772757E-03  0.0000000E+00  0.0000000E+00 -0.2893979E-04  0.4537523E-13
         1      3 -0.5658385E-03 -0.7545097E-03  0.0000000E+00  0.0000000E+00 -0.1101375E-03  0.3975935E-12
         1      4 -0.1436106E-02 -0.1884670E-02  0.0000000E+00  0.0000000E+00 -0.6665593E-03  0.7850910E-11

         2      0  0.0000000E+00  0.0000000E+00  0.0000000E+00  0.0000000E+00  0.0000000E+00  0.0000000E+00
         2      1  0.0000000E+00  0.0000000E+00  0.0000000E+00  0.0000000E+00  0.0000000E+00  0.0000000E+00
         2      2 -0.6349587E-03  0.4928441E-03  0.0000000E+00  0.0000000E+00 -0.5161319E-04 -0.1132755E-09
         2      3 -0.1272475E-02  0.9864372E-03  0.0000000E+00  0.0000000E+00 -0.2084973E-03 -0.4525742E-09
         2      4 -0.3193018E-02  0.2472367E-02  0.0000000E+00  0.0000000E+00 -0.1309311E-02 -0.2815075E-08

         3      0  0.0000000E+00  0.0000000E+00  0.0000000E+00  0.0000000E+00  0.0000000E+00  0.0000000E+00
         3      1  0.0000000E+00  0.0000000E+00  0.0000000E+00  0.0000000E+00  0.0000000E+00  0.0000000E+00
         3      2  0.1108191E-02 -0.2654927E-03  0.0000000E+00  0.0000000E+00 -0.7983905E-04 -0.1849173E-09
         3      3  0.2217223E-02 -0.5309526E-03  0.0000000E+00  0.0000000E+00 -0.3168575E-03 -0.7382194E-09
         3      4  0.5547765E-02 -0.1332220E-02  0.0000000E+00  0.0000000E+00 -0.1968777E-02 -0.4590287E-08

         4      0  0.0000000E+00  0.0000000E+00  0.0000000E+00  0.0000000E+00  0.0000000E+00  0.0000000E+00
         4      1  0.0000000E+00  0.0000000E+00  0.0000000E+00  0.0000000E+00  0.0000000E+00  0.0000000E+00
         4      2 -0.8125528E-03 -0.1460070E-03  0.0000000E+00  0.0000000E+00 -0.1064733E-03 -0.1557109E-09
         4      3 -0.1625705E-02 -0.2922134E-03  0.0000000E+00  0.0000000E+00 -0.4214992E-03 -0.6214278E-09
         4      4 -0.4080773E-02 -0.7244858E-03  0.0000000E+00  0.0000000E+00 -0.2614915E-02 -0.3863258E-08

         5      0  0.0000000E+00  0.0000000E+00  0.0000000E+00  0.0000000E+00  0.0000000E+00  0.0000000E+00
         5      1  0.0000000E+00  0.0000000E+00  0.0000000E+00  0.0000000E+00  0.0000000E+00  0.0000000E+00
         5      2 -0.4887271E-04  0.4560798E-03  0.0000000E+00  0.0000000E+00 -0.1293070E-03 -0.1979423E-09
         5      3 -0.1003688E-03  0.9123976E-03  0.0000000E+00  0.0000000E+00 -0.5197101E-03 -0.7902325E-09
         5      4 -0.2482764E-03  0.2278746E-02  0.0000000E+00  0.0000000E+00 -0.3254012E-02 -0.4902376E-08

         6      0  0.0000000E+00  0.0000000E+00  0.0000000E+00  0.0000000E+00  0.0000000E+00  0.0000000E+00
         6      1  0.0000000E+00  0.0000000E+00  0.0000000E+00  0.0000000E+00  0.0000000E+00  0.0000000E+00
         6      2  0.8732120E-03 -0.4489440E-03  0.0000000E+00  0.0000000E+00 -0.1592263E-03 -0.3200807E-09
         6      3  0.1744190E-02 -0.8972981E-03  0.0000000E+00  0.0000000E+00 -0.6321991E-03 -0.1278655E-08
         6      4  0.4326994E-02 -0.2243987E-02  0.0000000E+00  0.0000000E+00 -0.3929887E-02 -0.7954447E-08

         7      0  0.0000000E+00  0.0000000E+00  0.0000000E+00  0.0000000E+00  0.0000000E+00  0.0000000E+00
         7      1  0.0000000E+00  0.0000000E+00  0.0000000E+00  0.0000000E+00  0.0000000E+00  0.0000000E+00
         7      2 -0.1093000E-02  0.1306335E-03  0.0000000E+00  0.0000000E+00 -0.1836975E-03 -0.3474113E-09
         7      3 -0.2184646E-02  0.2616899E-03  0.0000000E+00  0.0000000E+00 -0.7325195E-03 -0.1389218E-08
         7      4 -0.5457181E-02  0.6707126E-03  0.0000000E+00  0.0000000E+00 -0.4565884E-02 -0.8687889E-08

         8      0  0.0000000E+00  0.0000000E+00  0.0000000E+00  0.0000000E+00  0.0000000E+00  0.0000000E+00
         8      1  0.0000000E+00  0.0000000E+00  0.0000000E+00  0.0000000E+00  0.0000000E+00  0.0000000E+00
         8      2  0.5531729E-03  0.2784288E-03  0.0000000E+00  0.0000000E+00 -0.2074983E-03 -0.3227620E-09
         8      3  0.1106275E-02  0.5557054E-03  0.0000000E+00  0.0000000E+00 -0.8316867E-03 -0.1290820E-08
         8      4  0.2795993E-02  0.1367633E-02  0.0000000E+00  0.0000000E+00 -0.5200423E-02 -0.8067959E-08

         9      0  0.0000000E+00  0.0000000E+00  0.0000000E+00  0.0000000E+00  0.0000000E+00  0.0000000E+00
         9      1  0.0000000E+00  0.0000000E+00  0.0000000E+00  0.0000000E+00  0.0000000E+00  0.0000000E+00
         9      2  0.3685273E-03 -0.4940376E-03  0.0000000E+00  0.0000000E+00 -0.2376579E-03 -0.4084039E-09
         9      3  0.7309523E-03 -0.9869540E-03  0.0000000E+00  0.0000000E+00 -0.9446777E-03 -0.1632855E-08
         9      4  0.1744509E-02 -0.2456994E-02  0.0000000E+00  0.0000000E+00 -0.5877653E-02 -0.1017363E-07

        10      0  0.0000000E+00  0.0000000E+00  0.0000000E+00  0.0000000E+00  0.0000000E+00  0.0000000E+00
        10      1  0.0000000E+00  0.0000000E+00  0.0000000E+00  0.0000000E+00  0.0000000E+00  0.0000000E+00
        10      2 -0.1037327E-02  0.3672069E-03  0.0000000E+00  0.0000000E+00 -0.2606971E-03 -0.5133885E-09
        10      3 -0.2072863E-02  0.7356709E-03  0.0000000E+00  0.0000000E+00 -0.1042808E-02 -0.2053667E-08
        10      4 -0.5153223E-02  0.1861852E-02  0.0000000E+00  0.0000000E+00 -0.6513210E-02 -0.1283724E-07

        11      0  0.0000000E+00  0.0000000E+00  0.0000000E+00  0.0000000E+00  0.0000000E+00  0.0000000E+00
        11      1  0.0000000E+00  0.0000000E+00  0.0000000E+00  0.0000000E+00  0.0000000E+00  0.0000000E+00
        11      2  0.9846438E-03  0.1504040E-04  0.0000000E+00  0.0000000E+00 -0.2863014E-03 -0.5020967E-09
        11      3  0.1971399E-02  0.2794351E-04  0.0000000E+00  0.0000000E+00 -0.1145012E-02 -0.2008670E-08
        11      4  0.4966638E-02  0.3264612E-04  0.0000000E+00  0.0000000E+00 -0.7150865E-02 -0.1257989E-07

        12      0  0.0000000E+00  0.0000000E+00  0.0000000E+00  0.0000000E+00  0.0000000E+00  0.0000000E+00
        12      1  0.0000000E+00  0.0000000E+00  0.0000000E+00  0.0000000E+00  0.0000000E+00  0.0000000E+00
        12      2 -0.2491289E-03 -0.3868962E-03  0.0000000E+00  0.0000000E+00 -0.3150825E-03 -0.5058454E-09
        12      3 -0.5052617E-03 -0.7723630E-03  0.0000000E+00  0.0000000E+00 -0.1254338E-02 -0.2022374E-08
        12      4 -0.1365744E-02 -0.1905582E-02  0.0000000E+00  0.0000000E+00 -0.7811305E-02 -0.1261297E-07

        13      0  0.0000000E+00  0.0000000E+00  0.0000000E+00  0.0000000E+00  0.0000000E+00  0.0000000E+00
        13      1  0.0000000E+00  0.0000000E+00  0.0000000E+00  0.0000000E+00  0.0000000E+00  0.0000000E+00
        13      2 -0.6622816E-03  0.4903861E-03  0.0000000E+00  0.0000000E+00 -0.3375009E-03 -0.6212379E-09
        13      3 -0.1323162E-02  0.9818907E-03  0.0000000E+00  0.0000000E+00 -0.1351652E-02 -0.2483080E-08
        13      4 -0.3252226E-02  0.2467319E-02  0.0000000E+00  0.0000000E+00 -0.8447468E-02 -0.1545929E-07

        14      0  0.0000000E+00  0.0000000E+00  0.0000000E+00  0.0000000E+00  0.0000000E+00  0.0000000E+00
        14      1  0.0000000E+00  0.0000000E+00  0.0000000E+00  0.0000000E+00  0.0000000E+00  0.0000000E+00
        14      2  0.1111277E-02 -0.2526655E-03  0.0000000E+00  0.0000000E+00 -0.3653437E-03 -0.6884729E-09
        14      3  0.2223085E-02 -0.5071704E-03  0.0000000E+00  0.0000000E+00 -0.1458693E-02 -0.2752339E-08
        14      4  0.5555559E-02 -0.1304719E-02  0.0000000E+00  0.0000000E+00 -0.9099892E-02 -0.1718672E-07

        15      0  0.0000000E+00  0.0000000E+00  0.0000000E+00  0.0000000E+00  0.0000000E+00  0.0000000E+00
        15      1  0.0000000E+00  0.0000000E+00  0.0000000E+00  0.0000000E+00  0.0000000E+00  0.0000000E+00
        15      2 -0.7892296E-03 -0.1603167E-03  0.0000000E+00  0.0000000E+00 -0.3918392E-03 -0.6584856E-09
        15      3 -0.1582562E-02 -0.3188009E-03  0.0000000E+00  0.0000000E+00 -0.1562533E-02 -0.2632557E-08
        15      4 -0.4031429E-02 -0.7556281E-03  0.0000000E+00  0.0000000E+00 -0.9739808E-02 -0.1644947E-07

        16      0  0.0000000E+00  0.0000000E+00  0.0000000E+00  0.0000000E+00  0.0000000E+00  0.0000000E+00
        16      1  0.0000000E+00  0.0000000E+00  0.0000000E+00  0.0000000E+00  0.0000000E+00  0.0000000E+00
        16      2 -0.8248478E-04  0.4619440E-03  0.0000000E+00  0.0000000E+00 -0.4143784E-03 -0.7053365E-09
        16      3 -0.1628516E-03  0.9233689E-03  0.0000000E+00  0.0000000E+00 -0.1659669E-02 -0.2818494E-08
        16      4 -0.3214369E-03  0.2292076E-02  0.0000000E+00  0.0000000E+00 -0.1037243E-01 -0.1753831E-07

        17      0  0.0000000E+00  0.0000000E+00  0.0000000E+00  0.0000000E+00  0.0000000E+00  0.0000000E+00
        17      1  0.0000000E+00  0.0000000E+00  0.0000000E+00  0.0000000E+00  0.0000000E+00  0.0000000E+00
        17      2  0.8937637E-03 -0.4422717E-03  0.0000000E+00  0.0000000E+00 -0.4439715E-03 -0.8268646E-09
        17      3  0.1782610E-02 -0.8849680E-03  0.0000000E+00  0.0000000E+00 -0.1770956E-02 -0.3304665E-08
        17      4  0.4373218E-02 -0.2230074E-02  0.0000000E+00  0.0000000E+00 -0.1104144E-01 -0.2058478E-07

        18      0  0.0000000E+00  0.0000000E+00  0.0000000E+00  0.0000000E+00  0.0000000E+00  0.0000000E+00
        18      1  0.0000000E+00  0.0000000E+00  0.0000000E+00  0.0000000E+00  0.0000000E+00  0.0000000E+00
        18      2 -0.1086142E-02  0.1160435E-03  0.0000000E+00  0.0000000E+00 -0.4682769E-03 -0.8497383E-09
        18      3 -0.2172047E-02  0.2345631E-03  0.0000000E+00  0.0000000E+00 -0.1870378E-02 -0.3398627E-08
        18      4 -0.5443643E-02  0.6390301E-03  0.0000000E+00  0.0000000E+00 -0.1167095E-01 -0.2126921E-07

        19      0  0.0000000E+00  0.0000000E+00  0.0000000E+00  0.0000000E+00  0.0000000E+00  0.0000000E+00
        19      1  0.0000000E+00  0.0000000E+00  0.0000000E+00  0.0000000E+00  0.0000000E+00  0.0000000E+00
        19      2  0.5236520E-03  0.2907899E-03  0.0000000E+00  0.0000000E+00 -0.4917377E-03 -0.8270086E-09
        19      3  0.1051345E-02  0.5787440E-03  0.0000000E+00  0.0000000E+00 -0.1968392E-02 -0.3307317E-08
        19      4  0.2731922E-02  0.1394985E-02  0.0000000E+00  0.0000000E+00 -0.1229896E-01 -0.2066866E-07

        20      0  0.0000000E+00  0.0000000E+00  0.0000000E+00  0.0000000E+00  0.0000000E+00  0.0000000E+00
        20      1  0.0000000E+00  0.0000000E+00  0.0000000E+00  0.0000000E+00  0.0000000E+00  0.0000000E+00
        20      2  0.4001376E-03 -0.4955674E-03  0.0000000E+00  0.0000000E+00 -0.5216629E-03 -0.9165415E-09
        20      3  0.7898118E-03 -0.9898444E-03  0.0000000E+00  0.0000000E+00 -0.2080405E-02 -0.3663874E-08
        20      4  0.1813972E-02 -0.2460899E-02  0.0000000E+00  0.0000000E+00 -0.1296982E-01 -0.2281787E-07

        21      0  0.0000000E+00  0.0000000E+00  0.0000000E+00  0.0000000E+00  0.0000000E+00  0.0000000E+00
        21      1  0.0000000E+00  0.0000000E+00  0.0000000E+00  0.0000000E+00  0.0000000E+00  0.0000000E+00
        21      2 -0.1049038E-02  0.3568518E-03  0.0000000E+00  0.0000000E+00 -0.5444922E-03 -0.1018475E-08
        21      3 -0.2094657E-02  0.7164387E-03  0.0000000E+00  0.0000000E+00 -0.2177543E-02 -0.4073452E-08
        21      4 -0.5179615E-02  0.1839700E-02  0.0000000E+00  0.0000000E+00 -0.1359877E-01 -0.2545052E-07

        22      0  0.0000000E+00  0.0000000E+00  0.0000000E+00  0.0000000E+00  0.0000000E+00  0.0000000E+00
        22      1  0.0000000E+00  0.0000000E+00  0.0000000E+00  0.0000000E+00  0.0000000E+00  0.0000000E+00
        22      2  0.9683855E-03  0.3006812E-04  0.0000000E+00  0.0000000E+00 -0.5697174E-03 -0.1004216E-08
        22      3  0.1941233E-02  0.5586856E-04  0.0000000E+00  0.0000000E+00 -0.2278482E-02 -0.4017409E-08
        22      4  0.4932406E-02  0.6529089E-04  0.0000000E+00  0.0000000E+00 -0.1422965E-01 -0.2515977E-07

        23      0  0.0000000E+00  0.0000000E+00  0.0000000E+00  0.0000000E+00  0.0000000E+00  0.0000000E+00
        23      1  0.0000000E+00  0.0000000E+00  0.0000000E+00  0.0000000E+00  0.0000000E+00  0.0000000E+00
        23      2 -0.2162468E-03 -0.3961633E-03  0.0000000E+00  0.0000000E+00 -0.5983398E-03 -0.1011913E-08
        23      3 -0.4442786E-03 -0.7896069E-03  0.0000000E+00  0.0000000E+00 -0.2387003E-02 -0.4045753E-08
        23      4 -0.1295137E-02 -0.1926164E-02  0.0000000E+00  0.0000000E+00 -0.1488403E-01 -0.2523456E-07

        24      0  0.0000000E+00  0.0000000E+00  0.0000000E+00  0.0000000E+00  0.0000000E+00  0.0000000E+00
        24      1  0.0000000E+00  0.0000000E+00  0.0000000E+00  0.0000000E+00  0.0000000E+00  0.0000000E+00
        24      2 -0.6889986E-03  0.4874793E-03  0.0000000E+00  0.0000000E+00 -0.6205078E-03 -0.1129124E-08
        24      3 -0.1372802E-02  0.9765667E-03  0.0000000E+00  0.0000000E+00 -0.2483284E-02 -0.4513324E-08
        24      4 -0.3310866E-02  0.2461841E-02  0.0000000E+00  0.0000000E+00 -0.1551367E-01 -0.2810311E-07

        25      0  0.0000000E+00  0.0000000E+00  0.0000000E+00  0.0000000E+00  0.0000000E+00  0.0000000E+00
        25      1  0.0000000E+00  0.0000000E+00  0.0000000E+00  0.0000000E+00  0.0000000E+00  0.0000000E+00
        25      2  0.1113345E-02 -0.2396072E-03  0.0000000E+00  0.0000000E+00 -0.6479688E-03 -0.1191875E-08
        25      3  0.2227180E-02 -0.4829869E-03  0.0000000E+00  0.0000000E+00 -0.2589016E-02 -0.4765930E-08
        25      4  0.5562377E-02 -0.1276991E-02  0.0000000E+00  0.0000000E+00 -0.1615912E-01 -0.2978234E-07

        26      0  0.0000000E+00  0.0000000E+00  0.0000000E+00  0.0000000E+00  0.0000000E+00  0.0000000E+00
        26      1  0.0000000E+00  0.0000000E+00  0.0000000E+00  0.0000000E+00  0.0000000E+00  0.0000000E+00
        26      2 -0.7651868E-03 -0.1744791E-03  0.0000000E+00  0.0000000E+00 -0.6743286E-03 -0.1161384E-08
        26      3 -0.1538175E-02 -0.3451334E-03  0.0000000E+00  0.0000000E+00 -0.2692068E-02 -0.4644117E-08
        26      4 -0.3981397E-02 -0.7866346E-03  0.0000000E+00  0.0000000E+00 -0.1679289E-01 -0.2903619E-07

        27      0  0.0000000E+00  0.0000000E+00  0.0000000E+00  0.0000000E+00  0.0000000E+00  0.0000000E+00
        27      1  0.0000000E+00  0.0000000E+00  0.0000000E+00  0.0000000E+00  0.0000000E+00  0.0000000E+00
        27      2 -0.1160186E-03  0.4673859E-03  0.0000000E+00  0.0000000E+00 -0.6965783E-03 -0.1212851E-08
        27      3 -0.2251956E-03  0.9336104E-03  0.0000000E+00  0.0000000E+00 -0.2788142E-02 -0.4847180E-08
        27      4 -0.3945273E-03  0.2305008E-02  0.0000000E+00  0.0000000E+00 -0.1741910E-01 -0.3017478E-07

        28      0  0.0000000E+00  0.0000000E+00  0.0000000E+00  0.0000000E+00  0.0000000E+00  0.0000000E+00
        28      1  0.0000000E+00  0.0000000E+00  0.0000000E+00  0.0000000E+00  0.0000000E+00  0.0000000E+00
        28      2  0.9134984E-03 -0.4351961E-03  0.0000000E+00  0.0000000E+00 -0.7258435E-03 -0.1333493E-08
        28      3  0.1819621E-02 -0.8719421E-03  0.0000000E+00  0.0000000E+00 -0.2898228E-02 -0.5330140E-08
        28      4  0.4418684E-02 -0.2215779E-02  0.0000000E+00  0.0000000E+00 -0.1808131E-01 -0.3321433E-07

        29      0  0.0000000E+00  0.0000000E+00  0.0000000E+00  0.0000000E+00  0.0000000E+00  0.0000000E+00
        29      1  0.0000000E+00  0.0000000E+00  0.0000000E+00  0.0000000E+00  0.0000000E+00  0.0000000E+00
        29      2 -0.1078296E-02  0.1013485E-03  0.0000000E+00  0.0000000E+00 -0.7499879E-03 -0.1351993E-08
        29      3 -0.2157748E-02  0.2072543E-03  0.0000000E+00  0.0000000E+00 -0.2996766E-02 -0.5407784E-08
        29      4 -0.5429186E-02  0.6072418E-03  0.0000000E+00  0.0000000E+00 -0.1870440E-01 -0.3385004E-07

        30      0  0.0000000E+00  0.0000000E+00  0.0000000E+00  0.0000000E+00  0.0000000E+00  0.0000000E+00
        30      1  0.0000000E+00  0.0000000E+00  0.0000000E+00  0.0000000E+00  0.0000000E+00  0.0000000E+00
        30      2  0.4936537E-03  0.3028861E-03  0.0000000E+00  0.0000000E+00 -0.7731139E-03 -0.1331433E-08
        30      3  0.9955884E-03  0.6013281E-03  0.0000000E+00  0.0000000E+00 -0.3093644E-02 -0.5324425E-08
        30      4  0.2667384E-02  0.1422099E-02  0.0000000E+00  0.0000000E+00 -0.1932596E-01 -0.3327007E-07

        31      0  0.0000000E+00  0.0000000E+00  0.0000000E+00  0.0000000E+00  0.0000000E+00  0.0000000E+00
        31      1  0.0000000E+00  0.0000000E+00  0.0000000E+00  0.0000000E+00  0.0000000E+00  0.0000000E+00
        31      2  0.4313850E-03 -0.4966456E-03  0.0000000E+00  0.0000000E+00 -0.8028023E-03 -0.1424697E-08
        31      3  0.8480569E-03 -0.9919571E-03  0.0000000E+00  0.0000000E+00 -0.3204678E-02 -0.5694953E-08
        31      4  0.1883132E-02 -0.2464384E-02  0.0000000E+00  0.0000000E+00 -0.1999050E-01 -0.3546210E-07

        32      0  0.0000000E+00  0.0000000E+00  0.0000000E+00  0.0000000E+00  0.0000000E+00  0.0000000E+00
        32      1  0.0000000E+00  0.0000000E+00  0.0000000E+00  0.0000000E+00  0.0000000E+00  0.0000000E+00
        32      2 -0.1059794E-02  0.3461706E-03  0.0000000E+00  0.0000000E+00 -0.8254268E-03 -0.1523375E-08
        32      3 -0.2114807E-02  0.6966411E-03  0.0000000E+00  0.0000000E+00 -0.3300838E-02 -0.6092586E-08
        32      4 -0.5205124E-02  0.1817231E-02  0.0000000E+00  0.0000000E+00 -0.2061291E-01 -0.3806276E-07

        33      0  0.0000000E+00  0.0000000E+00  0.0000000E+00  0.0000000E+00  0.0000000E+00  0.0000000E+00
        33      1  0.0000000E+00  0.0000000E+00  0.0000000E+00  0.0000000E+00  0.0000000E+00  0.0000000E+00
        33      2  0.9512398E-03  0.4506944E-04  0.0000000E+00  0.0000000E+00 -0.8502770E-03 -0.1506368E-08
        33      3  0.1909526E-02  0.8375315E-04  0.0000000E+00  0.0000000E+00 -0.3400528E-02 -0.6026252E-08
        33      4  0.4897308E-02  0.9792834E-04  0.0000000E+00  0.0000000E+00 -0.2123709E-01 -0.3773958E-07

        34      0  0.0000000E+00  0.0000000E+00  0.0000000E+00  0.0000000E+00  0.0000000E+00  0.0000000E+00
        34      1  0.0000000E+00  0.0000000E+00  0.0000000E+00  0.0000000E+00  0.0000000E+00  0.0000000E+00
        34      2 -0.1831648E-03 -0.4050685E-03  0.0000000E+00  0.0000000E+00 -0.8787404E-03 -0.1518154E-08
        34      3 -0.3829371E-03 -0.8062279E-03  0.0000000E+00  0.0000000E+00 -0.3508249E-02 -0.6069729E-08
        34      4 -0.1224296E-02 -0.1946413E-02  0.0000000E+00  0.0000000E+00 -0.2188548E-01 -0.3785682E-07

        35      0  0.0000000E+00  0.0000000E+00  0.0000000E+00  0.0000000E+00  0.0000000E+00  0.0000000E+00
        35      1  0.0000000E+00  0.0000000E+00  0.0000000E+00  0.0000000E+00  0.0000000E+00  0.0000000E+00
        35      2 -0.7150853E-03  0.4841265E-03  0.0000000E+00  0.0000000E+00 -0.9006628E-03 -0.1636924E-08
        35      3 -0.1421355E-02  0.9704695E-03  0.0000000E+00  0.0000000E+00 -0.3603509E-02 -0.6543275E-08
        35      4 -0.3368928E-02  0.2455934E-02  0.0000000E+00  0.0000000E+00 -0.2250866E-01 -0.4074643E-07

        36      0  0.0000000E+00  0.0000000E+00  0.0000000E+00  0.0000000E+00  0.0000000E+00  0.0000000E+00
        36      1  0.0000000E+00  0.0000000E+00  0.0000000E+00  0.0000000E+00  0.0000000E+00  0.0000000E+00
        36      2  0.1114392E-02 -0.2263298E-03  0.0000000E+00  0.0000000E+00 -0.9277435E-03 -0.1695129E-08
        36      3  0.2229505E-02 -0.4584210E-03  0.0000000E+00  0.0000000E+00 -0.3707940E-02 -0.6779012E-08
        36      4  0.5568217E-02 -0.1249042E-02  0.0000000E+00  0.0000000E+00 -0.2314721E-01 -0.4237710E-07

        37      0  0.0000000E+00  0.0000000E+00  0.0000000E+00  0.0000000E+00  0.0000000E+00  0.0000000E+00
        37      1  0.0000000E+00  0.0000000E+00  0.0000000E+00  0.0000000E+00  0.0000000E+00  0.0000000E+00
        37      2 -0.7404463E-03 -0.1884811E-03  0.0000000E+00  0.0000000E+00 -0.9539705E-03 -0.1664415E-08
        37      3 -0.1492579E-02 -0.3711905E-03  0.0000000E+00  0.0000000E+00 -0.3810217E-02 -0.6656134E-08
        37      4 -0.3930685E-02 -0.8174999E-03  0.0000000E+00  0.0000000E+00 -0.2377490E-01 -0.4162335E-07

        38      0  0.0000000E+00  0.0000000E+00  0.0000000E+00  0.0000000E+00  0.0000000E+00  0.0000000E+00
        38      1  0.0000000E+00  0.0000000E+00  0.0000000E+00  0.0000000E+00  0.0000000E+00  0.0000000E+00
        38      2 -0.1494434E-03  0.4724004E-03  0.0000000E+00  0.0000000E+00 -0.9759354E-03 -0.1720478E-08
        38      3 -0.2873518E-03  0.9431138E-03  0.0000000E+00  0.0000000E+00 -0.3905242E-02 -0.6876262E-08
        38      4 -0.4675342E-03  0.2317540E-02  0.0000000E+00  0.0000000E+00 -0.2439476E-01 -0.4281170E-07

        39      0  0.0000000E+00  0.0000000E+00  0.0000000E+00  0.0000000E+00  0.0000000E+00  0.0000000E+00
        39      1  0.0000000E+00  0.0000000E+00  0.0000000E+00  0.0000000E+00  0.0000000E+00  0.0000000E+00
        39      2  0.9323978E-03 -0.4277237E-03  0.0000000E+00  0.0000000E+00 -0.1004871E-02 -0.1839959E-08
        39      3  0.1855193E-02 -0.8582307E-03  0.0000000E+00  0.0000000E+00 -0.4014129E-02 -0.7355064E-08
        39      4  0.4463383E-02 -0.2201105E-02  0.0000000E+00  0.0000000E+00 -0.2505024E-01 -0.4584297E-07

        40      0  0.0000000E+00  0.0000000E+00  0.0000000E+00  0.0000000E+00  0.0000000E+00  0.0000000E+00
        40      1  0.0000000E+00  0.0000000E+00  0.0000000E+00  0.0000000E+00  0.0000000E+00  0.0000000E+00
        40      2 -0.1069469E-02  0.8656185E-04  0.0000000E+00  0.0000000E+00 -0.1028859E-02 -0.1854186E-08
        40      3 -0.2141761E-02  0.1797852E-03  0.0000000E+00  0.0000000E+00 -0.4111801E-02 -0.7416721E-08
        40      4 -0.5413810E-02  0.5753537E-03  0.0000000E+00  0.0000000E+00 -0.2566698E-01 -0.4643032E-07

        41      0  0.0000000E+00  0.0000000E+00  0.0000000E+00  0.0000000E+00  0.0000000E+00  0.0000000E+00
        41      1  0.0000000E+00  0.0000000E+00  0.0000000E+00  0.0000000E+00  0.0000000E+00  0.0000000E+00
        41      2  0.4632055E-03  0.3147062E-03  0.0000000E+00  0.0000000E+00 -0.1051656E-02 -0.1836038E-08
        41      3  0.9390501E-03  0.6234397E-03  0.0000000E+00  0.0000000E+00 -0.4207557E-02 -0.7342150E-08
        41      4  0.2602390E-02  0.1448969E-02  0.0000000E+00  0.0000000E+00 -0.2628215E-01 -0.4587209E-07

        42      0  0.0000000E+00  0.0000000E+00  0.0000000E+00  0.0000000E+00  0.0000000E+00  0.0000000E+00
        42      1  0.0000000E+00  0.0000000E+00  0.0000000E+00  0.0000000E+00  0.0000000E+00  0.0000000E+00
        42      2  0.4622408E-03 -0.4972710E-03  0.0000000E+00  0.0000000E+00 -0.1081105E-02 -0.1932860E-08
        42      3  0.9056413E-03 -0.9932905E-03  0.0000000E+00  0.0000000E+00 -0.4317612E-02 -0.7726056E-08
        42      4  0.1951977E-02 -0.2467446E-02  0.0000000E+00  0.0000000E+00 -0.2694042E-01 -0.4810617E-07

        43      0  0.0000000E+00  0.0000000E+00  0.0000000E+00  0.0000000E+00  0.0000000E+00  0.0000000E+00
        43      1  0.0000000E+00  0.0000000E+00  0.0000000E+00  0.0000000E+00  0.0000000E+00  0.0000000E+00
        43      2 -0.1069585E-02  0.3351732E-03  0.0000000E+00  0.0000000E+00 -0.1103530E-02 -0.2028089E-08
        43      3 -0.2133300E-02  0.6762937E-03  0.0000000E+00  0.0000000E+00 -0.4412807E-02 -0.8111069E-08
        43      4 -0.5229747E-02  0.1794448E-02  0.0000000E+00  0.0000000E+00 -0.2755637E-01 -0.5067385E-07

        44      0  0.0000000E+00  0.0000000E+00  0.0000000E+00  0.0000000E+00  0.0000000E+00  0.0000000E+00
        44      1  0.0000000E+00  0.0000000E+00  0.0000000E+00  0.0000000E+00  0.0000000E+00  0.0000000E+00
        44      2  0.9332228E-03  0.6003066E-04  0.0000000E+00  0.0000000E+00 -0.1128009E-02 -0.2008564E-08
        44      3  0.1876304E-02  0.1115753E-03  0.0000000E+00  0.0000000E+00 -0.4511265E-02 -0.8035231E-08
        44      4  0.4861353E-02  0.1305525E-03  0.0000000E+00  0.0000000E+00 -0.2817392E-01 -0.5031925E-07

        45      0  0.0000000E+00  0.0000000E+00  0.0000000E+00  0.0000000E+00  0.0000000E+00  0.0000000E+00
        45      1  0.0000000E+00  0.0000000E+00  0.0000000E+00  0.0000000E+00  0.0000000E+00  0.0000000E+00
        45      2 -0.1499132E-03 -0.4136039E-03  0.0000000E+00  0.0000000E+00 -0.1156313E-02 -0.2024563E-08
        45      3 -0.3212851E-03 -0.8222131E-03  0.0000000E+00  0.0000000E+00 -0.4618191E-02 -0.8094286E-08
        45      4 -0.1153237E-02 -0.1966325E-02  0.0000000E+00  0.0000000E+00 -0.2881639E-01 -0.5047964E-07

        46      0  0.0000000E+00  0.0000000E+00  0.0000000E+00  0.0000000E+00  0.0000000E+00  0.0000000E+00
        46      1  0.0000000E+00  0.0000000E+00  0.0000000E+00  0.0000000E+00  0.0000000E+00  0.0000000E+00
        46      2 -0.7405181E-03  0.4803308E-03  0.0000000E+00  0.0000000E+00 -0.1177995E-02 -0.2144627E-08
        46      3 -0.1468784E-02  0.9636039E-03  0.0000000E+00  0.0000000E+00 -0.4712441E-02 -0.8572898E-08
        46      4 -0.3426401E-02  0.2449598E-02  0.0000000E+00  0.0000000E+00 -0.2943317E-01 -0.5338912E-07

        47      0  0.0000000E+00  0.0000000E+00  0.0000000E+00  0.0000000E+00  0.0000000E+00  0.0000000E+00
        47      1  0.0000000E+00  0.0000000E+00  0.0000000E+00  0.0000000E+00  0.0000000E+00  0.0000000E+00
        47      2  0.1114417E-02 -0.2128451E-03  0.0000000E+00  0.0000000E+00 -0.1204696E-02 -0.2198243E-08
        47      3  0.2230058E-02 -0.4334921E-03  0.0000000E+00  0.0000000E+00 -0.4815581E-02 -0.8791604E-08
        47      4  0.5573078E-02 -0.1220877E-02  0.0000000E+00  0.0000000E+00 -0.3006488E-01 -0.5497087E-07

        48      0  0.0000000E+00  0.0000000E+00  0.0000000E+00  0.0000000E+00  0.0000000E+00  0.0000000E+00
        48      1  0.0000000E+00  0.0000000E+00  0.0000000E+00  0.0000000E+00  0.0000000E+00  0.0000000E+00
        48      2 -0.7150305E-03 -0.2023101E-03  0.0000000E+00  0.0000000E+00 -0.1230793E-02 -0.2167585E-08
        48      3 -0.1445808E-02 -0.3969514E-03  0.0000000E+00  0.0000000E+00 -0.4917097E-02 -0.8668632E-08
        48      4 -0.3879301E-02 -0.8482183E-03  0.0000000E+00  0.0000000E+00 -0.3068657E-01 -0.5421084E-07

        49      0  0.0000000E+00  0.0000000E+00  0.0000000E+00  0.0000000E+00  0.0000000E+00  0.0000000E+00
        49      1  0.0000000E+00  0.0000000E+00  0.0000000E+00  0.0000000E+00  0.0000000E+00  0.0000000E+00
        49      2 -0.1827288E-03  0.4769830E-03  0.0000000E+00  0.0000000E+00 -0.1252478E-02 -0.2228207E-08
        49      3 -0.3492709E-03  0.9518716E-03  0.0000000E+00  0.0000000E+00 -0.5011085E-02 -0.8905712E-08
        49      4 -0.5404442E-03  0.2329669E-02  0.0000000E+00  0.0000000E+00 -0.3130015E-01 -0.5544891E-07

        50      0  0.0000000E+00  0.0000000E+00  0.0000000E+00  0.0000000E+00  0.0000000E+00  0.0000000E+00
        50      1  0.0000000E+00  0.0000000E+00  0.0000000E+00  0.0000000E+00  0.0000000E+00  0.0000000E+00
        50      2  0.9504445E-03 -0.4198613E-03  0.0000000E+00  0.0000000E+00 -0.1281083E-02 -0.2346259E-08
        50      3  0.1889299E-02 -0.8438444E-03  0.0000000E+00  0.0000000E+00 -0.5118775E-02 -0.9379420E-08
        50      4  0.4507306E-02 -0.2186055E-02  0.0000000E+00  0.0000000E+00 -0.3194895E-01 -0.5847056E-07

        51      0  0.0000000E+00  0.0000000E+00  0.0000000E+00  0.0000000E+00  0.0000000E+00  0.0000000E+00
        51      1  0.0000000E+00  0.0000000E+00  0.0000000E+00  0.0000000E+00  0.0000000E+00  0.0000000E+00
        51      2 -0.1059670E-02  0.7169708E-04  0.0000000E+00  0.0000000E+00 -0.1304920E-02 -0.2356329E-08
        51      3 -0.2124098E-02  0.1521776E-03  0.0000000E+00  0.0000000E+00 -0.5215595E-02 -0.9425473E-08
        51      4 -0.5397520E-02  0.5433718E-03  0.0000000E+00  0.0000000E+00 -0.3255942E-01 -0.5900993E-07

        52      0  0.0000000E+00  0.0000000E+00  0.0000000E+00  0.0000000E+00  0.0000000E+00  0.0000000E+00
        52      1  0.0000000E+00  0.0000000E+00  0.0000000E+00  0.0000000E+00  0.0000000E+00  0.0000000E+00
        52      2  0.4323355E-03  0.3262394E-03  0.0000000E+00  0.0000000E+00 -0.1327392E-02 -0.2340825E-08
        52      3  0.8817752E-03  0.6450614E-03  0.0000000E+00  0.0000000E+00 -0.5310246E-02 -0.9360501E-08
        52      4  0.2536952E-02  0.1475592E-02  0.0000000E+00  0.0000000E+00 -0.3316827E-01 -0.5847457E-07

        53      0  0.0000000E+00  0.0000000E+00  0.0000000E+00  0.0000000E+00  0.0000000E+00  0.0000000E+00
        53      1  0.0000000E+00  0.0000000E+00  0.0000000E+00  0.0000000E+00  0.0000000E+00  0.0000000E+00
        53      2  0.4926767E-03 -0.4974432E-03  0.0000000E+00  0.0000000E+00 -0.1356599E-02 -0.2441018E-08
        53      3  0.9625192E-03 -0.9938435E-03  0.0000000E+00  0.0000000E+00 -0.5419320E-02 -0.9757148E-08
        53      4  0.2020494E-02 -0.2470087E-02  0.0000000E+00  0.0000000E+00 -0.3382034E-01 -0.6074994E-07

        54      0  0.0000000E+00  0.0000000E+00  0.0000000E+00  0.0000000E+00  0.0000000E+00  0.0000000E+00
        54      1  0.0000000E+00  0.0000000E+00  0.0000000E+00  0.0000000E+00  0.0000000E+00  0.0000000E+00
        54      2 -0.1078402E-02  0.3238697E-03  0.0000000E+00  0.0000000E+00 -0.1378829E-02 -0.2532619E-08
        54      3 -0.2150121E-02  0.6554129E-03  0.0000000E+00  0.0000000E+00 -0.5513565E-02 -0.1012891E-07
        54      4 -0.5253478E-02  0.1771356E-02  0.0000000E+00  0.0000000E+00 -0.3442988E-01 -0.6328365E-07

        55      0  0.0000000E+00  0.0000000E+00  0.0000000E+00  0.0000000E+00  0.0000000E+00  0.0000000E+00
        55      1  0.0000000E+00  0.0000000E+00  0.0000000E+00  0.0000000E+00  0.0000000E+00  0.0000000E+00
        55      2  0.9143510E-03  0.7493812E-04  0.0000000E+00  0.0000000E+00 -0.1402942E-02 -0.2510815E-08
        55      3  0.1841592E-02  0.1393129E-03  0.0000000E+00  0.0000000E+00 -0.5610806E-02 -0.1004438E-07
        55      4  0.4824546E-02  0.1631574E-03  0.0000000E+00  0.0000000E+00 -0.3504088E-01 -0.6289863E-07

        56      0  0.0000000E+00  0.0000000E+00  0.0000000E+00  0.0000000E+00  0.0000000E+00  0.0000000E+00
        56      1  0.0000000E+00  0.0000000E+00  0.0000000E+00  0.0000000E+00  0.0000000E+00  0.0000000E+00
        56      2 -0.1165220E-03 -0.4217617E-03  0.0000000E+00  0.0000000E+00 -0.1431086E-02 -0.2531138E-08
        56      3 -0.2593712E-03 -0.8375502E-03  0.0000000E+00  0.0000000E+00 -0.5716941E-02 -0.1011941E-07
        56      4 -0.1081970E-02 -0.1985897E-02  0.0000000E+00  0.0000000E+00 -0.3567749E-01 -0.6310284E-07

        57      0  0.0000000E+00  0.0000000E+00  0.0000000E+00  0.0000000E+00  0.0000000E+00  0.0000000E+00
        57      1  0.0000000E+00  0.0000000E+00  0.0000000E+00  0.0000000E+00  0.0000000E+00  0.0000000E+00
        57      2 -0.7652740E-03  0.4760955E-03  0.0000000E+00  0.0000000E+00 -0.1452531E-02 -0.2652225E-08
        57      3 -0.1515052E-02  0.9559753E-03  0.0000000E+00  0.0000000E+00 -0.5810193E-02 -0.1060216E-07
        57      4 -0.3483275E-02  0.2442837E-02  0.0000000E+00  0.0000000E+00 -0.3628794E-01 -0.6603100E-07

        58      0  0.0000000E+00  0.0000000E+00  0.0000000E+00  0.0000000E+00  0.0000000E+00  0.0000000E+00
        58      1  0.0000000E+00  0.0000000E+00  0.0000000E+00  0.0000000E+00  0.0000000E+00  0.0000000E+00
        58      2  0.1113421E-02 -0.1991655E-03  0.0000000E+00  0.0000000E+00 -0.1478856E-02 -0.2701223E-08
        58      3  0.2228840E-02 -0.4082196E-03  0.0000000E+00  0.0000000E+00 -0.5912054E-02 -0.1080373E-07
        58      4  0.5576960E-02 -0.1192500E-02  0.0000000E+00  0.0000000E+00 -0.3691288E-01 -0.6756351E-07

        59      0  0.0000000E+00  0.0000000E+00  0.0000000E+00  0.0000000E+00  0.0000000E+00  0.0000000E+00
        59      1  0.0000000E+00  0.0000000E+00  0.0000000E+00  0.0000000E+00  0.0000000E+00  0.0000000E+00
        59      2 -0.6889624E-03 -0.2159535E-03  0.0000000E+00  0.0000000E+00 -0.1504825E-02 -0.2670902E-08
        59      3 -0.1397900E-02 -0.4223961E-03  0.0000000E+00  0.0000000E+00 -0.6012820E-02 -0.1068163E-07
        59      4 -0.3827256E-02 -0.8787842E-03  0.0000000E+00  0.0000000E+00 -0.3752864E-01 -0.6679851E-07

        60      0  0.0000000E+00  0.0000000E+00  0.0000000E+00  0.0000000E+00  0.0000000E+00  0.0000000E+00
        60      1  0.0000000E+00  0.0000000E+00  0.0000000E+00  0.0000000E+00  0.0000000E+00  0.0000000E+00
        60      2 -0.2158443E-03  0.4811294E-03  0.0000000E+00  0.0000000E+00 -0.1526235E-02 -0.2736030E-08
        60      3 -0.4109041E-03  0.9598766E-03  0.0000000E+00  0.0000000E+00 -0.6105783E-02 -0.1093550E-07
        60      4 -0.6132437E-03  0.2341394E-02  0.0000000E+00  0.0000000E+00 -0.3813601E-01 -0.6808622E-07

        61      0  0.0000000E+00  0.0000000E+00  0.0000000E+00  0.0000000E+00  0.0000000E+00  0.0000000E+00
        61      1  0.0000000E+00  0.0000000E+00  0.0000000E+00  0.0000000E+00  0.0000000E+00  0.0000000E+00
        61      2  0.9676219E-03 -0.4116159E-03  0.0000000E+00  0.0000000E+00 -0.1554508E-02 -0.2852388E-08
        61      3  0.1921909E-02 -0.8287945E-03  0.0000000E+00  0.0000000E+00 -0.6212277E-02 -0.1140319E-07
        61      4  0.4550445E-02 -0.2170631E-02  0.0000000E+00  0.0000000E+00 -0.3877818E-01 -0.7109693E-07

        62      0  0.0000000E+00  0.0000000E+00  0.0000000E+00  0.0000000E+00  0.0000000E+00  0.0000000E+00
        62      1  0.0000000E+00  0.0000000E+00  0.0000000E+00  0.0000000E+00  0.0000000E+00  0.0000000E+00
        62      2 -0.1048906E-02  0.5676780E-04  0.0000000E+00  0.0000000E+00 -0.1578198E-02 -0.2858431E-08
        62      3 -0.2104773E-02  0.1244534E-03  0.0000000E+00  0.0000000E+00 -0.6308263E-02 -0.1143408E-07
        62      4 -0.5380318E-02  0.5113021E-03  0.0000000E+00  0.0000000E+00 -0.3938245E-01 -0.7158872E-07

        63      0  0.0000000E+00  0.0000000E+00  0.0000000E+00  0.0000000E+00  0.0000000E+00  0.0000000E+00
        63      1  0.0000000E+00  0.0000000E+00  0.0000000E+00  0.0000000E+00  0.0000000E+00  0.0000000E+00
        63      2  0.4010720E-03  0.3374751E-03  0.0000000E+00  0.0000000E+00 -0.1600350E-02 -0.2845796E-08
        63      3  0.8238095E-03  0.6661758E-03  0.0000000E+00  0.0000000E+00 -0.6401824E-02 -0.1137948E-07
        63      4  0.2471085E-02  0.1501960E-02  0.0000000E+00  0.0000000E+00 -0.3998506E-01 -0.7107736E-07

        64      0  0.0000000E+00  0.0000000E+00  0.0000000E+00  0.0000000E+00  0.0000000E+00  0.0000000E+00
        64      1  0.0000000E+00  0.0000000E+00  0.0000000E+00  0.0000000E+00  0.0000000E+00  0.0000000E+00
        64      2  0.5226648E-03 -0.4971621E-03  0.0000000E+00  0.0000000E+00 -0.1629313E-02 -0.2949161E-08
        64      3  0.1018645E-02 -0.9936158E-03  0.0000000E+00  0.0000000E+00 -0.6509915E-02 -0.1178819E-07
        64      4  0.2088670E-02 -0.2472306E-02  0.0000000E+00  0.0000000E+00 -0.4063098E-01 -0.7339318E-07

        65      0  0.0000000E+00  0.0000000E+00  0.0000000E+00  0.0000000E+00  0.0000000E+00  0.0000000E+00
        65      1  0.0000000E+00  0.0000000E+00  0.0000000E+00  0.0000000E+00  0.0000000E+00  0.0000000E+00
        65      2 -0.1086237E-02  0.3122705E-03  0.0000000E+00  0.0000000E+00 -0.1651354E-02 -0.3036966E-08
        65      3 -0.2165256E-02  0.6340153E-03  0.0000000E+00  0.0000000E+00 -0.6603224E-02 -0.1214610E-07
        65      4 -0.5276315E-02  0.1747959E-02  0.0000000E+00  0.0000000E+00 -0.4123419E-01 -0.7589196E-07

        66      0  0.0000000E+00  0.0000000E+00  0.0000000E+00  0.0000000E+00  0.0000000E+00  0.0000000E+00
        66      1  0.0000000E+00  0.0000000E+00  0.0000000E+00  0.0000000E+00  0.0000000E+00  0.0000000E+00
        66      2  0.8946419E-03  0.8977820E-04  0.0000000E+00  0.0000000E+00 -0.1675104E-02 -0.3013131E-08
        66      3  0.1805421E-02  0.1669443E-03  0.0000000E+00  0.0000000E+00 -0.6699264E-02 -0.1205374E-07
        66      4  0.4786896E-02  0.1957370E-03  0.0000000E+00  0.0000000E+00 -0.4183871E-01 -0.7547756E-07

        67      0  0.0000000E+00  0.0000000E+00  0.0000000E+00  0.0000000E+00  0.0000000E+00  0.0000000E+00
        67      1  0.0000000E+00  0.0000000E+00  0.0000000E+00  0.0000000E+00  0.0000000E+00  0.0000000E+00
        67      2 -0.8302179E-04 -0.4295344E-03  0.0000000E+00  0.0000000E+00 -0.1703088E-02 -0.3037870E-08
        67      3 -0.1972438E-03 -0.8522271E-03  0.0000000E+00  0.0000000E+00 -0.6804613E-02 -0.1214508E-07
        67      4 -0.1010509E-02 -0.2005124E-02  0.0000000E+00  0.0000000E+00 -0.4246952E-01 -0.7572623E-07

        68      0  0.0000000E+00  0.0000000E+00  0.0000000E+00  0.0000000E+00  0.0000000E+00  0.0000000E+00
        68      1  0.0000000E+00  0.0000000E+00  0.0000000E+00  0.0000000E+00  0.0000000E+00  0.0000000E+00
        68      2 -0.7893307E-03  0.4714246E-03  0.0000000E+00  0.0000000E+00 -0.1724301E-02 -0.3159708E-08
        68      3 -0.1560124E-02  0.9475900E-03  0.0000000E+00  0.0000000E+00 -0.6896878E-02 -0.1263104E-07
        68      4 -0.3539540E-02  0.2435650E-02  0.0000000E+00  0.0000000E+00 -0.4307371E-01 -0.7867183E-07

        69      0  0.0000000E+00  0.0000000E+00  0.0000000E+00  0.0000000E+00  0.0000000E+00  0.0000000E+00
        69      1  0.0000000E+00  0.0000000E+00  0.0000000E+00  0.0000000E+00  0.0000000E+00  0.0000000E+00
        69      2  0.1111404E-02 -0.1853035E-03  0.0000000E+00  0.0000000E+00 -0.1750251E-02 -0.3204077E-08
        69      3  0.2225850E-02 -0.3826232E-03  0.0000000E+00  0.0000000E+00 -0.6997469E-02 -0.1281541E-07
        69      4  0.5579861E-02 -0.1163918E-02  0.0000000E+00  0.0000000E+00 -0.4369195E-01 -0.8015482E-07

        70      0  0.0000000E+00  0.0000000E+00  0.0000000E+00  0.0000000E+00  0.0000000E+00  0.0000000E+00
        70      1  0.0000000E+00  0.0000000E+00  0.0000000E+00  0.0000000E+00  0.0000000E+00  0.0000000E+00
        70      2 -0.6622655E-03 -0.2293987E-03  0.0000000E+00  0.0000000E+00 -0.1776094E-02 -0.3174372E-08
        70      3 -0.1348892E-02 -0.4475046E-03  0.0000000E+00  0.0000000E+00 -0.7097498E-02 -0.1269516E-07
        70      4 -0.3774558E-02 -0.9091921E-03  0.0000000E+00  0.0000000E+00 -0.4430185E-01 -0.7938616E-07

        71      0  0.0000000E+00  0.0000000E+00  0.0000000E+00  0.0000000E+00  0.0000000E+00  0.0000000E+00
        71      1  0.0000000E+00  0.0000000E+00  0.0000000E+00  0.0000000E+00  0.0000000E+00  0.0000000E+00
        71      2 -0.2487597E-03  0.4848358E-03  0.0000000E+00  0.0000000E+00 -0.1797234E-02 -0.3243936E-08
        71      3 -0.4722030E-03  0.9671224E-03  0.0000000E+00  0.0000000E+00 -0.7189449E-02 -0.1296559E-07
        71      4 -0.6859196E-03  0.2352712E-02  0.0000000E+00  0.0000000E+00 -0.4490307E-01 -0.8072341E-07

        72      0  0.0000000E+00  0.0000000E+00  0.0000000E+00  0.0000000E+00  0.0000000E+00  0.0000000E+00
        72      1  0.0000000E+00  0.0000000E+00  0.0000000E+00  0.0000000E+00  0.0000000E+00  0.0000000E+00
        72      2  0.9839139E-03 -0.4029952E-03  0.0000000E+00  0.0000000E+00 -0.1825174E-02 -0.3358344E-08
        72      3  0.1952998E-02 -0.8130926E-03  0.0000000E+00  0.0000000E+00 -0.7294750E-02 -0.1342637E-07
        72      4  0.4592791E-02 -0.2154837E-02  0.0000000E+00  0.0000000E+00 -0.4553868E-01 -0.8372184E-07

        73      0  0.0000000E+00  0.0000000E+00  0.0000000E+00  0.0000000E+00  0.0000000E+00  0.0000000E+00
        73      1  0.0000000E+00  0.0000000E+00  0.0000000E+00  0.0000000E+00  0.0000000E+00  0.0000000E+00
        73      2 -0.1037188E-02  0.4178769E-04  0.0000000E+00  0.0000000E+00 -0.1848721E-02 -0.3360505E-08
        73      3 -0.2083800E-02  0.9663462E-04  0.0000000E+00  0.0000000E+00 -0.7389917E-02 -0.1344256E-07
        73      4 -0.5362206E-02  0.4791504E-03  0.0000000E+00  0.0000000E+00 -0.4613683E-01 -0.8416648E-07

        74      0  0.0000000E+00  0.0000000E+00  0.0000000E+00  0.0000000E+00  0.0000000E+00  0.0000000E+00
        74      1  0.0000000E+00  0.0000000E+00  0.0000000E+00  0.0000000E+00  0.0000000E+00  0.0000000E+00
        74      2  0.3694439E-03  0.3484029E-03  0.0000000E+00  0.0000000E+00 -0.1870559E-02 -0.3350952E-08
        74      3  0.7651993E-03  0.6867660E-03  0.0000000E+00  0.0000000E+00 -0.7482402E-02 -0.1339909E-07
        74      4  0.2404799E-02  0.1528071E-02  0.0000000E+00  0.0000000E+00 -0.4673326E-01 -0.8368023E-07

        75      0  0.0000000E+00  0.0000000E+00  0.0000000E+00  0.0000000E+00  0.0000000E+00  0.0000000E+00
        75      1  0.0000000E+00  0.0000000E+00  0.0000000E+00  0.0000000E+00  0.0000000E+00  0.0000000E+00
        75      2  0.5521776E-03 -0.4964278E-03  0.0000000E+00  0.0000000E+00 -0.1899275E-02 -0.3457278E-08
        75      3  0.1073975E-02 -0.9926076E-03  0.0000000E+00  0.0000000E+00 -0.7589510E-02 -0.1381916E-07
        75      4  0.2156493E-02 -0.2474101E-02  0.0000000E+00  0.0000000E+00 -0.4737309E-01 -0.8603565E-07

        76      0  0.0000000E+00  0.0000000E+00  0.0000000E+00  0.0000000E+00  0.0000000E+00  0.0000000E+00
        76      1  0.0000000E+00  0.0000000E+00  0.0000000E+00  0.0000000E+00  0.0000000E+00  0.0000000E+00
        76      2 -0.1093084E-02  0.3003863E-03  0.0000000E+00  0.0000000E+00 -0.1921131E-02 -0.3541135E-08
        76      3 -0.2178695E-02  0.6121180E-03  0.0000000E+00  0.0000000E+00 -0.7681897E-02 -0.1416266E-07
        76      4 -0.5298254E-02  0.1724261E-02  0.0000000E+00  0.0000000E+00 -0.4797003E-01 -0.8849856E-07

        77      0  0.0000000E+00  0.0000000E+00  0.0000000E+00  0.0000000E+00  0.0000000E+00  0.0000000E+00
        77      1  0.0000000E+00  0.0000000E+00  0.0000000E+00  0.0000000E+00  0.0000000E+00  0.0000000E+00
        77      2  0.8741136E-03  0.1045373E-03  0.0000000E+00  0.0000000E+00 -0.1944524E-02 -0.3515522E-08
        77      3  0.1767818E-02  0.1944474E-03  0.0000000E+00  0.0000000E+00 -0.7776752E-02 -0.1406333E-07
        77      4  0.4748410E-02  0.2282854E-03  0.0000000E+00  0.0000000E+00 -0.4856814E-01 -0.8805582E-07

        78      0  0.0000000E+00  0.0000000E+00  0.0000000E+00  0.0000000E+00  0.0000000E+00  0.0000000E+00
        78      1  0.0000000E+00  0.0000000E+00  0.0000000E+00  0.0000000E+00  0.0000000E+00  0.0000000E+00
        78      2 -0.4944303E-04 -0.4369152E-03  0.0000000E+00  0.0000000E+00 -0.1972345E-02 -0.3544756E-08
        78      3 -0.1349516E-03 -0.8662326E-03  0.0000000E+00  0.0000000E+00 -0.7881317E-02 -0.1417128E-07
        78      4 -0.9388664E-03 -0.2024005E-02  0.0000000E+00  0.0000000E+00 -0.4919322E-01 -0.8834955E-07

        79      0  0.0000000E+00  0.0000000E+00  0.0000000E+00  0.0000000E+00  0.0000000E+00  0.0000000E+00
        79      1  0.0000000E+00  0.0000000E+00  0.0000000E+00  0.0000000E+00  0.0000000E+00  0.0000000E+00
        79      2 -0.8126663E-03  0.4663224E-03  0.0000000E+00  0.0000000E+00 -0.1993332E-02 -0.3667068E-08
        79      3 -0.1603964E-02  0.9384546E-03  0.0000000E+00  0.0000000E+00 -0.7972607E-02 -0.1465949E-07
        79      4 -0.3595186E-02  0.2428039E-02  0.0000000E+00  0.0000000E+00 -0.4979120E-01 -0.9131136E-07

        80      0  0.0000000E+00  0.0000000E+00  0.0000000E+00  0.0000000E+00  0.0000000E+00  0.0000000E+00
        80      1  0.0000000E+00  0.0000000E+00  0.0000000E+00  0.0000000E+00  0.0000000E+00  0.0000000E+00
        80      2  0.1108368E-02 -0.1712716E-03  0.0000000E+00  0.0000000E+00 -0.2018908E-02 -0.3706814E-08
        80      3  0.2221090E-02 -0.3567231E-03  0.0000000E+00  0.0000000E+00 -0.8071939E-02 -0.1482667E-07
        80      4  0.5581781E-02 -0.1135134E-02  0.0000000E+00  0.0000000E+00 -0.5040282E-01 -0.9274457E-07

        81      0  0.0000000E+00  0.0000000E+00  0.0000000E+00  0.0000000E+00  0.0000000E+00  0.0000000E+00
        81      1  0.0000000E+00  0.0000000E+00  0.0000000E+00  0.0000000E+00  0.0000000E+00  0.0000000E+00
        81      2 -0.6349641E-03 -0.2426337E-03  0.0000000E+00  0.0000000E+00 -0.2044629E-02 -0.3678001E-08
        81      3 -0.1298821E-02 -0.4722571E-03  0.0000000E+00  0.0000000E+00 -0.8171242E-02 -0.1470922E-07
        81      4 -0.3721216E-02 -0.9394366E-03  0.0000000E+00  0.0000000E+00 -0.5100694E-01 -0.9197357E-07

        82      0  0.0000000E+00  0.0000000E+00  0.0000000E+00  0.0000000E+00  0.0000000E+00  0.0000000E+00
        82      1  0.0000000E+00  0.0000000E+00  0.0000000E+00  0.0000000E+00  0.0000000E+00  0.0000000E+00
        82      2 -0.2814451E-03  0.4880988E-03  0.0000000E+00  0.0000000E+00 -0.2065503E-02 -0.3751915E-08
        82      3 -0.5331191E-03  0.9736031E-03  0.0000000E+00  0.0000000E+00 -0.8262193E-02 -0.1499595E-07
        82      4 -0.7584586E-03  0.2363620E-02  0.0000000E+00  0.0000000E+00 -0.5160208E-01 -0.9336020E-07

        83      0  0.0000000E+00  0.0000000E+00  0.0000000E+00  0.0000000E+00  0.0000000E+00  0.0000000E+00
        83      1  0.0000000E+00  0.0000000E+00  0.0000000E+00  0.0000000E+00  0.0000000E+00  0.0000000E+00
        83      2  0.9993056E-03 -0.3940068E-03  0.0000000E+00  0.0000000E+00 -0.2093108E-02 -0.3864121E-08
        83      3  0.1982541E-02 -0.7967510E-03  0.0000000E+00  0.0000000E+00 -0.8366303E-02 -0.1544895E-07
        83      4  0.4634338E-02 -0.2138674E-02  0.0000000E+00  0.0000000E+00 -0.5223118E-01 -0.9634503E-07

        84      0  0.0000000E+00  0.0000000E+00  0.0000000E+00  0.0000000E+00  0.0000000E+00  0.0000000E+00
        84      1  0.0000000E+00  0.0000000E+00  0.0000000E+00  0.0000000E+00  0.0000000E+00  0.0000000E+00
        84      2 -0.1024527E-02  0.2677045E-04  0.0000000E+00  0.0000000E+00 -0.2116516E-02 -0.3862561E-08
        84      3 -0.2061197E-02  0.6874322E-04  0.0000000E+00  0.0000000E+00 -0.8460667E-02 -0.1545097E-07
        84      4 -0.5343190E-02  0.4469227E-03  0.0000000E+00  0.0000000E+00 -0.5282327E-01 -0.9674299E-07

        85      0  0.0000000E+00  0.0000000E+00  0.0000000E+00  0.0000000E+00  0.0000000E+00  0.0000000E+00
        85      1  0.0000000E+00  0.0000000E+00  0.0000000E+00  0.0000000E+00  0.0000000E+00  0.0000000E+00
        85      2  0.3374800E-03  0.3590129E-03  0.0000000E+00  0.0000000E+00 -0.2138045E-02 -0.3856292E-08
        85      3  0.7059914E-03  0.7068157E-03  0.0000000E+00  0.0000000E+00 -0.8552091E-02 -0.1541934E-07
        85      4  0.2338108E-02  0.1553918E-02  0.0000000E+00  0.0000000E+00 -0.5341360E-01 -0.9628294E-07

        86      0  0.0000000E+00  0.0000000E+00  0.0000000E+00  0.0000000E+00  0.0000000E+00  0.0000000E+00
        86      1  0.0000000E+00  0.0000000E+00  0.0000000E+00  0.0000000E+00  0.0000000E+00  0.0000000E+00
        86      2  0.5811879E-03 -0.4952411E-03  0.0000000E+00  0.0000000E+00 -0.2166513E-02 -0.3965359E-08
        86      3  0.1128464E-02 -0.9908197E-03  0.0000000E+00  0.0000000E+00 -0.8658215E-02 -0.1585000E-07
        86      4  0.2223950E-02 -0.2475475E-02  0.0000000E+00  0.0000000E+00 -0.5404739E-01 -0.9867707E-07

        87      0  0.0000000E+00  0.0000000E+00  0.0000000E+00  0.0000000E+00  0.0000000E+00  0.0000000E+00
        87      1  0.0000000E+00  0.0000000E+00  0.0000000E+00  0.0000000E+00  0.0000000E+00  0.0000000E+00
        87      2 -0.1098935E-02  0.2882279E-03  0.0000000E+00  0.0000000E+00 -0.2188188E-02 -0.4045128E-08
        87      3 -0.2190428E-02  0.5897386E-03  0.0000000E+00  0.0000000E+00 -0.8749694E-02 -0.1617860E-07
        87      4 -0.5319290E-02  0.1700268E-02  0.0000000E+00  0.0000000E+00 -0.5463813E-01 -0.1011032E-06

        88      0  0.0000000E+00  0.0000000E+00  0.0000000E+00  0.0000000E+00  0.0000000E+00  0.0000000E+00
        88      1  0.0000000E+00  0.0000000E+00  0.0000000E+00  0.0000000E+00  0.0000000E+00  0.0000000E+00
        88      2  0.8527850E-03  0.1192020E-03  0.0000000E+00  0.0000000E+00 -0.2211228E-02 -0.4017999E-08
        88      3  0.1728813E-02  0.2218007E-03  0.0000000E+00  0.0000000E+00 -0.8843379E-02 -0.1607318E-07
        88      4  0.4709094E-02  0.2607968E-03  0.0000000E+00  0.0000000E+00 -0.5522992E-01 -0.1006332E-06

        89      0  0.0000000E+00  0.0000000E+00  0.0000000E+00  0.0000000E+00  0.0000000E+00  0.0000000E+00
        89      1  0.0000000E+00  0.0000000E+00  0.0000000E+00  0.0000000E+00  0.0000000E+00  0.0000000E+00
        89      2 -0.1581634E-04 -0.4438971E-03  0.0000000E+00  0.0000000E+00 -0.2238887E-02 -0.4051788E-08
        89      3 -0.7254380E-04 -0.8795557E-03  0.0000000E+00  0.0000000E+00 -0.8947164E-02 -0.1619799E-07
        89      4 -0.8670559E-03 -0.2042535E-02  0.0000000E+00  0.0000000E+00 -0.5584932E-01 -0.1009725E-06

        90      0  0.0000000E+00  0.0000000E+00  0.0000000E+00  0.0000000E+00  0.0000000E+00  0.0000000E+00
        90      1  0.0000000E+00  0.0000000E+00  0.0000000E+00  0.0000000E+00  0.0000000E+00  0.0000000E+00
        90      2 -0.8352597E-03  0.4607935E-03  0.0000000E+00  0.0000000E+00 -0.2259651E-02 -0.4174295E-08
        90      3 -0.1646538E-02  0.9285763E-03  0.0000000E+00  0.0000000E+00 -0.9037491E-02 -0.1668750E-07
        90      4 -0.3650203E-02  0.2420005E-02  0.0000000E+00  0.0000000E+00 -0.5644117E-01 -0.1039493E-06

        91      0  0.0000000E+00  0.0000000E+00  0.0000000E+00  0.0000000E+00  0.0000000E+00  0.0000000E+00
        91      1  0.0000000E+00  0.0000000E+00  0.0000000E+00  0.0000000E+00  0.0000000E+00  0.0000000E+00
        91      2  0.1104316E-02 -0.1570827E-03  0.0000000E+00  0.0000000E+00 -0.2284856E-02 -0.4209441E-08
        91      3  0.2214566E-02 -0.3305396E-03  0.0000000E+00  0.0000000E+00 -0.9135575E-02 -0.1683753E-07
        91      4  0.5582719E-02 -0.1106154E-02  0.0000000E+00  0.0000000E+00 -0.5704623E-01 -0.1053325E-06

        92      0  0.0000000E+00  0.0000000E+00  0.0000000E+00  0.0000000E+00  0.0000000E+00  0.0000000E+00
        92      1  0.0000000E+00  0.0000000E+00  0.0000000E+00  0.0000000E+00  0.0000000E+00  0.0000000E+00
        92      2 -0.6070828E-03 -0.2556463E-03  0.0000000E+00  0.0000000E+00 -0.2310455E-02 -0.4181795E-08
        92      3 -0.1247726E-02 -0.4966343E-03  0.0000000E+00  0.0000000E+00 -0.9234163E-02 -0.1672385E-07
        92      4 -0.3667241E-02 -0.9695123E-03  0.0000000E+00  0.0000000E+00 -0.5764463E-01 -0.1045605E-06

        93      0  0.0000000E+00  0.0000000E+00  0.0000000E+00  0.0000000E+00  0.0000000E+00  0.0000000E+00
        93      1  0.0000000E+00  0.0000000E+00  0.0000000E+00  0.0000000E+00  0.0000000E+00  0.0000000E+00
        93      2 -0.3138706E-03  0.4909152E-03  0.0000000E+00  0.0000000E+00 -0.2331068E-02 -0.4259957E-08
        93      3 -0.5936046E-03  0.9793136E-03  0.0000000E+00  0.0000000E+00 -0.9324126E-02 -0.1702654E-07
        93      4 -0.8308473E-03  0.2374118E-02  0.0000000E+00  0.0000000E+00 -0.5823375E-01 -0.1059963E-06

        94      0  0.0000000E+00  0.0000000E+00  0.0000000E+00  0.0000000E+00  0.0000000E+00  0.0000000E+00
        94      1  0.0000000E+00  0.0000000E+00  0.0000000E+00  0.0000000E+00  0.0000000E+00  0.0000000E+00
        94      2  0.1013783E-02 -0.3846590E-03  0.0000000E+00  0.0000000E+00 -0.2358337E-02 -0.4369720E-08
        94      3  0.2010514E-02 -0.7797825E-03  0.0000000E+00  0.0000000E+00 -0.9427048E-02 -0.1747090E-07
        94      4  0.4675076E-02 -0.2122147E-02  0.0000000E+00  0.0000000E+00 -0.5885641E-01 -0.1089662E-06

        95      0  0.0000000E+00  0.0000000E+00  0.0000000E+00  0.0000000E+00  0.0000000E+00  0.0000000E+00
        95      1  0.0000000E+00  0.0000000E+00  0.0000000E+00  0.0000000E+00  0.0000000E+00  0.0000000E+00
        95      2 -0.1010933E-02  0.1172981E-04  0.0000000E+00  0.0000000E+00 -0.2381613E-02 -0.4364610E-08
        95      3 -0.2036981E-02  0.4080132E-04  0.0000000E+00  0.0000000E+00 -0.9520623E-02 -0.1745934E-07
        95      4 -0.5323272E-02  0.4146251E-03  0.0000000E+00  0.0000000E+00 -0.5944252E-01 -0.1093180E-06

        96      0  0.0000000E+00  0.0000000E+00  0.0000000E+00  0.0000000E+00  0.0000000E+00  0.0000000E+00
        96      1  0.0000000E+00  0.0000000E+00  0.0000000E+00  0.0000000E+00  0.0000000E+00  0.0000000E+00
        96      2  0.3052098E-03  0.3692953E-03  0.0000000E+00  0.0000000E+00 -0.2402837E-02 -0.4361816E-08
        96      3  0.6462332E-03  0.7263089E-03  0.0000000E+00  0.0000000E+00 -0.9611001E-02 -0.1744022E-07
        96      4  0.2271024E-02  0.1579498E-02  0.0000000E+00  0.0000000E+00 -0.6002682E-01 -0.1088852E-06

        97      0  0.0000000E+00  0.0000000E+00  0.0000000E+00  0.0000000E+00  0.0000000E+00  0.0000000E+00
        97      1  0.0000000E+00  0.0000000E+00  0.0000000E+00  0.0000000E+00  0.0000000E+00  0.0000000E+00
        97      2  0.6096691E-03 -0.4936030E-03  0.0000000E+00  0.0000000E+00 -0.2431053E-02 -0.4473391E-08
        97      3  0.1182068E-02 -0.9882535E-03  0.0000000E+00  0.0000000E+00 -0.9716138E-02 -0.1788069E-07
        97      4  0.2291029E-02 -0.2476425E-02  0.0000000E+00  0.0000000E+00 -0.6065463E-01 -0.1113171E-06

        98      0  0.0000000E+00  0.0000000E+00  0.0000000E+00  0.0000000E+00  0.0000000E+00  0.0000000E+00
        98      1  0.0000000E+00  0.0000000E+00  0.0000000E+00  0.0000000E+00  0.0000000E+00  0.0000000E+00
        98      2 -0.1103787E-02  0.2758065E-03  0.0000000E+00  0.0000000E+00 -0.2452553E-02 -0.4548950E-08
        98      3 -0.2200445E-02  0.5668948E-03  0.0000000E+00  0.0000000E+00 -0.9806724E-02 -0.1819393E-07
        98      4 -0.5339422E-02  0.1675983E-02  0.0000000E+00  0.0000000E+00 -0.6123923E-01 -0.1137055E-06

        99      0  0.0000000E+00  0.0000000E+00  0.0000000E+00  0.0000000E+00  0.0000000E+00  0.0000000E+00
        99      1  0.0000000E+00  0.0000000E+00  0.0000000E+00  0.0000000E+00  0.0000000E+00  0.0000000E+00
        99      2  0.8306759E-03  0.1337589E-03  0.0000000E+00  0.0000000E+00 -0.2475244E-02 -0.4520571E-08
        99      3  0.1688439E-02  0.2489824E-03  0.0000000E+00  0.0000000E+00 -0.9899255E-02 -0.1808334E-07
        99      4  0.4668958E-02  0.2932650E-03  0.0000000E+00  0.0000000E+00 -0.6182476E-01 -0.1132093E-06

       100      0  0.0000000E+00  0.0000000E+00  0.0000000E+00  0.0000000E+00  0.0000000E+00  0.0000000E+00
       100      1  0.0000000E+00  0.0000000E+00  0.0000000E+00  0.0000000E+00  0.0000000E+00  0.0000000E+00
       100      2  0.1782763E-04 -0.4504741E-03  0.0000000E+00  0.0000000E+00 -0.2502739E-02 -0.4558960E-08
       100      3 -0.1006930E-04 -0.8921861E-03  0.0000000E+00  0.0000000E+00 -0.1000226E-01 -0.1822518E-07
       100      4 -0.7950900E-03 -0.2060712E-02  0.0000000E+00  0.0000000E+00 -0.6243856E-01 -0.1135949E-06
