# number of rays:       5
# iteration   ray    X              A              Y              B              T              D
         0      0  0.0000000E+00  0.0000000E+00  0.0000000E+00  0.0000000E+00  0.0000000E+00  0.0000000E+00
         0      1  0.0000000E+00  0.0000000E+00  0.0000000E+00  0.0000000E+00  0.0000000E+00  0.0000000E+00
         0      2  0.1000000E-02  0.0000000E+00  0.0000000E+00  0.0000000E+00  0.0000000E+00  0.0000000E+00
         0      3  0.2000000E-02  0.0000000E+00  0.0000000E+00  0.0000000E+00  0.0000000E+00  0.0000000E+00
         0      4  0.5000000E-02  0.0000000E+00  0.0000000E+00  0.0000000E+00  0.0000000E+00  0.0000000E+00

         1      0  0.0000000E+00  0.0000000E+00  0.0000000E+00  0.0000000E+00  0.0000000E+00  0.0000000E+00
         1      1  0.0000000E+00  0.0000000E+00  0.0000000E+00  0.0000000E+00  0.0000000E+00  0.0000000E+00
         1      2 -0.2718837E-03 -0.3799721E-03  0.0000000E+00  0.0000000E+00 -0.9363792E-05 -0.6889376E-13
         1      3 -0.5276896E-03 -0.7648598E-03  0.0000000E+00  0.0000000E+00 -0.3174587E-04 -0.5458395E-12
         1      4 -0.1224834E-02 -0.1941395E-02  0.0000000E+00  0.0000000E+00 -0.1753424E-03 -0.8061563E-11

         2      0  0.0000000E+00  0.0000000E+00  0.0000000E+00  0.0000000E+00  0.0000000E+00  0.0000000E+00
         2      1  0.0000000E+00  0.0000000E+00  0.0000000E+00  0.0000000E+00  0.0000000E+00  0.0000000E+00
         2      2 -0.6351291E-03  0.4927068E-03  0.0000000E+00  0.0000000E+00 -0.1060665E-04 -0.2138501E-10
         2      3 -0.1270432E-02  0.9861688E-03  0.0000000E+00  0.0000000E+00 -0.4410785E-04 -0.8455354E-10
         2      4 -0.3128106E-02  0.2475091E-02  0.0000000E+00  0.0000000E+00 -0.2753054E-03 -0.5053421E-09

         3      0  0.0000000E+00  0.0000000E+00  0.0000000E+00  0.0000000E+00  0.0000000E+00  0.0000000E+00
         3      1  0.0000000E+00  0.0000000E+00  0.0000000E+00  0.0000000E+00  0.0000000E+00  0.0000000E+00
         3      2  0.1111459E-02 -0.2624196E-03  0.0000000E+00  0.0000000E+00 -0.1999938E-04 -0.4212199E-10
         3      3  0.2230166E-02 -0.5206178E-03  0.0000000E+00  0.0000000E+00 -0.7713948E-04 -0.1664745E-09
         3      4  0.5623274E-02 -0.1303262E-02  0.0000000E+00  0.0000000E+00 -0.4631278E-03 -0.1005641E-08

         4      0  0.0000000E+00  0.0000000E+00  0.0000000E+00  0.0000000E+00  0.0000000E+00  0.0000000E+00
         4      1  0.0000000E+00  0.0000000E+00  0.0000000E+00  0.0000000E+00  0.0000000E+00  0.0000000E+00
         4      2 -0.8003723E-03 -0.1514597E-03  0.0000000E+00  0.0000000E+00 -0.2889454E-04 -0.4154507E-10
         4      3 -0.1581633E-02 -0.3113048E-03  0.0000000E+00  0.0000000E+00 -0.1106476E-03 -0.1636022E-09
         4      4 -0.3892477E-02 -0.7903896E-03  0.0000000E+00  0.0000000E+00 -0.6620737E-03 -0.9835230E-09

         5      0  0.0000000E+00  0.0000000E+00  0.0000000E+00  0.0000000E+00  0.0000000E+00  0.0000000E+00
         5      1  0.0000000E+00  0.0000000E+00  0.0000000E+00  0.0000000E+00  0.0000000E+00  0.0000000E+00
         5      2 -0.5208727E-04  0.4548553E-03  0.0000000E+00  0.0000000E+00 -0.3108307E-04 -0.4802587E-10
         5      3 -0.1055451E-03  0.9064126E-03  0.0000000E+00  0.0000000E+00 -0.1259768E-03 -0.1890164E-09
         5      4 -0.1314453E-03  0.2216244E-02  0.0000000E+00  0.0000000E+00 -0.7793456E-03 -0.1118841E-08

         6      0  0.0000000E+00  0.0000000E+00  0.0000000E+00  0.0000000E+00  0.0000000E+00  0.0000000E+00
         6      1  0.0000000E+00  0.0000000E+00  0.0000000E+00  0.0000000E+00  0.0000000E+00  0.0000000E+00
         6      2  0.8767709E-03 -0.4441925E-03  0.0000000E+00  0.0000000E+00 -0.4021912E-04 -0.7393860E-10
         6      3  0.1752892E-02 -0.8803399E-03  0.0000000E+00  0.0000000E+00 -0.1553673E-03 -0.2925872E-09
         6      4  0.4271125E-02 -0.2175742E-02  0.0000000E+00  0.0000000E+00 -0.9352135E-03 -0.1761791E-08

         7      0  0.0000000E+00  0.0000000E+00  0.0000000E+00  0.0000000E+00  0.0000000E+00  0.0000000E+00
         7      1  0.0000000E+00  0.0000000E+00  0.0000000E+00  0.0000000E+00  0.0000000E+00  0.0000000E+00
         7      2 -0.1081093E-02  0.1265274E-03  0.0000000E+00  0.0000000E+00 -0.4682135E-04 -0.8700593E-10
         7      3 -0.2140076E-02  0.2500307E-03  0.0000000E+00  0.0000000E+00 -0.1838857E-03 -0.3446825E-09
         7      4 -0.5234403E-02  0.6913214E-03  0.0000000E+00  0.0000000E+00 -0.1115326E-02 -0.2107676E-08

         8      0  0.0000000E+00  0.0000000E+00  0.0000000E+00  0.0000000E+00  0.0000000E+00  0.0000000E+00
         8      1  0.0000000E+00  0.0000000E+00  0.0000000E+00  0.0000000E+00  0.0000000E+00  0.0000000E+00
         8      2  0.5515647E-03  0.2755607E-03  0.0000000E+00  0.0000000E+00 -0.5209027E-04 -0.8474501E-10
         8      3  0.1110195E-02  0.5401150E-03  0.0000000E+00  0.0000000E+00 -0.2086817E-03 -0.3361092E-09
         8      4  0.3016699E-02  0.1190732E-02  0.0000000E+00  0.0000000E+00 -0.1283828E-02 -0.2062279E-08

         9      0  0.0000000E+00  0.0000000E+00  0.0000000E+00  0.0000000E+00  0.0000000E+00  0.0000000E+00
         9      1  0.0000000E+00  0.0000000E+00  0.0000000E+00  0.0000000E+00  0.0000000E+00  0.0000000E+00
         9      2  0.3720560E-03 -0.4912602E-03  0.0000000E+00  0.0000000E+00 -0.6107078E-04 -0.9981627E-10
         9      3  0.7325413E-03 -0.9755698E-03  0.0000000E+00  0.0000000E+00 -0.2369946E-03 -0.3963892E-09
         9      4  0.1524279E-02 -0.2383770E-02  0.0000000E+00  0.0000000E+00 -0.1433909E-02 -0.2409919E-08

        10      0  0.0000000E+00  0.0000000E+00  0.0000000E+00  0.0000000E+00  0.0000000E+00  0.0000000E+00
        10      1  0.0000000E+00  0.0000000E+00  0.0000000E+00  0.0000000E+00  0.0000000E+00  0.0000000E+00
        10      2 -0.1029083E-02  0.3662463E-03  0.0000000E+00  0.0000000E+00 -0.6434951E-04 -0.1249551E-09
        10      3 -0.2035342E-02  0.7364706E-03  0.0000000E+00  0.0000000E+00 -0.2556801E-03 -0.4961147E-09
        10      4 -0.4833041E-02  0.1952184E-02  0.0000000E+00  0.0000000E+00 -0.1562437E-02 -0.3024625E-08

        11      0  0.0000000E+00  0.0000000E+00  0.0000000E+00  0.0000000E+00  0.0000000E+00  0.0000000E+00
        11      1  0.0000000E+00  0.0000000E+00  0.0000000E+00  0.0000000E+00  0.0000000E+00  0.0000000E+00
        11      2  0.9863959E-03  0.1303437E-04  0.0000000E+00  0.0000000E+00 -0.7252578E-04 -0.1299265E-09
        11      3  0.1986329E-02  0.1287205E-04  0.0000000E+00  0.0000000E+00 -0.2880174E-03 -0.5165397E-09
        11      4  0.5196228E-02 -0.1847826E-03  0.0000000E+00  0.0000000E+00 -0.1760665E-02 -0.3190560E-08

        12      0  0.0000000E+00  0.0000000E+00  0.0000000E+00  0.0000000E+00  0.0000000E+00  0.0000000E+00
        12      1  0.0000000E+00  0.0000000E+00  0.0000000E+00  0.0000000E+00  0.0000000E+00  0.0000000E+00
        12      2 -0.2434700E-03 -0.3881889E-03  0.0000000E+00  0.0000000E+00 -0.8181251E-04 -0.1304499E-09
        12      3 -0.4995941E-03 -0.7728889E-03  0.0000000E+00  0.0000000E+00 -0.3194106E-03 -0.5180069E-09
        12      4 -0.1626643E-02 -0.1824256E-02  0.0000000E+00  0.0000000E+00 -0.1938826E-02 -0.3165667E-08

        13      0  0.0000000E+00  0.0000000E+00  0.0000000E+00  0.0000000E+00  0.0000000E+00  0.0000000E+00
        13      1  0.0000000E+00  0.0000000E+00  0.0000000E+00  0.0000000E+00  0.0000000E+00  0.0000000E+00
        13      2 -0.6588004E-03  0.4905652E-03  0.0000000E+00  0.0000000E+00 -0.8301884E-04 -0.1523072E-09
        13      3 -0.1293852E-02  0.9841167E-03  0.0000000E+00  0.0000000E+00 -0.3315558E-03 -0.6030955E-09
        13      4 -0.2779278E-02  0.2494181E-02  0.0000000E+00  0.0000000E+00 -0.2036129E-02 -0.3620699E-08

        14      0  0.0000000E+00  0.0000000E+00  0.0000000E+00  0.0000000E+00  0.0000000E+00  0.0000000E+00
        14      1  0.0000000E+00  0.0000000E+00  0.0000000E+00  0.0000000E+00  0.0000000E+00  0.0000000E+00
        14      2  0.1114136E-02 -0.2513572E-03  0.0000000E+00  0.0000000E+00 -0.9233448E-04 -0.1724376E-09
        14      3  0.2233044E-02 -0.5098097E-03  0.0000000E+00  0.0000000E+00 -0.3643839E-03 -0.6838100E-09
        14      4  0.5552440E-02 -0.1449714E-02  0.0000000E+00  0.0000000E+00 -0.2218310E-02 -0.4163102E-08

        15      0  0.0000000E+00  0.0000000E+00  0.0000000E+00  0.0000000E+00  0.0000000E+00  0.0000000E+00
        15      1  0.0000000E+00  0.0000000E+00  0.0000000E+00  0.0000000E+00  0.0000000E+00  0.0000000E+00
        15      2 -0.7800852E-03 -0.1639454E-03  0.0000000E+00  0.0000000E+00 -0.1012224E-03 -0.1714949E-09
        15      3 -0.1561737E-02 -0.3237488E-03  0.0000000E+00  0.0000000E+00 -0.3976515E-03 -0.6801938E-09
        15      4 -0.4159677E-02 -0.6025968E-03  0.0000000E+00  0.0000000E+00 -0.2416058E-02 -0.4174463E-08

        16      0  0.0000000E+00  0.0000000E+00  0.0000000E+00  0.0000000E+00  0.0000000E+00  0.0000000E+00
        16      1  0.0000000E+00  0.0000000E+00  0.0000000E+00  0.0000000E+00  0.0000000E+00  0.0000000E+00
        16      2 -0.8145193E-04  0.4600985E-03  0.0000000E+00  0.0000000E+00 -0.1032364E-03 -0.1786714E-09
        16      3 -0.1347910E-03  0.9118674E-03  0.0000000E+00  0.0000000E+00 -0.4125440E-03 -0.7069547E-09
        16      4  0.3001090E-03  0.2117337E-02  0.0000000E+00  0.0000000E+00 -0.2537746E-02 -0.4266995E-08

        17      0  0.0000000E+00  0.0000000E+00  0.0000000E+00  0.0000000E+00  0.0000000E+00  0.0000000E+00
        17      1  0.0000000E+00  0.0000000E+00  0.0000000E+00  0.0000000E+00  0.0000000E+00  0.0000000E+00
        17      2  0.8948081E-03 -0.4383820E-03  0.0000000E+00  0.0000000E+00 -0.1123245E-03 -0.2047280E-09
        17      3  0.1771217E-02 -0.8746923E-03  0.0000000E+00  0.0000000E+00 -0.4417458E-03 -0.8108120E-09
        17      4  0.3968744E-02 -0.2244884E-02  0.0000000E+00  0.0000000E+00 -0.2689002E-02 -0.4893508E-08

        18      0  0.0000000E+00  0.0000000E+00  0.0000000E+00  0.0000000E+00  0.0000000E+00  0.0000000E+00
        18      1  0.0000000E+00  0.0000000E+00  0.0000000E+00  0.0000000E+00  0.0000000E+00  0.0000000E+00
        18      2 -0.1075056E-02  0.1136413E-03  0.0000000E+00  0.0000000E+00 -0.1190045E-03 -0.2170381E-09
        18      3 -0.2134320E-02  0.2370868E-03  0.0000000E+00  0.0000000E+00 -0.4701941E-03 -0.8614013E-09
        18      4 -0.5284710E-02  0.8829971E-03  0.0000000E+00  0.0000000E+00 -0.2861724E-02 -0.5292719E-08

        19      0  0.0000000E+00  0.0000000E+00  0.0000000E+00  0.0000000E+00  0.0000000E+00  0.0000000E+00
        19      1  0.0000000E+00  0.0000000E+00  0.0000000E+00  0.0000000E+00  0.0000000E+00  0.0000000E+00
        19      2  0.5256279E-03  0.2864213E-03  0.0000000E+00  0.0000000E+00 -0.1240466E-03 -0.2148415E-09
        19      3  0.1084330E-02  0.5510797E-03  0.0000000E+00  0.0000000E+00 -0.4944933E-03 -0.8529224E-09
        19      4  0.3383513E-02  0.1018723E-02  0.0000000E+00  0.0000000E+00 -0.3034909E-02 -0.5253155E-08

        20      0  0.0000000E+00  0.0000000E+00  0.0000000E+00  0.0000000E+00  0.0000000E+00  0.0000000E+00
        20      1  0.0000000E+00  0.0000000E+00  0.0000000E+00  0.0000000E+00  0.0000000E+00  0.0000000E+00
        20      2  0.3996785E-03 -0.4924563E-03  0.0000000E+00  0.0000000E+00 -0.1329527E-03 -0.2306528E-09
        20      3  0.7601767E-03 -0.9767640E-03  0.0000000E+00  0.0000000E+00 -0.5225093E-03 -0.9146892E-09
        20      4  0.1108192E-02 -0.2354327E-02  0.0000000E+00  0.0000000E+00 -0.3185772E-02 -0.5543438E-08

        21      0  0.0000000E+00  0.0000000E+00  0.0000000E+00  0.0000000E+00  0.0000000E+00  0.0000000E+00
        21      1  0.0000000E+00  0.0000000E+00  0.0000000E+00  0.0000000E+00  0.0000000E+00  0.0000000E+00
        21      2 -0.1039152E-02  0.3570815E-03  0.0000000E+00  0.0000000E+00 -0.1363116E-03 -0.2555176E-09
        21      3 -0.2045511E-02  0.7273434E-03  0.0000000E+00  0.0000000E+00 -0.5411567E-03 -0.1013924E-08
        21      4 -0.4648196E-02  0.2073302E-02  0.0000000E+00  0.0000000E+00 -0.3306184E-02 -0.6162090E-08

        22      0  0.0000000E+00  0.0000000E+00  0.0000000E+00  0.0000000E+00  0.0000000E+00  0.0000000E+00
        22      1  0.0000000E+00  0.0000000E+00  0.0000000E+00  0.0000000E+00  0.0000000E+00  0.0000000E+00
        22      2  0.9720962E-03  0.2606513E-04  0.0000000E+00  0.0000000E+00 -0.1443188E-03 -0.2598462E-09
        22      3  0.1972306E-02  0.2574723E-04  0.0000000E+00  0.0000000E+00 -0.5731296E-03 -0.1033071E-08
        22      4  0.5359467E-02 -0.3674718E-03  0.0000000E+00  0.0000000E+00 -0.3503206E-02 -0.6377910E-08

        23      0  0.0000000E+00  0.0000000E+00  0.0000000E+00  0.0000000E+00  0.0000000E+00  0.0000000E+00
        23      1  0.0000000E+00  0.0000000E+00  0.0000000E+00  0.0000000E+00  0.0000000E+00  0.0000000E+00
        23      2 -0.2148773E-03 -0.3961311E-03  0.0000000E+00  0.0000000E+00 -0.1535276E-03 -0.2608564E-09
        23      3 -0.4714035E-03 -0.7807805E-03  0.0000000E+00  0.0000000E+00 -0.6041722E-03 -0.1035492E-08
        23      4 -0.2017334E-02 -0.1695077E-02  0.0000000E+00  0.0000000E+00 -0.3684042E-02 -0.6328166E-08

        24      0  0.0000000E+00  0.0000000E+00  0.0000000E+00  0.0000000E+00  0.0000000E+00  0.0000000E+00
        24      1  0.0000000E+00  0.0000000E+00  0.0000000E+00  0.0000000E+00  0.0000000E+00  0.0000000E+00
        24      2 -0.6820027E-03  0.4880726E-03  0.0000000E+00  0.0000000E+00 -0.1547049E-03 -0.2832270E-09
        24      3 -0.1317038E-02  0.9818858E-03  0.0000000E+00  0.0000000E+00 -0.6161088E-03 -0.1121636E-08
        24      4 -0.2411948E-02  0.2496594E-02  0.0000000E+00  0.0000000E+00 -0.3779788E-02 -0.6737102E-08

        25      0  0.0000000E+00  0.0000000E+00  0.0000000E+00  0.0000000E+00  0.0000000E+00  0.0000000E+00
        25      1  0.0000000E+00  0.0000000E+00  0.0000000E+00  0.0000000E+00  0.0000000E+00  0.0000000E+00
        25      2  0.1116027E-02 -0.2401197E-03  0.0000000E+00  0.0000000E+00 -0.1639409E-03 -0.3027283E-09
        25      3  0.2235526E-02 -0.4989139E-03  0.0000000E+00  0.0000000E+00 -0.6487335E-03 -0.1201121E-08
        25      4  0.5446502E-02 -0.1587740E-02  0.0000000E+00  0.0000000E+00 -0.3956058E-02 -0.7315948E-08

        26      0  0.0000000E+00  0.0000000E+00  0.0000000E+00  0.0000000E+00  0.0000000E+00  0.0000000E+00
        26      1  0.0000000E+00  0.0000000E+00  0.0000000E+00  0.0000000E+00  0.0000000E+00  0.0000000E+00
        26      2 -0.7592516E-03 -0.1763097E-03  0.0000000E+00  0.0000000E+00 -0.1728178E-03 -0.3014560E-09
        26      3 -0.1541569E-02 -0.3361299E-03  0.0000000E+00  0.0000000E+00 -0.6817593E-03 -0.1196797E-08
        26      4 -0.4401632E-02 -0.4099511E-03  0.0000000E+00  0.0000000E+00 -0.4151753E-02 -0.7367754E-08

        27      0  0.0000000E+00  0.0000000E+00  0.0000000E+00  0.0000000E+00  0.0000000E+00  0.0000000E+00
        27      1  0.0000000E+00  0.0000000E+00  0.0000000E+00  0.0000000E+00  0.0000000E+00  0.0000000E+00
        27      2 -0.1107485E-03  0.4650175E-03  0.0000000E+00  0.0000000E+00 -0.1746632E-03 -0.3093411E-09
        27      3 -0.1640027E-03  0.9171614E-03  0.0000000E+00  0.0000000E+00 -0.6962217E-03 -0.1224919E-08
        27      4  0.7318733E-03  0.2005490E-02  0.0000000E+00  0.0000000E+00 -0.4278388E-02 -0.7421992E-08

        28      0  0.0000000E+00  0.0000000E+00  0.0000000E+00  0.0000000E+00  0.0000000E+00  0.0000000E+00
        28      1  0.0000000E+00  0.0000000E+00  0.0000000E+00  0.0000000E+00  0.0000000E+00  0.0000000E+00
        28      2  0.9122214E-03 -0.4322713E-03  0.0000000E+00  0.0000000E+00 -0.1837044E-03 -0.3355019E-09
        28      3  0.1789236E-02 -0.8688990E-03  0.0000000E+00  0.0000000E+00 -0.7252392E-03 -0.1329023E-08
        28      4  0.3643628E-02 -0.2301900E-02  0.0000000E+00  0.0000000E+00 -0.4425661E-02 -0.8023780E-08

        29      0  0.0000000E+00  0.0000000E+00  0.0000000E+00  0.0000000E+00  0.0000000E+00  0.0000000E+00
        29      1  0.0000000E+00  0.0000000E+00  0.0000000E+00  0.0000000E+00  0.0000000E+00  0.0000000E+00
        29      2 -0.1068271E-02  0.1006782E-03  0.0000000E+00  0.0000000E+00 -0.1904600E-03 -0.3470530E-09
        29      3 -0.2128195E-02  0.2241039E-03  0.0000000E+00  0.0000000E+00 -0.7536169E-03 -0.1378103E-08
        29      4 -0.5303537E-02  0.1069394E-02  0.0000000E+00  0.0000000E+00 -0.4590470E-02 -0.8472884E-08

        30      0  0.0000000E+00  0.0000000E+00  0.0000000E+00  0.0000000E+00  0.0000000E+00  0.0000000E+00
        30      1  0.0000000E+00  0.0000000E+00  0.0000000E+00  0.0000000E+00  0.0000000E+00  0.0000000E+00
        30      2  0.4993279E-03  0.2970863E-03  0.0000000E+00  0.0000000E+00 -0.1952756E-03 -0.3449597E-09
        30      3  0.1058282E-02  0.5619534E-03  0.0000000E+00  0.0000000E+00 -0.7774208E-03 -0.1369756E-08
        30      4  0.3730564E-02  0.8416853E-03  0.0000000E+00  0.0000000E+00 -0.4767805E-02 -0.8446617E-08

        31      0  0.0000000E+00  0.0000000E+00  0.0000000E+00  0.0000000E+00  0.0000000E+00  0.0000000E+00
        31      1  0.0000000E+00  0.0000000E+00  0.0000000E+00  0.0000000E+00  0.0000000E+00  0.0000000E+00
        31      2  0.4270317E-03 -0.4933127E-03  0.0000000E+00  0.0000000E+00 -0.2041095E-03 -0.3614996E-09
        31      3  0.7876903E-03 -0.9777928E-03  0.0000000E+00  0.0000000E+00 -0.8051454E-03 -0.1432999E-08
        31      4  0.6874958E-03 -0.2311141E-02  0.0000000E+00  0.0000000E+00 -0.4920075E-02 -0.8679390E-08

        32      0  0.0000000E+00  0.0000000E+00  0.0000000E+00  0.0000000E+00  0.0000000E+00  0.0000000E+00
        32      1  0.0000000E+00  0.0000000E+00  0.0000000E+00  0.0000000E+00  0.0000000E+00  0.0000000E+00
        32      2 -0.1048494E-02  0.3476618E-03  0.0000000E+00  0.0000000E+00 -0.2075518E-03 -0.3860535E-09
        32      3 -0.2055325E-02  0.7180845E-03  0.0000000E+00  0.0000000E+00 -0.8237590E-03 -0.1531707E-08
        32      4 -0.4434616E-02  0.2180534E-02  0.0000000E+00  0.0000000E+00 -0.5032914E-02 -0.9293546E-08

        33      0  0.0000000E+00  0.0000000E+00  0.0000000E+00  0.0000000E+00  0.0000000E+00  0.0000000E+00
        33      1  0.0000000E+00  0.0000000E+00  0.0000000E+00  0.0000000E+00  0.0000000E+00  0.0000000E+00
        33      2  0.9571112E-03  0.3908334E-04  0.0000000E+00  0.0000000E+00 -0.2153863E-03 -0.3897606E-09
        33      3  0.1957935E-02  0.3862340E-04  0.0000000E+00  0.0000000E+00 -0.8553659E-03 -0.1549595E-08
        33      4  0.5488488E-02 -0.5470819E-03  0.0000000E+00  0.0000000E+00 -0.5227878E-02 -0.9561468E-08

        34      0  0.0000000E+00  0.0000000E+00  0.0000000E+00  0.0000000E+00  0.0000000E+00  0.0000000E+00
        34      1  0.0000000E+00  0.0000000E+00  0.0000000E+00  0.0000000E+00  0.0000000E+00  0.0000000E+00
        34      2 -0.1861251E-03 -0.4037936E-03  0.0000000E+00  0.0000000E+00 -0.2245164E-03 -0.3912882E-09
        34      3 -0.4431226E-03 -0.7885333E-03  0.0000000E+00  0.0000000E+00 -0.8860599E-03 -0.1553002E-08
        34      4 -0.2394698E-02 -0.1554497E-02  0.0000000E+00  0.0000000E+00 -0.5411114E-02 -0.9495644E-08

        35      0  0.0000000E+00  0.0000000E+00  0.0000000E+00  0.0000000E+00  0.0000000E+00  0.0000000E+00
        35      1  0.0000000E+00  0.0000000E+00  0.0000000E+00  0.0000000E+00  0.0000000E+00  0.0000000E+00
        35      2 -0.7047200E-03  0.4852309E-03  0.0000000E+00  0.0000000E+00 -0.2256721E-03 -0.4141428E-09
        35      3 -0.1339988E-02  0.9794765E-03  0.0000000E+00  0.0000000E+00 -0.8977960E-03 -0.1640173E-08
        35      4 -0.2028235E-02  0.2482422E-02  0.0000000E+00  0.0000000E+00 -0.5506401E-02 -0.9855775E-08

        36      0  0.0000000E+00  0.0000000E+00  0.0000000E+00  0.0000000E+00  0.0000000E+00  0.0000000E+00
        36      1  0.0000000E+00  0.0000000E+00  0.0000000E+00  0.0000000E+00  0.0000000E+00  0.0000000E+00
        36      2  0.1117130E-02 -0.2287148E-03  0.0000000E+00  0.0000000E+00 -0.2348258E-03 -0.4329943E-09
        36      3  0.2237612E-02 -0.4879320E-03  0.0000000E+00  0.0000000E+00 -0.9302176E-03 -0.1718409E-08
        36      4  0.5306419E-02 -0.1716714E-02  0.0000000E+00  0.0000000E+00 -0.5676621E-02 -0.1046445E-07

        37      0  0.0000000E+00  0.0000000E+00  0.0000000E+00  0.0000000E+00  0.0000000E+00  0.0000000E+00
        37      1  0.0000000E+00  0.0000000E+00  0.0000000E+00  0.0000000E+00  0.0000000E+00  0.0000000E+00
        37      2 -0.7378858E-03 -0.1885439E-03  0.0000000E+00  0.0000000E+00 -0.2436880E-03 -0.4314295E-09
        37      3 -0.1521132E-02 -0.3484461E-03  0.0000000E+00  0.0000000E+00 -0.9630002E-03 -0.1713413E-08
        37      4 -0.4617028E-02 -0.2137194E-03  0.0000000E+00  0.0000000E+00 -0.5869388E-02 -0.1056253E-07

        38      0  0.0000000E+00  0.0000000E+00  0.0000000E+00  0.0000000E+00  0.0000000E+00  0.0000000E+00
        38      1  0.0000000E+00  0.0000000E+00  0.0000000E+00  0.0000000E+00  0.0000000E+00  0.0000000E+00
        38      2 -0.1399563E-03  0.4696085E-03  0.0000000E+00  0.0000000E+00 -0.2453710E-03 -0.4400344E-09
        38      3 -0.1931750E-03  0.9222936E-03  0.0000000E+00  0.0000000E+00 -0.9770390E-03 -0.1742908E-08
        38      4  0.1161185E-02  0.1881610E-02  0.0000000E+00  0.0000000E+00 -0.6001357E-02 -0.1058379E-07

        39      0  0.0000000E+00  0.0000000E+00  0.0000000E+00  0.0000000E+00  0.0000000E+00  0.0000000E+00
        39      1  0.0000000E+00  0.0000000E+00  0.0000000E+00  0.0000000E+00  0.0000000E+00  0.0000000E+00
        39      2  0.9289979E-03 -0.4258646E-03  0.0000000E+00  0.0000000E+00 -0.2543660E-03 -0.4662594E-09
        39      3  0.1806946E-02 -0.8629611E-03  0.0000000E+00  0.0000000E+00 -0.1005876E-02 -0.1847220E-08
        39      4  0.3298025E-02 -0.2346453E-02  0.0000000E+00  0.0000000E+00 -0.6145346E-02 -0.1115311E-07

        40      0  0.0000000E+00  0.0000000E+00  0.0000000E+00  0.0000000E+00  0.0000000E+00  0.0000000E+00
        40      1  0.0000000E+00  0.0000000E+00  0.0000000E+00  0.0000000E+00  0.0000000E+00  0.0000000E+00
        40      2 -0.1060743E-02  0.8764751E-04  0.0000000E+00  0.0000000E+00 -0.2611950E-03 -0.4770518E-09
        40      3 -0.2121705E-02  0.2110844E-03  0.0000000E+00  0.0000000E+00 -0.1034183E-02 -0.1894788E-08
        40      4 -0.5290711E-02  0.1249192E-02  0.0000000E+00  0.0000000E+00 -0.6301834E-02 -0.1164742E-07

        41      0  0.0000000E+00  0.0000000E+00  0.0000000E+00  0.0000000E+00  0.0000000E+00  0.0000000E+00
        41      1  0.0000000E+00  0.0000000E+00  0.0000000E+00  0.0000000E+00  0.0000000E+00  0.0000000E+00
        41      2  0.4726837E-03  0.3075481E-03  0.0000000E+00  0.0000000E+00 -0.2657848E-03 -0.4751003E-09
        41      3  0.1032053E-02  0.5727341E-03  0.0000000E+00  0.0000000E+00 -0.1057493E-02 -0.1886611E-08
        41      4  0.4055417E-02  0.6607426E-03  0.0000000E+00  0.0000000E+00 -0.6482684E-02 -0.1164169E-07

        42      0  0.0000000E+00  0.0000000E+00  0.0000000E+00  0.0000000E+00  0.0000000E+00  0.0000000E+00
        42      1  0.0000000E+00  0.0000000E+00  0.0000000E+00  0.0000000E+00  0.0000000E+00  0.0000000E+00
        42      2  0.4540962E-03 -0.4938288E-03  0.0000000E+00  0.0000000E+00 -0.2745486E-03 -0.4923557E-09
        42      3  0.8150771E-03 -0.9786562E-03  0.0000000E+00  0.0000000E+00 -0.1084932E-02 -0.1951319E-08
        42      4  0.2646568E-03 -0.2254224E-02  0.0000000E+00  0.0000000E+00 -0.6636900E-02 -0.1181827E-07

        43      0  0.0000000E+00  0.0000000E+00  0.0000000E+00  0.0000000E+00  0.0000000E+00  0.0000000E+00
        43      1  0.0000000E+00  0.0000000E+00  0.0000000E+00  0.0000000E+00  0.0000000E+00  0.0000000E+00
        43      2 -0.1057104E-02  0.3379941E-03  0.0000000E+00  0.0000000E+00 -0.2780773E-03 -0.5165625E-09
        43      3 -0.2064781E-02  0.7086957E-03  0.0000000E+00  0.0000000E+00 -0.1103516E-02 -0.2049461E-08
        43      4 -0.4193394E-02  0.2273101E-02  0.0000000E+00  0.0000000E+00 -0.6742841E-02 -0.1241971E-07

        44      0  0.0000000E+00  0.0000000E+00  0.0000000E+00  0.0000000E+00  0.0000000E+00  0.0000000E+00
        44      1  0.0000000E+00  0.0000000E+00  0.0000000E+00  0.0000000E+00  0.0000000E+00  0.0000000E+00
        44      2  0.9414518E-03  0.5208003E-04  0.0000000E+00  0.0000000E+00 -0.2857356E-03 -0.5196710E-09
        44      3  0.1943218E-02  0.5149839E-04  0.0000000E+00  0.0000000E+00 -0.1134755E-02 -0.2066112E-08
        44      4  0.5582334E-02 -0.7226672E-03  0.0000000E+00  0.0000000E+00 -0.6934937E-02 -0.1274077E-07

        45      0  0.0000000E+00  0.0000000E+00  0.0000000E+00  0.0000000E+00  0.0000000E+00  0.0000000E+00
        45      1  0.0000000E+00  0.0000000E+00  0.0000000E+00  0.0000000E+00  0.0000000E+00  0.0000000E+00
        45      2 -0.1572334E-03 -0.4111714E-03  0.0000000E+00  0.0000000E+00 -0.2947865E-03 -0.5217453E-09
        45      3 -0.4147562E-03 -0.7961461E-03  0.0000000E+00  0.0000000E+00 -0.1165103E-02 -0.2070536E-08
        45      4 -0.2756608E-02 -0.1403259E-02  0.0000000E+00  0.0000000E+00 -0.7120174E-02 -0.1266807E-07

        46      0  0.0000000E+00  0.0000000E+00  0.0000000E+00  0.0000000E+00  0.0000000E+00  0.0000000E+00
        46      1  0.0000000E+00  0.0000000E+00  0.0000000E+00  0.0000000E+00  0.0000000E+00  0.0000000E+00
        46      2 -0.7269370E-03  0.4820417E-03  0.0000000E+00  0.0000000E+00 -0.2959279E-03 -0.5450531E-09
        46      3 -0.1362697E-02  0.9768892E-03  0.0000000E+00  0.0000000E+00 -0.1176646E-02 -0.2158707E-08
        46      4 -0.1630375E-02  0.2451895E-02  0.0000000E+00  0.0000000E+00 -0.7216077E-02 -0.1297786E-07

        47      0  0.0000000E+00  0.0000000E+00  0.0000000E+00  0.0000000E+00  0.0000000E+00  0.0000000E+00
        47      1  0.0000000E+00  0.0000000E+00  0.0000000E+00  0.0000000E+00  0.0000000E+00  0.0000000E+00
        47      2  0.1117445E-02 -0.2171500E-03  0.0000000E+00  0.0000000E+00 -0.3049964E-03 -0.5632358E-09
        47      3  0.2239302E-02 -0.4768658E-03  0.0000000E+00  0.0000000E+00 -0.1208865E-02 -0.2235672E-08
        47      4  0.5133399E-02 -0.1836057E-02  0.0000000E+00  0.0000000E+00 -0.7380239E-02 -0.1360894E-07

        48      0  0.0000000E+00  0.0000000E+00  0.0000000E+00  0.0000000E+00  0.0000000E+00  0.0000000E+00
        48      1  0.0000000E+00  0.0000000E+00  0.0000000E+00  0.0000000E+00  0.0000000E+00  0.0000000E+00
        48      2 -0.7160022E-03 -0.2006396E-03  0.0000000E+00  0.0000000E+00 -0.3138404E-03 -0.5614166E-09
        48      3 -0.1500429E-02 -0.3606950E-03  0.0000000E+00  0.0000000E+00 -0.1241403E-02 -0.2230042E-08
        48      4 -0.4804694E-02 -0.1521036E-04  0.0000000E+00  0.0000000E+00 -0.7569201E-02 -0.1375786E-07

        49      0  0.0000000E+00  0.0000000E+00  0.0000000E+00  0.0000000E+00  0.0000000E+00  0.0000000E+00
        49      1  0.0000000E+00  0.0000000E+00  0.0000000E+00  0.0000000E+00  0.0000000E+00  0.0000000E+00
        49      2 -0.1690549E-03  0.4738680E-03  0.0000000E+00  0.0000000E+00 -0.3153671E-03 -0.5707503E-09
        49      3 -0.2223029E-03  0.9272629E-03  0.0000000E+00  0.0000000E+00 -0.1255025E-02 -0.2260923E-08
        49      4  0.1585363E-02  0.1746669E-02  0.0000000E+00  0.0000000E+00 -0.7706741E-02 -0.1375216E-07

        50      0  0.0000000E+00  0.0000000E+00  0.0000000E+00  0.0000000E+00  0.0000000E+00  0.0000000E+00
        50      1  0.0000000E+00  0.0000000E+00  0.0000000E+00  0.0000000E+00  0.0000000E+00  0.0000000E+00
        50      2  0.9451256E-03 -0.4191662E-03  0.0000000E+00  0.0000000E+00 -0.3243167E-03 -0.5969995E-09
        50      3  0.1824344E-02 -0.8568796E-03  0.0000000E+00  0.0000000E+00 -0.1283686E-02 -0.2365402E-08
        50      4  0.2934254E-02 -0.2378235E-02  0.0000000E+00  0.0000000E+00 -0.7848192E-02 -0.1428202E-07

        51      0  0.0000000E+00  0.0000000E+00  0.0000000E+00  0.0000000E+00  0.0000000E+00  0.0000000E+00
        51      1  0.0000000E+00  0.0000000E+00  0.0000000E+00  0.0000000E+00  0.0000000E+00  0.0000000E+00
        51      2 -0.1052476E-02  0.7455875E-04  0.0000000E+00  0.0000000E+00 -0.3312165E-03 -0.6070358E-09
        51      3 -0.2114849E-02  0.1980307E-03  0.0000000E+00  0.0000000E+00 -0.1311921E-02 -0.2411457E-08
        51      4 -0.5246216E-02  0.1421106E-02  0.0000000E+00  0.0000000E+00 -0.7996085E-02 -0.1481573E-07

        52      0  0.0000000E+00  0.0000000E+00  0.0000000E+00  0.0000000E+00  0.0000000E+00  0.0000000E+00
        52      1  0.0000000E+00  0.0000000E+00  0.0000000E+00  0.0000000E+00  0.0000000E+00  0.0000000E+00
        52      2  0.4457143E-03  0.3177990E-03  0.0000000E+00  0.0000000E+00 -0.3355814E-03 -0.6052642E-09
        52      3  0.1005651E-02  0.5834198E-03  0.0000000E+00  0.0000000E+00 -0.1334739E-02 -0.2403487E-08
        52      4  0.4355750E-02  0.4770138E-03  0.0000000E+00  0.0000000E+00 -0.8179729E-02 -0.1483739E-07

        53      0  0.0000000E+00  0.0000000E+00  0.0000000E+00  0.0000000E+00  0.0000000E+00  0.0000000E+00
        53      1  0.0000000E+00  0.0000000E+00  0.0000000E+00  0.0000000E+00  0.0000000E+00  0.0000000E+00
        53      2  0.4808528E-03 -0.4940047E-03  0.0000000E+00  0.0000000E+00 -0.3442772E-03 -0.6232197E-09
        53      3  0.8423324E-03 -0.9793541E-03  0.0000000E+00  0.0000000E+00 -0.1361897E-02 -0.2469647E-08
        53      4 -0.1578714E-03 -0.2183665E-02  0.0000000E+00  0.0000000E+00 -0.8336324E-02 -0.1496054E-07

        54      0  0.0000000E+00  0.0000000E+00  0.0000000E+00  0.0000000E+00  0.0000000E+00  0.0000000E+00
        54      1  0.0000000E+00  0.0000000E+00  0.0000000E+00  0.0000000E+00  0.0000000E+00  0.0000000E+00
        54      2 -0.1064975E-02  0.3280856E-03  0.0000000E+00  0.0000000E+00 -0.3478951E-03 -0.6470443E-09
        54      3 -0.2073878E-02  0.6991788E-03  0.0000000E+00  0.0000000E+00 -0.1380456E-02 -0.2567188E-08
        54      4 -0.3925800E-02  0.2350339E-02  0.0000000E+00  0.0000000E+00 -0.8436165E-02 -0.1554148E-07

        55      0  0.0000000E+00  0.0000000E+00  0.0000000E+00  0.0000000E+00  0.0000000E+00  0.0000000E+00
        55      1  0.0000000E+00  0.0000000E+00  0.0000000E+00  0.0000000E+00  0.0000000E+00  0.0000000E+00
        55      2  0.9251293E-03  0.6504625E-04  0.0000000E+00  0.0000000E+00 -0.3553738E-03 -0.6495786E-09
        55      3  0.1928158E-02  0.6437004E-04  0.0000000E+00  0.0000000E+00 -0.1411326E-02 -0.2582622E-08
        55      4  0.5640335E-02 -0.8933257E-03  0.0000000E+00  0.0000000E+00 -0.8624646E-02 -0.1591547E-07

        56      0  0.0000000E+00  0.0000000E+00  0.0000000E+00  0.0000000E+00  0.0000000E+00  0.0000000E+00
        56      1  0.0000000E+00  0.0000000E+00  0.0000000E+00  0.0000000E+00  0.0000000E+00  0.0000000E+00
        56      2 -0.1282221E-03 -0.4182596E-03  0.0000000E+00  0.0000000E+00 -0.3643451E-03 -0.6522275E-09
        56      3 -0.3863090E-03 -0.8036178E-03  0.0000000E+00  0.0000000E+00 -0.1441329E-02 -0.2588093E-08
        56      4 -0.3101033E-02 -0.1242211E-02  0.0000000E+00  0.0000000E+00 -0.8811370E-02 -0.1584527E-07

        57      0  0.0000000E+00  0.0000000E+00  0.0000000E+00  0.0000000E+00  0.0000000E+00  0.0000000E+00
        57      1  0.0000000E+00  0.0000000E+00  0.0000000E+00  0.0000000E+00  0.0000000E+00  0.0000000E+00
        57      2 -0.7486383E-03  0.4785074E-03  0.0000000E+00  0.0000000E+00 -0.3654795E-03 -0.6759566E-09
        57      3 -0.1385162E-02  0.9741242E-03  0.0000000E+00  0.0000000E+00 -0.1452688E-02 -0.2677236E-08
        57      4 -0.1220705E-02  0.2405373E-02  0.0000000E+00  0.0000000E+00 -0.8908909E-02 -0.1610438E-07

        58      0  0.0000000E+00  0.0000000E+00  0.0000000E+00  0.0000000E+00  0.0000000E+00  0.0000000E+00
        58      1  0.0000000E+00  0.0000000E+00  0.0000000E+00  0.0000000E+00  0.0000000E+00  0.0000000E+00
        58      2  0.1116970E-02 -0.2054330E-03  0.0000000E+00  0.0000000E+00 -0.3744597E-03 -0.6934534E-09
        58      3  0.2240595E-02 -0.4657170E-03  0.0000000E+00  0.0000000E+00 -0.1484703E-02 -0.2752911E-08
        58      4  0.4928880E-02 -0.1945235E-02  0.0000000E+00  0.0000000E+00 -0.9067141E-02 -0.1674980E-07

        59      0  0.0000000E+00  0.0000000E+00  0.0000000E+00  0.0000000E+00  0.0000000E+00  0.0000000E+00
        59      1  0.0000000E+00  0.0000000E+00  0.0000000E+00  0.0000000E+00  0.0000000E+00  0.0000000E+00
        59      2 -0.6936158E-03 -0.2125882E-03  0.0000000E+00  0.0000000E+00 -0.3832819E-03 -0.6914184E-09
        59      3 -0.1479465E-02 -0.3728746E-03  0.0000000E+00  0.0000000E+00 -0.1516996E-02 -0.2746684E-08
        59      4 -0.4963612E-02  0.1842367E-03  0.0000000E+00  0.0000000E+00 -0.9251437E-02 -0.1695273E-07

        60      0  0.0000000E+00  0.0000000E+00  0.0000000E+00  0.0000000E+00  0.0000000E+00  0.0000000E+00
        60      1  0.0000000E+00  0.0000000E+00  0.0000000E+00  0.0000000E+00  0.0000000E+00  0.0000000E+00
        60      2 -0.1980240E-03  0.4777926E-03  0.0000000E+00  0.0000000E+00 -0.3846589E-03 -0.7014881E-09
        60      3 -0.2513812E-03  0.9320683E-03  0.0000000E+00  0.0000000E+00 -0.1530208E-02 -0.2778963E-08
        60      4  0.2001722E-02  0.1601687E-02  0.0000000E+00  0.0000000E+00 -0.9394635E-02 -0.1692666E-07

        61      0  0.0000000E+00  0.0000000E+00  0.0000000E+00  0.0000000E+00  0.0000000E+00  0.0000000E+00
        61      1  0.0000000E+00  0.0000000E+00  0.0000000E+00  0.0000000E+00  0.0000000E+00  0.0000000E+00
        61      2  0.9605925E-03 -0.4121808E-03  0.0000000E+00  0.0000000E+00 -0.3935636E-03 -0.7277212E-09
        61      3  0.1841427E-02 -0.8506554E-03  0.0000000E+00  0.0000000E+00 -0.1558696E-02 -0.2883570E-08
        61      4  0.2554689E-02 -0.2396971E-02  0.0000000E+00  0.0000000E+00 -0.9534325E-02 -0.1741100E-07

        62      0  0.0000000E+00  0.0000000E+00  0.0000000E+00  0.0000000E+00  0.0000000E+00  0.0000000E+00
        62      1  0.0000000E+00  0.0000000E+00  0.0000000E+00  0.0000000E+00  0.0000000E+00  0.0000000E+00
        62      2 -0.1043478E-02  0.6142136E-04  0.0000000E+00  0.0000000E+00 -0.4005315E-03 -0.7370061E-09
        62      3 -0.2107629E-02  0.1849454E-03  0.0000000E+00  0.0000000E+00 -0.1586859E-02 -0.2928110E-08
        62      4 -0.5170194E-02  0.1583898E-02  0.0000000E+00  0.0000000E+00 -0.9673486E-02 -0.1797738E-07

        63      0  0.0000000E+00  0.0000000E+00  0.0000000E+00  0.0000000E+00  0.0000000E+00  0.0000000E+00
        63      1  0.0000000E+00  0.0000000E+00  0.0000000E+00  0.0000000E+00  0.0000000E+00  0.0000000E+00
        63      2  0.4184392E-03  0.3278316E-03  0.0000000E+00  0.0000000E+00 -0.4046727E-03 -0.7354522E-09
        63      3  0.9790790E-03  0.5940086E-03  0.0000000E+00  0.0000000E+00 -0.1609187E-02 -0.2920385E-08
        63      4  0.4629378E-02  0.2916057E-03  0.0000000E+00  0.0000000E+00 -0.9859132E-02 -0.1803276E-07

        64      0  0.0000000E+00  0.0000000E+00  0.0000000E+00  0.0000000E+00  0.0000000E+00  0.0000000E+00
        64      1  0.0000000E+00  0.0000000E+00  0.0000000E+00  0.0000000E+00  0.0000000E+00  0.0000000E+00
        64      2  0.5072826E-03 -0.4938405E-03  0.0000000E+00  0.0000000E+00 -0.4133027E-03 -0.7540905E-09
        64      3  0.8694513E-03 -0.9798865E-03  0.0000000E+00  0.0000000E+00 -0.1636069E-02 -0.2987983E-08
        64      4 -0.5776546E-03 -0.2099641E-02  0.0000000E+00  0.0000000E+00 -0.1001843E-01 -0.1810664E-07

        65      0  0.0000000E+00  0.0000000E+00  0.0000000E+00  0.0000000E+00  0.0000000E+00  0.0000000E+00
        65      1  0.0000000E+00  0.0000000E+00  0.0000000E+00  0.0000000E+00  0.0000000E+00  0.0000000E+00
        65      2 -0.1072103E-02  0.3179433E-03  0.0000000E+00  0.0000000E+00 -0.4170122E-03 -0.7774986E-09
        65      3 -0.2082615E-02  0.6895357E-03  0.0000000E+00  0.0000000E+00 -0.1654607E-02 -0.3084887E-08
        65      4 -0.3633275E-02  0.2411711E-02  0.0000000E+00  0.0000000E+00 -0.1011307E-01 -0.1865991E-07

        66      0  0.0000000E+00  0.0000000E+00  0.0000000E+00  0.0000000E+00  0.0000000E+00  0.0000000E+00
        66      1  0.0000000E+00  0.0000000E+00  0.0000000E+00  0.0000000E+00  0.0000000E+00  0.0000000E+00
        66      2  0.9081556E-03  0.7797303E-04  0.0000000E+00  0.0000000E+00 -0.4243079E-03 -0.7794851E-09
        66      3  0.1912758E-02  0.7723617E-04  0.0000000E+00  0.0000000E+00 -0.1685106E-02 -0.3099127E-08
        66      4  0.5662121E-02 -0.1058202E-02  0.0000000E+00  0.0000000E+00 -0.1029727E-01 -0.1908537E-07

        67      0  0.0000000E+00  0.0000000E+00  0.0000000E+00  0.0000000E+00  0.0000000E+00  0.0000000E+00
        67      1  0.0000000E+00  0.0000000E+00  0.0000000E+00  0.0000000E+00  0.0000000E+00  0.0000000E+00
        67      2 -0.9911126E-04 -0.4250537E-03  0.0000000E+00  0.0000000E+00 -0.4331994E-03 -0.7827344E-09
        67      3 -0.3577859E-03 -0.8109473E-03  0.0000000E+00  0.0000000E+00 -0.1714768E-02 -0.3105675E-08
        67      4 -0.3426048E-02 -0.1072292E-02  0.0000000E+00  0.0000000E+00 -0.1048486E-01 -0.1902696E-07

        68      0  0.0000000E+00  0.0000000E+00  0.0000000E+00  0.0000000E+00  0.0000000E+00  0.0000000E+00
        68      1  0.0000000E+00  0.0000000E+00  0.0000000E+00  0.0000000E+00  0.0000000E+00  0.0000000E+00
        68      2 -0.7698093E-03  0.4746305E-03  0.0000000E+00  0.0000000E+00 -0.4343339E-03 -0.8068517E-09
        68      3 -0.1407379E-02  0.9711821E-03  0.0000000E+00  0.0000000E+00 -0.1725950E-02 -0.3195760E-08
        68      4 -0.8016505E-03  0.2343337E-02  0.0000000E+00  0.0000000E+00 -0.1058498E-01 -0.1923619E-07

        69      0  0.0000000E+00  0.0000000E+00  0.0000000E+00  0.0000000E+00  0.0000000E+00  0.0000000E+00
        69      1  0.0000000E+00  0.0000000E+00  0.0000000E+00  0.0000000E+00  0.0000000E+00  0.0000000E+00
        69      2  0.1115706E-02 -0.1935718E-03  0.0000000E+00  0.0000000E+00 -0.4432228E-03 -0.8236475E-09
        69      3  0.2241491E-02 -0.4544874E-03  0.0000000E+00  0.0000000E+00 -0.1757762E-02 -0.3270127E-08
        69      4  0.4694502E-02 -0.2043754E-02  0.0000000E+00  0.0000000E+00 -0.1073754E-01 -0.1988748E-07

        70      0  0.0000000E+00  0.0000000E+00  0.0000000E+00  0.0000000E+00  0.0000000E+00  0.0000000E+00
        70      1  0.0000000E+00  0.0000000E+00  0.0000000E+00  0.0000000E+00  0.0000000E+00  0.0000000E+00
        70      2 -0.6707418E-03 -0.2243814E-03  0.0000000E+00  0.0000000E+00 -0.4520197E-03 -0.8214360E-09
        70      3 -0.1458242E-02 -0.3849827E-03  0.0000000E+00  0.0000000E+00 -0.1789807E-02 -0.3263340E-08
        70      4 -0.5092914E-02  0.3832626E-03  0.0000000E+00  0.0000000E+00 -0.1091635E-01 -0.2014612E-07

        71      0  0.0000000E+00  0.0000000E+00  0.0000000E+00  0.0000000E+00  0.0000000E+00  0.0000000E+00
        71      1  0.0000000E+00  0.0000000E+00  0.0000000E+00  0.0000000E+00  0.0000000E+00  0.0000000E+00
        71      2 -0.2268432E-03  0.4813791E-03  0.0000000E+00  0.0000000E+00 -0.4532535E-03 -0.8322466E-09
        71      3 -0.2804049E-03  0.9367086E-03  0.0000000E+00  0.0000000E+00 -0.1802616E-02 -0.3297026E-08
        71      4  0.2407583E-02  0.1447721E-02  0.0000000E+00  0.0000000E+00 -0.1106514E-01 -0.2010673E-07

        72      0  0.0000000E+00  0.0000000E+00  0.0000000E+00  0.0000000E+00  0.0000000E+00  0.0000000E+00
        72      1  0.0000000E+00  0.0000000E+00  0.0000000E+00  0.0000000E+00  0.0000000E+00  0.0000000E+00
        72      2  0.9753874E-03 -0.4049129E-03  0.0000000E+00  0.0000000E+00 -0.4621137E-03 -0.8584238E-09
        72      3  0.1858190E-02 -0.8442896E-03  0.0000000E+00  0.0000000E+00 -0.1830936E-02 -0.3401721E-08
        72      4  0.2161742E-02 -0.2402425E-02  0.0000000E+00  0.0000000E+00 -0.1120385E-01 -0.2054058E-07

        73      0  0.0000000E+00  0.0000000E+00  0.0000000E+00  0.0000000E+00  0.0000000E+00  0.0000000E+00
        73      1  0.0000000E+00  0.0000000E+00  0.0000000E+00  0.0000000E+00  0.0000000E+00  0.0000000E+00
        73      2 -0.1033753E-02  0.4824483E-04  0.0000000E+00  0.0000000E+00 -0.4691469E-03 -0.8669640E-09
        73      3 -0.2100047E-02  0.1718307E-03  0.0000000E+00  0.0000000E+00 -0.1859026E-02 -0.3444749E-08
        73      4 -0.5062953E-02  0.1736388E-02  0.0000000E+00  0.0000000E+00 -0.1133429E-01 -0.2113213E-07

        74      0  0.0000000E+00  0.0000000E+00  0.0000000E+00  0.0000000E+00  0.0000000E+00  0.0000000E+00
        74      1  0.0000000E+00  0.0000000E+00  0.0000000E+00  0.0000000E+00  0.0000000E+00  0.0000000E+00
        74      2  0.3908777E-03  0.3376387E-03  0.0000000E+00  0.0000000E+00 -0.4730659E-03 -0.8656649E-09
        74      3  0.9523423E-03  0.6044983E-03  0.0000000E+00  0.0000000E+00 -0.1880865E-02 -0.3437306E-08
        74      4  0.4874277E-02  0.1056080E-03  0.0000000E+00  0.0000000E+00 -0.1152110E-01 -0.2122689E-07

        75      0  0.0000000E+00  0.0000000E+00  0.0000000E+00  0.0000000E+00  0.0000000E+00  0.0000000E+00
        75      1  0.0000000E+00  0.0000000E+00  0.0000000E+00  0.0000000E+00  0.0000000E+00  0.0000000E+00
        75      2  0.5333668E-03 -0.4933365E-03  0.0000000E+00  0.0000000E+00 -0.4816323E-03 -0.8849668E-09
        75      3  0.8964289E-03 -0.9802535E-03  0.0000000E+00  0.0000000E+00 -0.1907477E-02 -0.3506328E-08
        75      4 -0.9922881E-03 -0.2002420E-02  0.0000000E+00  0.0000000E+00 -0.1168329E-01 -0.2125696E-07

        76      0  0.0000000E+00  0.0000000E+00  0.0000000E+00  0.0000000E+00  0.0000000E+00  0.0000000E+00
        76      1  0.0000000E+00  0.0000000E+00  0.0000000E+00  0.0000000E+00  0.0000000E+00  0.0000000E+00
        76      2 -0.1078482E-02  0.3075749E-03  0.0000000E+00  0.0000000E+00 -0.4854355E-03 -0.9079255E-09
        76      3 -0.2090991E-02  0.6797681E-03  0.0000000E+00  0.0000000E+00 -0.1925997E-02 -0.3602557E-08
        76      4 -0.3317424E-02  0.2456811E-02  0.0000000E+00  0.0000000E+00 -0.1177372E-01 -0.2177614E-07

        77      0  0.0000000E+00  0.0000000E+00  0.0000000E+00  0.0000000E+00  0.0000000E+00  0.0000000E+00
        77      1  0.0000000E+00  0.0000000E+00  0.0000000E+00  0.0000000E+00  0.0000000E+00  0.0000000E+00
        77      2  0.8905428E-03  0.9085144E-04  0.0000000E+00  0.0000000E+00 -0.4925451E-03 -0.9093916E-09
        77      3  0.1897021E-02  0.9009460E-04  0.0000000E+00  0.0000000E+00 -0.1956124E-02 -0.3615626E-08
        77      4  0.5647623E-02 -0.1216491E-02  0.0000000E+00  0.0000000E+00 -0.1195307E-01 -0.2225037E-07

        78      0  0.0000000E+00  0.0000000E+00  0.0000000E+00  0.0000000E+00  0.0000000E+00  0.0000000E+00
        78      1  0.0000000E+00  0.0000000E+00  0.0000000E+00  0.0000000E+00  0.0000000E+00  0.0000000E+00
        78      2 -0.6992104E-04 -0.4315492E-03  0.0000000E+00  0.0000000E+00 -0.5013567E-03 -0.9132659E-09
        78      3 -0.3291916E-03 -0.8181334E-03  0.0000000E+00  0.0000000E+00 -0.1985446E-02 -0.3623281E-08
        78      4 -0.3729851E-02 -0.8945333E-03  0.0000000E+00  0.0000000E+00 -0.1214082E-01 -0.2221269E-07

        79      0  0.0000000E+00  0.0000000E+00  0.0000000E+00  0.0000000E+00  0.0000000E+00  0.0000000E+00
        79      1  0.0000000E+00  0.0000000E+00  0.0000000E+00  0.0000000E+00  0.0000000E+00  0.0000000E+00
        79      2 -0.7904354E-03  0.4704135E-03  0.0000000E+00  0.0000000E+00 -0.5024982E-03 -0.9377370E-09
        79      3 -0.1429344E-02  0.9680633E-03  0.0000000E+00  0.0000000E+00 -0.1996460E-02 -0.3714279E-08
        79      4 -0.3757126E-03  0.2266384E-02  0.0000000E+00  0.0000000E+00 -0.1224438E-01 -0.2237399E-07

        80      0  0.0000000E+00  0.0000000E+00  0.0000000E+00  0.0000000E+00  0.0000000E+00  0.0000000E+00
        80      1  0.0000000E+00  0.0000000E+00  0.0000000E+00  0.0000000E+00  0.0000000E+00  0.0000000E+00
        80      2  0.1113655E-02 -0.1815742E-03  0.0000000E+00  0.0000000E+00 -0.5112926E-03 -0.9538185E-09
        80      3  0.2241990E-02 -0.4431787E-03  0.0000000E+00  0.0000000E+00 -0.2028068E-02 -0.3787318E-08
        80      4  0.4432085E-02 -0.2131161E-02  0.0000000E+00  0.0000000E+00 -0.1239163E-01 -0.2302244E-07

        81      0  0.0000000E+00  0.0000000E+00  0.0000000E+00  0.0000000E+00  0.0000000E+00  0.0000000E+00
        81      1  0.0000000E+00  0.0000000E+00  0.0000000E+00  0.0000000E+00  0.0000000E+00  0.0000000E+00
        81      2 -0.6473959E-03 -0.2360112E-03  0.0000000E+00  0.0000000E+00 -0.5200609E-03 -0.9514705E-09
        81      3 -0.1436764E-02 -0.3970173E-03  0.0000000E+00  0.0000000E+00 -0.2059864E-02 -0.3780011E-08
        81      4 -0.5191883E-02  0.5804987E-03  0.0000000E+00  0.0000000E+00 -0.1256420E-01 -0.2333700E-07

        82      0  0.0000000E+00  0.0000000E+00  0.0000000E+00  0.0000000E+00  0.0000000E+00  0.0000000E+00
        82      1  0.0000000E+00  0.0000000E+00  0.0000000E+00  0.0000000E+00  0.0000000E+00  0.0000000E+00
        82      2 -0.2554924E-03  0.4846249E-03  0.0000000E+00  0.0000000E+00 -0.5211583E-03 -0.9630251E-09
        82      3 -0.3093688E-03  0.9411830E-03  0.0000000E+00  0.0000000E+00 -0.2072277E-02 -0.3815114E-08
        82      4  0.2800289E-02  0.1285860E-02  0.0000000E+00  0.0000000E+00 -0.1271838E-01 -0.2329164E-07

        83      0  0.0000000E+00  0.0000000E+00  0.0000000E+00  0.0000000E+00  0.0000000E+00  0.0000000E+00
        83      1  0.0000000E+00  0.0000000E+00  0.0000000E+00  0.0000000E+00  0.0000000E+00  0.0000000E+00
        83      2  0.9894995E-03 -0.3973674E-03  0.0000000E+00  0.0000000E+00 -0.5299741E-03 -0.9891063E-09
        83      3  0.1874632E-02 -0.8377831E-03  0.0000000E+00  0.0000000E+00 -0.2100432E-02 -0.3919857E-08
        83      4  0.1757856E-02 -0.2394401E-02  0.0000000E+00  0.0000000E+00 -0.1285687E-01 -0.2367126E-07

        84      0  0.0000000E+00  0.0000000E+00  0.0000000E+00  0.0000000E+00  0.0000000E+00  0.0000000E+00
        84      1  0.0000000E+00  0.0000000E+00  0.0000000E+00  0.0000000E+00  0.0000000E+00  0.0000000E+00
        84      2 -0.1023309E-02  0.3503869E-04  0.0000000E+00  0.0000000E+00 -0.5370695E-03 -0.9969109E-09
        84      3 -0.2092103E-02  0.1586892E-03  0.0000000E+00  0.0000000E+00 -0.2128448E-02 -0.3961374E-08
        84      4 -0.4924967E-02  0.1877461E-02  0.0000000E+00  0.0000000E+00 -0.1297876E-01 -0.2427995E-07

        85      0  0.0000000E+00  0.0000000E+00  0.0000000E+00  0.0000000E+00  0.0000000E+00  0.0000000E+00
        85      1  0.0000000E+00  0.0000000E+00  0.0000000E+00  0.0000000E+00  0.0000000E+00  0.0000000E+00
        85      2  0.3630496E-03  0.3472131E-03  0.0000000E+00  0.0000000E+00 -0.5407680E-03 -0.9959029E-09
        85      3  0.9254457E-03  0.6148872E-03  0.0000000E+00  0.0000000E+00 -0.2149801E-02 -0.3954250E-08
        85      4  0.5088617E-02 -0.7991205E-04  0.0000000E+00  0.0000000E+00 -0.1316585E-01 -0.2441892E-07

        86      0  0.0000000E+00  0.0000000E+00  0.0000000E+00  0.0000000E+00  0.0000000E+00  0.0000000E+00
        86      1  0.0000000E+00  0.0000000E+00  0.0000000E+00  0.0000000E+00  0.0000000E+00  0.0000000E+00
        86      2  0.5590868E-03 -0.4924932E-03  0.0000000E+00  0.0000000E+00 -0.5492730E-03 -0.1015847E-08
        86      3  0.9232605E-03 -0.9804552E-03  0.0000000E+00  0.0000000E+00 -0.2176148E-02 -0.4024679E-08
        86      4 -0.1399407E-02 -0.1892370E-02  0.0000000E+00  0.0000000E+00 -0.1333100E-01 -0.2441182E-07

        87      0  0.0000000E+00  0.0000000E+00  0.0000000E+00  0.0000000E+00  0.0000000E+00  0.0000000E+00
        87      1  0.0000000E+00  0.0000000E+00  0.0000000E+00  0.0000000E+00  0.0000000E+00  0.0000000E+00
        87      2 -0.1084109E-02  0.2969879E-03  0.0000000E+00  0.0000000E+00 -0.5531718E-03 -0.1038325E-08
        87      3 -0.2099004E-02  0.6698779E-03  0.0000000E+00  0.0000000E+00 -0.2194655E-02 -0.4120200E-08
        87      4 -0.2980010E-02  0.2485371E-02  0.0000000E+00  0.0000000E+00 -0.1341827E-01 -0.2489142E-07

        88      0  0.0000000E+00  0.0000000E+00  0.0000000E+00  0.0000000E+00  0.0000000E+00  0.0000000E+00
        88      1  0.0000000E+00  0.0000000E+00  0.0000000E+00  0.0000000E+00  0.0000000E+00  0.0000000E+00
        88      2  0.8723037E-03  0.1036725E-03  0.0000000E+00  0.0000000E+00 -0.5600922E-03 -0.1039300E-08
        88      3  0.1880949E-02  0.1029432E-03  0.0000000E+00  0.0000000E+00 -0.2224407E-02 -0.4132121E-08
        88      4  0.5597071E-02 -0.1367436E-02  0.0000000E+00  0.0000000E+00 -0.1359230E-01 -0.2541049E-07

        89      0  0.0000000E+00  0.0000000E+00  0.0000000E+00  0.0000000E+00  0.0000000E+00  0.0000000E+00
        89      1  0.0000000E+00  0.0000000E+00  0.0000000E+00  0.0000000E+00  0.0000000E+00  0.0000000E+00
        89      2 -0.4067167E-04 -0.4377420E-03  0.0000000E+00  0.0000000E+00 -0.5688240E-03 -0.1043821E-08
        89      3 -0.3005312E-03 -0.8251751E-03  0.0000000E+00  0.0000000E+00 -0.2253393E-02 -0.4140910E-08
        89      4 -0.4010763E-02 -0.7100446E-03  0.0000000E+00  0.0000000E+00 -0.1377944E-01 -0.2540190E-07

        90      0  0.0000000E+00  0.0000000E+00  0.0000000E+00  0.0000000E+00  0.0000000E+00  0.0000000E+00
        90      1  0.0000000E+00  0.0000000E+00  0.0000000E+00  0.0000000E+00  0.0000000E+00  0.0000000E+00
        90      2 -0.8105026E-03  0.4658595E-03  0.0000000E+00  0.0000000E+00 -0.5699794E-03 -0.1068611E-08
        90      3 -0.1451054E-02  0.9647684E-03  0.0000000E+00  0.0000000E+00 -0.2264245E-02 -0.4232790E-08
        90      4  0.5454749E-04  0.2175214E-02  0.0000000E+00  0.0000000E+00 -0.1388716E-01 -0.2551827E-07

        91      0  0.0000000E+00  0.0000000E+00  0.0000000E+00  0.0000000E+00  0.0000000E+00  0.0000000E+00
        91      1  0.0000000E+00  0.0000000E+00  0.0000000E+00  0.0000000E+00  0.0000000E+00  0.0000000E+00
        91      2  0.1110816E-02 -0.1694483E-03  0.0000000E+00  0.0000000E+00 -0.5786759E-03 -0.1083967E-08
        91      3  0.2242091E-02 -0.4317929E-03  0.0000000E+00  0.0000000E+00 -0.2295649E-02 -0.4304486E-08
        91      4  0.4143598E-02 -0.2207035E-02  0.0000000E+00  0.0000000E+00 -0.1402960E-01 -0.2615514E-07

        92      0  0.0000000E+00  0.0000000E+00  0.0000000E+00  0.0000000E+00  0.0000000E+00  0.0000000E+00
        92      1  0.0000000E+00  0.0000000E+00  0.0000000E+00  0.0000000E+00  0.0000000E+00  0.0000000E+00
        92      2 -0.6235939E-03 -0.2474694E-03  0.0000000E+00  0.0000000E+00 -0.5874123E-03 -0.1081523E-08
        92      3 -0.1415034E-02 -0.4089763E-03  0.0000000E+00  0.0000000E+00 -0.2327196E-02 -0.4296697E-08
        92      4 -0.5259953E-02  0.7745769E-03  0.0000000E+00  0.0000000E+00 -0.1419524E-01 -0.2652438E-07

        93      0  0.0000000E+00  0.0000000E+00  0.0000000E+00  0.0000000E+00  0.0000000E+00  0.0000000E+00
        93      1  0.0000000E+00  0.0000000E+00  0.0000000E+00  0.0000000E+00  0.0000000E+00  0.0000000E+00
        93      2 -0.2839516E-03  0.4875271E-03  0.0000000E+00  0.0000000E+00 -0.5883802E-03 -0.1093822E-08
        93      3 -0.3382681E-03  0.9454905E-03  0.0000000E+00  0.0000000E+00 -0.2339219E-02 -0.4333225E-08
        93      4  0.3177221E-02  0.1117211E-02  0.0000000E+00  0.0000000E+00 -0.1435447E-01 -0.2648057E-07

        94      0  0.0000000E+00  0.0000000E+00  0.0000000E+00  0.0000000E+00  0.0000000E+00  0.0000000E+00
        94      1  0.0000000E+00  0.0000000E+00  0.0000000E+00  0.0000000E+00  0.0000000E+00  0.0000000E+00
        94      2  0.1002918E-02 -0.3895496E-03  0.0000000E+00  0.0000000E+00 -0.5971516E-03 -0.1119768E-08
        94      3  0.1890749E-02 -0.8311370E-03  0.0000000E+00  0.0000000E+00 -0.2367213E-02 -0.4437976E-08
        94      4  0.1345489E-02 -0.2372750E-02  0.0000000E+00  0.0000000E+00 -0.1449347E-01 -0.2680356E-07

        95      0  0.0000000E+00  0.0000000E+00  0.0000000E+00  0.0000000E+00  0.0000000E+00  0.0000000E+00
        95      1  0.0000000E+00  0.0000000E+00  0.0000000E+00  0.0000000E+00  0.0000000E+00  0.0000000E+00
        95      2 -0.1012152E-02  0.2181244E-04  0.0000000E+00  0.0000000E+00 -0.6043062E-03 -0.1126848E-08
        95      3 -0.2083798E-02  0.1455232E-03  0.0000000E+00  0.0000000E+00 -0.2395154E-02 -0.4477985E-08
        95      4 -0.4756881E-02  0.2006085E-02  0.0000000E+00  0.0000000E+00 -0.1460711E-01 -0.2742102E-07

        96      0  0.0000000E+00  0.0000000E+00  0.0000000E+00  0.0000000E+00  0.0000000E+00  0.0000000E+00
        96      1  0.0000000E+00  0.0000000E+00  0.0000000E+00  0.0000000E+00  0.0000000E+00  0.0000000E+00
        96      2  0.3349748E-03  0.3565477E-03  0.0000000E+00  0.0000000E+00 -0.6077862E-03 -0.1126167E-08
        96      3  0.8983943E-03  0.6251732E-03  0.0000000E+00  0.0000000E+00 -0.2416023E-02 -0.4471217E-08
        96      4  0.5270781E-02 -0.2639154E-03  0.0000000E+00  0.0000000E+00 -0.1479361E-01 -0.2760811E-07

        97      0  0.0000000E+00  0.0000000E+00  0.0000000E+00  0.0000000E+00  0.0000000E+00  0.0000000E+00
        97      1  0.0000000E+00  0.0000000E+00  0.0000000E+00  0.0000000E+00  0.0000000E+00  0.0000000E+00
        97      2  0.5844244E-03 -0.4913114E-03  0.0000000E+00  0.0000000E+00 -0.6162319E-03 -0.1146731E-08
        97      3  0.9499414E-03 -0.9804917E-03  0.0000000E+00  0.0000000E+00 -0.2442111E-02 -0.4543037E-08
        97      4 -0.1796697E-02 -0.1769965E-02  0.0000000E+00  0.0000000E+00 -0.1496164E-01 -0.2757145E-07

        98      0  0.0000000E+00  0.0000000E+00  0.0000000E+00  0.0000000E+00  0.0000000E+00  0.0000000E+00
        98      1  0.0000000E+00  0.0000000E+00  0.0000000E+00  0.0000000E+00  0.0000000E+00  0.0000000E+00
        98      2 -0.1088980E-02  0.2861901E-03  0.0000000E+00  0.0000000E+00 -0.6202279E-03 -0.1168697E-08
        98      3 -0.2106653E-02  0.6598670E-03  0.0000000E+00  0.0000000E+00 -0.2460606E-02 -0.4637814E-08
        98      4 -0.2622946E-02  0.2497263E-02  0.0000000E+00  0.0000000E+00 -0.1504684E-01 -0.2800701E-07

        99      0  0.0000000E+00  0.0000000E+00  0.0000000E+00  0.0000000E+00  0.0000000E+00  0.0000000E+00
        99      1  0.0000000E+00  0.0000000E+00  0.0000000E+00  0.0000000E+00  0.0000000E+00  0.0000000E+00
        99      2  0.8534516E-03  0.1164274E-03  0.0000000E+00  0.0000000E+00 -0.6269561E-03 -0.1169211E-08
        99      3  0.1864545E-02  0.1157797E-03  0.0000000E+00  0.0000000E+00 -0.2489984E-02 -0.4648612E-08
        99      4  0.5510991E-02 -0.1510334E-02  0.0000000E+00  0.0000000E+00 -0.1521521E-01 -0.2856586E-07

       100      0  0.0000000E+00  0.0000000E+00  0.0000000E+00  0.0000000E+00  0.0000000E+00  0.0000000E+00
       100      1  0.0000000E+00  0.0000000E+00  0.0000000E+00  0.0000000E+00  0.0000000E+00  0.0000000E+00
       100      2 -0.1138344E-04 -0.4436281E-03  0.0000000E+00  0.0000000E+00 -0.6356085E-03 -0.1174401E-08
       100      3 -0.2718093E-03 -0.8320714E-03  0.0000000E+00  0.0000000E+00 -0.2518634E-02 -0.4658562E-08
       100      4 -0.4267243E-02 -0.5200051E-03  0.0000000E+00  0.0000000E+00 -0.1540091E-01 -0.2859388E-07
