# number of rays:       5
# iteration   ray    X              A              Y              B              T              D
         0      0  0.0000000E+00  0.0000000E+00  0.0000000E+00  0.0000000E+00  0.0000000E+00  0.0000000E+00
         0      1  0.0000000E+00  0.0000000E+00  0.0000000E+00  0.0000000E+00  0.0000000E+00  0.0000000E+00
         0      2  0.1000000E-02  0.0000000E+00  0.0000000E+00  0.0000000E+00  0.0000000E+00  0.0000000E+00
         0      3  0.2000000E-02  0.0000000E+00  0.0000000E+00  0.0000000E+00  0.0000000E+00  0.0000000E+00
         0      4  0.5000000E-02  0.0000000E+00  0.0000000E+00  0.0000000E+00  0.0000000E+00  0.0000000E+00

         1      0  0.0000000E+00  0.0000000E+00  0.0000000E+00  0.0000000E+00  0.0000000E+00  0.0000000E+00
         1      1  0.0000000E+00  0.0000000E+00  0.0000000E+00  0.0000000E+00  0.0000000E+00  0.0000000E+00
         1      2 -0.2827271E-03 -0.3770168E-03  0.0000000E+00  0.0000000E+00 -0.3081887E-04  0.1064350E-12
         1      3 -0.5694983E-03 -0.7535080E-03  0.0000000E+00  0.0000000E+00 -0.1177218E-03  0.8739071E-12
         1      4 -0.1456658E-02 -0.1879048E-02  0.0000000E+00  0.0000000E+00 -0.7152360E-03  0.1471008E-10

         2      0  0.0000000E+00  0.0000000E+00  0.0000000E+00  0.0000000E+00  0.0000000E+00  0.0000000E+00
         2      1  0.0000000E+00  0.0000000E+00  0.0000000E+00  0.0000000E+00  0.0000000E+00  0.0000000E+00
         2      2 -0.6349349E-03  0.4928592E-03  0.0000000E+00  0.0000000E+00 -0.5555220E-04 -0.1220380E-09
         2      3 -0.1272608E-02  0.9864773E-03  0.0000000E+00  0.0000000E+00 -0.2244230E-03 -0.4877457E-09
         2      4 -0.3198163E-02  0.2472253E-02  0.0000000E+00  0.0000000E+00 -0.1412030E-02 -0.3038569E-08

         3      0  0.0000000E+00  0.0000000E+00  0.0000000E+00  0.0000000E+00  0.0000000E+00  0.0000000E+00
         3      1  0.0000000E+00  0.0000000E+00  0.0000000E+00  0.0000000E+00  0.0000000E+00  0.0000000E+00
         3      2  0.1107886E-02 -0.2657944E-03  0.0000000E+00  0.0000000E+00 -0.8559088E-04 -0.1986917E-09
         3      3  0.2216042E-02 -0.5320074E-03  0.0000000E+00  0.0000000E+00 -0.3401086E-03 -0.7940273E-09
         3      4  0.5541164E-02 -0.1335957E-02  0.0000000E+00  0.0000000E+00 -0.2118670E-02 -0.4950835E-08

         4      0  0.0000000E+00  0.0000000E+00  0.0000000E+00  0.0000000E+00  0.0000000E+00  0.0000000E+00
         4      1  0.0000000E+00  0.0000000E+00  0.0000000E+00  0.0000000E+00  0.0000000E+00  0.0000000E+00
         4      2 -0.8137322E-03 -0.1454798E-03  0.0000000E+00  0.0000000E+00 -0.1139291E-03 -0.1667404E-09
         4      3 -0.1630060E-02 -0.2903290E-03  0.0000000E+00  0.0000000E+00 -0.4516441E-03 -0.6662287E-09
         4      4 -0.4101203E-02 -0.7169742E-03  0.0000000E+00  0.0000000E+00 -0.2809368E-02 -0.4153610E-08

         5      0  0.0000000E+00  0.0000000E+00  0.0000000E+00  0.0000000E+00  0.0000000E+00  0.0000000E+00
         5      1  0.0000000E+00  0.0000000E+00  0.0000000E+00  0.0000000E+00  0.0000000E+00  0.0000000E+00
         5      2 -0.4855198E-04  0.4562005E-03  0.0000000E+00  0.0000000E+00 -0.1387438E-03 -0.2123416E-09
         5      3 -0.9974994E-04  0.9129940E-03  0.0000000E+00  0.0000000E+00 -0.5578705E-03 -0.8485541E-09
         5      4 -0.2570289E-03  0.2284686E-02  0.0000000E+00  0.0000000E+00 -0.3500273E-02 -0.5283552E-08

         6      0  0.0000000E+00  0.0000000E+00  0.0000000E+00  0.0000000E+00  0.0000000E+00  0.0000000E+00
         6      1  0.0000000E+00  0.0000000E+00  0.0000000E+00  0.0000000E+00  0.0000000E+00  0.0000000E+00
         6      2  0.8728627E-03 -0.4494053E-03  0.0000000E+00  0.0000000E+00 -0.1706595E-03 -0.3437305E-09
         6      3  0.1743278E-02 -0.8989860E-03  0.0000000E+00  0.0000000E+00 -0.6784056E-03 -0.1374285E-08
         6      4  0.4330632E-02 -0.2251599E-02  0.0000000E+00  0.0000000E+00 -0.4227518E-02 -0.8573687E-08

         7      0  0.0000000E+00  0.0000000E+00  0.0000000E+00  0.0000000E+00  0.0000000E+00  0.0000000E+00
         7      1  0.0000000E+00  0.0000000E+00  0.0000000E+00  0.0000000E+00  0.0000000E+00  0.0000000E+00
         7      2 -0.1094158E-02  0.1310359E-03  0.0000000E+00  0.0000000E+00 -0.1968457E-03 -0.3724278E-09
         7      3 -0.2189093E-02  0.2629007E-03  0.0000000E+00  0.0000000E+00 -0.7856664E-03 -0.1490289E-08
         7      4 -0.5481542E-02  0.6707163E-03  0.0000000E+00  0.0000000E+00 -0.4908360E-02 -0.9332945E-08

         8      0  0.0000000E+00  0.0000000E+00  0.0000000E+00  0.0000000E+00  0.0000000E+00  0.0000000E+00
         8      1  0.0000000E+00  0.0000000E+00  0.0000000E+00  0.0000000E+00  0.0000000E+00  0.0000000E+00
         8      2  0.5533427E-03  0.2786991E-03  0.0000000E+00  0.0000000E+00 -0.2224223E-03 -0.3455884E-09
         8      3  0.1106042E-02  0.5571695E-03  0.0000000E+00  0.0000000E+00 -0.8920126E-03 -0.1382983E-08
         8      4  0.2777295E-02  0.1384023E-02  0.0000000E+00  0.0000000E+00 -0.5589163E-02 -0.8658047E-08

         9      0  0.0000000E+00  0.0000000E+00  0.0000000E+00  0.0000000E+00  0.0000000E+00  0.0000000E+00
         9      1  0.0000000E+00  0.0000000E+00  0.0000000E+00  0.0000000E+00  0.0000000E+00  0.0000000E+00
         9      2  0.3681627E-03 -0.4943038E-03  0.0000000E+00  0.0000000E+00 -0.2546137E-03 -0.4379489E-09
         9      3  0.7305956E-03 -0.9880703E-03  0.0000000E+00  0.0000000E+00 -0.1013188E-02 -0.1752049E-08
         9      4  0.1762975E-02 -0.2464915E-02  0.0000000E+00  0.0000000E+00 -0.6318585E-02 -0.1094450E-07

        10      0  0.0000000E+00  0.0000000E+00  0.0000000E+00  0.0000000E+00  0.0000000E+00  0.0000000E+00
        10      1  0.0000000E+00  0.0000000E+00  0.0000000E+00  0.0000000E+00  0.0000000E+00  0.0000000E+00
        10      2 -0.1038113E-02  0.3673080E-03  0.0000000E+00  0.0000000E+00 -0.2795501E-03 -0.5505979E-09
        10      3 -0.2076470E-02  0.7356772E-03  0.0000000E+00  0.0000000E+00 -0.1118999E-02 -0.2203714E-08
        10      4 -0.5184394E-02  0.1854445E-02  0.0000000E+00  0.0000000E+00 -0.7003809E-02 -0.1379785E-07

        11      0  0.0000000E+00  0.0000000E+00  0.0000000E+00  0.0000000E+00  0.0000000E+00  0.0000000E+00
        11      1  0.0000000E+00  0.0000000E+00  0.0000000E+00  0.0000000E+00  0.0000000E+00  0.0000000E+00
        11      2  0.9844967E-03  0.1521667E-04  0.0000000E+00  0.0000000E+00 -0.3068284E-03 -0.5378018E-09
        11      3  0.1970133E-02  0.2928504E-04  0.0000000E+00  0.0000000E+00 -0.1227969E-02 -0.2152642E-08
        11      4  0.4946215E-02  0.5284515E-04  0.0000000E+00  0.0000000E+00 -0.7685103E-02 -0.1349308E-07

        12      0  0.0000000E+00  0.0000000E+00  0.0000000E+00  0.0000000E+00  0.0000000E+00  0.0000000E+00
        12      1  0.0000000E+00  0.0000000E+00  0.0000000E+00  0.0000000E+00  0.0000000E+00  0.0000000E+00
        12      2 -0.2497057E-03 -0.3867634E-03  0.0000000E+00  0.0000000E+00 -0.3374820E-03 -0.5418447E-09
        12      3 -0.5060590E-03 -0.7722612E-03  0.0000000E+00  0.0000000E+00 -0.1344857E-02 -0.2167728E-08
        12      4 -0.1342875E-02 -0.1912972E-02  0.0000000E+00  0.0000000E+00 -0.8394189E-02 -0.1354993E-07

        13      0  0.0000000E+00  0.0000000E+00  0.0000000E+00  0.0000000E+00  0.0000000E+00  0.0000000E+00
        13      1  0.0000000E+00  0.0000000E+00  0.0000000E+00  0.0000000E+00  0.0000000E+00  0.0000000E+00
        13      2 -0.6625789E-03  0.4903738E-03  0.0000000E+00  0.0000000E+00 -0.3619389E-03 -0.6662258E-09
        13      3 -0.1325716E-02  0.9817051E-03  0.0000000E+00  0.0000000E+00 -0.1450427E-02 -0.2664988E-08
        13      4 -0.3293710E-02  0.2463872E-02  0.0000000E+00  0.0000000E+00 -0.9083851E-02 -0.1664309E-07

        14      0  0.0000000E+00  0.0000000E+00  0.0000000E+00  0.0000000E+00  0.0000000E+00  0.0000000E+00
        14      1  0.0000000E+00  0.0000000E+00  0.0000000E+00  0.0000000E+00  0.0000000E+00  0.0000000E+00
        14      2  0.1111009E-02 -0.2528114E-03  0.0000000E+00  0.0000000E+00 -0.3915640E-03 -0.7380674E-09
        14      3  0.2222154E-02 -0.5070543E-03  0.0000000E+00  0.0000000E+00 -0.1564665E-02 -0.2952748E-08
        14      4  0.5553183E-02 -0.1291208E-02  0.0000000E+00  0.0000000E+00 -0.9782498E-02 -0.1847196E-07

        15      0  0.0000000E+00  0.0000000E+00  0.0000000E+00  0.0000000E+00  0.0000000E+00  0.0000000E+00
        15      1  0.0000000E+00  0.0000000E+00  0.0000000E+00  0.0000000E+00  0.0000000E+00  0.0000000E+00
        15      2 -0.7901444E-03 -0.1599478E-03  0.0000000E+00  0.0000000E+00 -0.4197516E-03 -0.7052919E-09
        15      3 -0.1584853E-02 -0.3181515E-03  0.0000000E+00  0.0000000E+00 -0.1675355E-02 -0.2821697E-08
        15      4 -0.4021007E-02 -0.7671232E-03  0.0000000E+00  0.0000000E+00 -0.1046679E-01 -0.1765832E-07

        16      0  0.0000000E+00  0.0000000E+00  0.0000000E+00  0.0000000E+00  0.0000000E+00  0.0000000E+00
        16      1  0.0000000E+00  0.0000000E+00  0.0000000E+00  0.0000000E+00  0.0000000E+00  0.0000000E+00
        16      2 -0.8253084E-04  0.4621158E-03  0.0000000E+00  0.0000000E+00 -0.4442616E-03 -0.7559354E-09
        16      3 -0.1651264E-03  0.9244076E-03  0.0000000E+00  0.0000000E+00 -0.1780465E-02 -0.3023401E-08
        16      4 -0.3749494E-03  0.2305660E-02  0.0000000E+00  0.0000000E+00 -0.1115095E-01 -0.1887526E-07

        17      0  0.0000000E+00  0.0000000E+00  0.0000000E+00  0.0000000E+00  0.0000000E+00  0.0000000E+00
        17      1  0.0000000E+00  0.0000000E+00  0.0000000E+00  0.0000000E+00  0.0000000E+00  0.0000000E+00
        17      2  0.8936311E-03 -0.4426585E-03  0.0000000E+00  0.0000000E+00 -0.4758236E-03 -0.8866378E-09
        17      3  0.1783415E-02 -0.8860608E-03  0.0000000E+00  0.0000000E+00 -0.1899685E-02 -0.3546508E-08
        17      4  0.4404412E-02 -0.2228830E-02  0.0000000E+00  0.0000000E+00 -0.1187053E-01 -0.2215462E-07

        18      0  0.0000000E+00  0.0000000E+00  0.0000000E+00  0.0000000E+00  0.0000000E+00  0.0000000E+00
        18      1  0.0000000E+00  0.0000000E+00  0.0000000E+00  0.0000000E+00  0.0000000E+00  0.0000000E+00
        18      2 -0.1087231E-02  0.1163022E-03  0.0000000E+00  0.0000000E+00 -0.5018196E-03 -0.9104828E-09
        18      3 -0.2175887E-02  0.2345709E-03  0.0000000E+00  0.0000000E+00 -0.2005952E-02 -0.3643809E-08
        18      4 -0.5458994E-02  0.6198029E-03  0.0000000E+00  0.0000000E+00 -0.1254432E-01 -0.2282893E-07

        19      0  0.0000000E+00  0.0000000E+00  0.0000000E+00  0.0000000E+00  0.0000000E+00  0.0000000E+00
        19      1  0.0000000E+00  0.0000000E+00  0.0000000E+00  0.0000000E+00  0.0000000E+00  0.0000000E+00
        19      2  0.5235160E-03  0.2911890E-03  0.0000000E+00  0.0000000E+00 -0.5270469E-03 -0.8857599E-09
        19      3  0.1048604E-02  0.5812391E-03  0.0000000E+00  0.0000000E+00 -0.2111105E-02 -0.3544615E-08
        19      4  0.2673801E-02  0.1427797E-02  0.0000000E+00  0.0000000E+00 -0.1321830E-01 -0.2218927E-07

        20      0  0.0000000E+00  0.0000000E+00  0.0000000E+00  0.0000000E+00  0.0000000E+00  0.0000000E+00
        20      1  0.0000000E+00  0.0000000E+00  0.0000000E+00  0.0000000E+00  0.0000000E+00  0.0000000E+00
        20      2  0.4001179E-03 -0.4958666E-03  0.0000000E+00  0.0000000E+00 -0.5589888E-03 -0.9823484E-09
        20      3  0.7921646E-03 -0.9911324E-03  0.0000000E+00  0.0000000E+00 -0.2231242E-02 -0.3930001E-08
        20      4  0.1874681E-02 -0.2471061E-02  0.0000000E+00  0.0000000E+00 -0.1394100E-01 -0.2455052E-07

        21      0  0.0000000E+00  0.0000000E+00  0.0000000E+00  0.0000000E+00  0.0000000E+00  0.0000000E+00
        21      1  0.0000000E+00  0.0000000E+00  0.0000000E+00  0.0000000E+00  0.0000000E+00  0.0000000E+00
        21      2 -0.1049972E-02  0.3568534E-03  0.0000000E+00  0.0000000E+00 -0.5836859E-03 -0.1091646E-08
        21      3 -0.2099295E-02  0.7155861E-03  0.0000000E+00  0.0000000E+00 -0.2335943E-02 -0.4368849E-08
        21      4 -0.5226308E-02  0.1818602E-02  0.0000000E+00  0.0000000E+00 -0.1461887E-01 -0.2734808E-07

        22      0  0.0000000E+00  0.0000000E+00  0.0000000E+00  0.0000000E+00  0.0000000E+00  0.0000000E+00
        22      1  0.0000000E+00  0.0000000E+00  0.0000000E+00  0.0000000E+00  0.0000000E+00  0.0000000E+00
        22      2  0.9680722E-03  0.3041962E-04  0.0000000E+00  0.0000000E+00 -0.6105648E-03 -0.1075630E-08
        22      3  0.1938557E-02  0.5854654E-04  0.0000000E+00  0.0000000E+00 -0.2443562E-02 -0.4305373E-08
        22      4  0.4890181E-02  0.1056715E-03  0.0000000E+00  0.0000000E+00 -0.1529275E-01 -0.2698628E-07

        23      0  0.0000000E+00  0.0000000E+00  0.0000000E+00  0.0000000E+00  0.0000000E+00  0.0000000E+00
        23      1  0.0000000E+00  0.0000000E+00  0.0000000E+00  0.0000000E+00  0.0000000E+00  0.0000000E+00
        23      2 -0.2164500E-03 -0.3961494E-03  0.0000000E+00  0.0000000E+00 -0.6410531E-03 -0.1083991E-08
        23      3 -0.4421779E-03 -0.7903491E-03  0.0000000E+00  0.0000000E+00 -0.2559622E-02 -0.4337048E-08
        23      4 -0.1228474E-02 -0.1946043E-02  0.0000000E+00  0.0000000E+00 -0.1599575E-01 -0.2711682E-07

        24      0  0.0000000E+00  0.0000000E+00  0.0000000E+00  0.0000000E+00  0.0000000E+00  0.0000000E+00
        24      1  0.0000000E+00  0.0000000E+00  0.0000000E+00  0.0000000E+00  0.0000000E+00  0.0000000E+00
        24      2 -0.6896045E-03  0.4874308E-03  0.0000000E+00  0.0000000E+00 -0.6652379E-03 -0.1210329E-08
        24      3 -0.1377678E-02  0.9760857E-03  0.0000000E+00  0.0000000E+00 -0.2664071E-02 -0.4841919E-08
        24      4 -0.3387776E-02  0.2454387E-02  0.0000000E+00  0.0000000E+00 -0.1667833E-01 -0.3024657E-07

        25      0  0.0000000E+00  0.0000000E+00  0.0000000E+00  0.0000000E+00  0.0000000E+00  0.0000000E+00
        25      1  0.0000000E+00  0.0000000E+00  0.0000000E+00  0.0000000E+00  0.0000000E+00  0.0000000E+00
        25      2  0.1113092E-02 -0.2395920E-03  0.0000000E+00  0.0000000E+00 -0.6944510E-03 -0.1277274E-08
        25      3  0.2226336E-02 -0.4816618E-03  0.0000000E+00  0.0000000E+00 -0.2776873E-02 -0.5110843E-08
        25      4  0.5562674E-02 -0.1245873E-02  0.0000000E+00  0.0000000E+00 -0.1736907E-01 -0.3199096E-07

        26      0  0.0000000E+00  0.0000000E+00  0.0000000E+00  0.0000000E+00  0.0000000E+00  0.0000000E+00
        26      1  0.0000000E+00  0.0000000E+00  0.0000000E+00  0.0000000E+00  0.0000000E+00  0.0000000E+00
        26      2 -0.7658209E-03 -0.1742664E-03  0.0000000E+00  0.0000000E+00 -0.7224917E-03 -0.1243980E-08
        26      3 -0.1538284E-02 -0.3456984E-03  0.0000000E+00  0.0000000E+00 -0.2886735E-02 -0.4977674E-08
        26      4 -0.3939028E-02 -0.8169247E-03  0.0000000E+00  0.0000000E+00 -0.1804705E-01 -0.3116458E-07

        27      0  0.0000000E+00  0.0000000E+00  0.0000000E+00  0.0000000E+00  0.0000000E+00  0.0000000E+00
        27      1  0.0000000E+00  0.0000000E+00  0.0000000E+00  0.0000000E+00  0.0000000E+00  0.0000000E+00
        27      2 -0.1164308E-03  0.4675998E-03  0.0000000E+00  0.0000000E+00 -0.7467018E-03 -0.1299661E-08
        27      3 -0.2303534E-03  0.9350228E-03  0.0000000E+00  0.0000000E+00 -0.2990741E-02 -0.5198740E-08
        27      4 -0.4926785E-03  0.2325598E-02  0.0000000E+00  0.0000000E+00 -0.1872453E-01 -0.3246855E-07

        28      0  0.0000000E+00  0.0000000E+00  0.0000000E+00  0.0000000E+00  0.0000000E+00  0.0000000E+00
        28      1  0.0000000E+00  0.0000000E+00  0.0000000E+00  0.0000000E+00  0.0000000E+00  0.0000000E+00
        28      2  0.9135646E-03 -0.4354987E-03  0.0000000E+00  0.0000000E+00 -0.7779082E-03 -0.1429372E-08
        28      3  0.1822008E-02 -0.8723706E-03  0.0000000E+00  0.0000000E+00 -0.3108645E-02 -0.5718094E-08
        28      4  0.4476206E-02 -0.2205062E-02  0.0000000E+00  0.0000000E+00 -0.1943649E-01 -0.3573342E-07

        29      0  0.0000000E+00  0.0000000E+00  0.0000000E+00  0.0000000E+00  0.0000000E+00  0.0000000E+00
        29      1  0.0000000E+00  0.0000000E+00  0.0000000E+00  0.0000000E+00  0.0000000E+00  0.0000000E+00
        29      2 -0.1079294E-02  0.1014607E-03  0.0000000E+00  0.0000000E+00 -0.8037197E-03 -0.1448459E-08
        29      3 -0.2160817E-02  0.2060411E-03  0.0000000E+00  0.0000000E+00 -0.3213938E-02 -0.5797033E-08
        29      4 -0.5434048E-02  0.5686204E-03  0.0000000E+00  0.0000000E+00 -0.2010331E-01 -0.3632378E-07

        30      0  0.0000000E+00  0.0000000E+00  0.0000000E+00  0.0000000E+00  0.0000000E+00  0.0000000E+00
        30      1  0.0000000E+00  0.0000000E+00  0.0000000E+00  0.0000000E+00  0.0000000E+00  0.0000000E+00
        30      2  0.4932012E-03  0.3034072E-03  0.0000000E+00  0.0000000E+00 -0.8286034E-03 -0.1426128E-08
        30      3  0.9902618E-03  0.6048072E-03  0.0000000E+00  0.0000000E+00 -0.3317915E-02 -0.5706969E-08
        30      4  0.2569113E-02  0.1470932E-02  0.0000000E+00  0.0000000E+00 -0.2077056E-01 -0.3572266E-07

        31      0  0.0000000E+00  0.0000000E+00  0.0000000E+00  0.0000000E+00  0.0000000E+00  0.0000000E+00
        31      1  0.0000000E+00  0.0000000E+00  0.0000000E+00  0.0000000E+00  0.0000000E+00  0.0000000E+00
        31      2  0.4317012E-03 -0.4969670E-03  0.0000000E+00  0.0000000E+00 -0.8602928E-03 -0.1526767E-08
        31      3  0.8530555E-03 -0.9933407E-03  0.0000000E+00  0.0000000E+00 -0.3437011E-02 -0.6108020E-08
        31      4  0.1985564E-02 -0.2476103E-02  0.0000000E+00  0.0000000E+00 -0.2148658E-01 -0.3815665E-07

        32      0  0.0000000E+00  0.0000000E+00  0.0000000E+00  0.0000000E+00  0.0000000E+00  0.0000000E+00
        32      1  0.0000000E+00  0.0000000E+00  0.0000000E+00  0.0000000E+00  0.0000000E+00  0.0000000E+00
        32      2 -0.1060854E-02  0.3460663E-03  0.0000000E+00  0.0000000E+00 -0.8847558E-03 -0.1632488E-08
        32      3 -0.2120320E-02  0.6948794E-03  0.0000000E+00  0.0000000E+00 -0.3540617E-02 -0.6533219E-08
        32      4 -0.5265914E-02  0.1781951E-02  0.0000000E+00  0.0000000E+00 -0.2215717E-01 -0.4089562E-07

        33      0  0.0000000E+00  0.0000000E+00  0.0000000E+00  0.0000000E+00  0.0000000E+00  0.0000000E+00
        33      1  0.0000000E+00  0.0000000E+00  0.0000000E+00  0.0000000E+00  0.0000000E+00  0.0000000E+00
        33      2  0.9507420E-03  0.4559466E-04  0.0000000E+00  0.0000000E+00 -0.9112403E-03 -0.1613496E-08
        33      3  0.1905298E-02  0.8775917E-04  0.0000000E+00  0.0000000E+00 -0.3646905E-02 -0.6458237E-08
        33      4  0.4831927E-02  0.1584548E-03  0.0000000E+00  0.0000000E+00 -0.2282373E-01 -0.4047963E-07

        34      0  0.0000000E+00  0.0000000E+00  0.0000000E+00  0.0000000E+00  0.0000000E+00  0.0000000E+00
        34      1  0.0000000E+00  0.0000000E+00  0.0000000E+00  0.0000000E+00  0.0000000E+00  0.0000000E+00
        34      2 -0.1829909E-03 -0.4051662E-03  0.0000000E+00  0.0000000E+00 -0.9415631E-03 -0.1626328E-08
        34      3 -0.3779100E-03 -0.8077561E-03  0.0000000E+00  0.0000000E+00 -0.3762141E-02 -0.6507073E-08
        34      4 -0.1113508E-02 -0.1978244E-02  0.0000000E+00  0.0000000E+00 -0.2352071E-01 -0.4068584E-07

        35      0  0.0000000E+00  0.0000000E+00  0.0000000E+00  0.0000000E+00  0.0000000E+00  0.0000000E+00
        35      1  0.0000000E+00  0.0000000E+00  0.0000000E+00  0.0000000E+00  0.0000000E+00  0.0000000E+00
        35      2 -0.7159865E-03  0.4840331E-03  0.0000000E+00  0.0000000E+00 -0.9654801E-03 -0.1754335E-08
        35      3 -0.1428451E-02  0.9696241E-03  0.0000000E+00  0.0000000E+00 -0.3865480E-02 -0.7018496E-08
        35      4 -0.3480319E-02  0.2443803E-02  0.0000000E+00  0.0000000E+00 -0.2419627E-01 -0.4384882E-07

        36      0  0.0000000E+00  0.0000000E+00  0.0000000E+00  0.0000000E+00  0.0000000E+00  0.0000000E+00
        36      1  0.0000000E+00  0.0000000E+00  0.0000000E+00  0.0000000E+00  0.0000000E+00  0.0000000E+00
        36      2  0.1114133E-02 -0.2261485E-03  0.0000000E+00  0.0000000E+00 -0.9942831E-03 -0.1816318E-08
        36      3  0.2228584E-02 -0.4558517E-03  0.0000000E+00  0.0000000E+00 -0.3976856E-02 -0.7268338E-08
        36      4  0.5569633E-02 -0.1199976E-02  0.0000000E+00  0.0000000E+00 -0.2487917E-01 -0.4550780E-07

        37      0  0.0000000E+00  0.0000000E+00  0.0000000E+00  0.0000000E+00  0.0000000E+00  0.0000000E+00
        37      1  0.0000000E+00  0.0000000E+00  0.0000000E+00  0.0000000E+00  0.0000000E+00  0.0000000E+00
        37      2 -0.7407842E-03 -0.1884221E-03  0.0000000E+00  0.0000000E+00 -0.1022180E-02 -0.1782814E-08
        37      3 -0.1490392E-02 -0.3729462E-03  0.0000000E+00  0.0000000E+00 -0.4085906E-02 -0.7134191E-08
        37      4 -0.3855304E-02 -0.8663562E-03  0.0000000E+00  0.0000000E+00 -0.2555093E-01 -0.4467238E-07

        38      0  0.0000000E+00  0.0000000E+00  0.0000000E+00  0.0000000E+00  0.0000000E+00  0.0000000E+00
        38      1  0.0000000E+00  0.0000000E+00  0.0000000E+00  0.0000000E+00  0.0000000E+00  0.0000000E+00
        38      2 -0.1502203E-03  0.4726473E-03  0.0000000E+00  0.0000000E+00 -0.1046095E-02 -0.1843508E-08
        38      3 -0.2953744E-03  0.9448302E-03  0.0000000E+00  0.0000000E+00 -0.4188820E-02 -0.7374537E-08
        38      4 -0.6101625E-03  0.2344491E-02  0.0000000E+00  0.0000000E+00 -0.2622180E-01 -0.4606324E-07

        39      0  0.0000000E+00  0.0000000E+00  0.0000000E+00  0.0000000E+00  0.0000000E+00  0.0000000E+00
        39      1  0.0000000E+00  0.0000000E+00  0.0000000E+00  0.0000000E+00  0.0000000E+00  0.0000000E+00
        39      2  0.9326445E-03 -0.4279324E-03  0.0000000E+00  0.0000000E+00 -0.1076944E-02 -0.1971927E-08
        39      3  0.1859024E-02 -0.8579272E-03  0.0000000E+00  0.0000000E+00 -0.4305408E-02 -0.7889021E-08
        39      4  0.4545978E-02 -0.2180304E-02  0.0000000E+00  0.0000000E+00 -0.2692620E-01 -0.4930993E-07

        40      0  0.0000000E+00  0.0000000E+00  0.0000000E+00  0.0000000E+00  0.0000000E+00  0.0000000E+00
        40      1  0.0000000E+00  0.0000000E+00  0.0000000E+00  0.0000000E+00  0.0000000E+00  0.0000000E+00
        40      2 -0.1070354E-02  0.8652515E-04  0.0000000E+00  0.0000000E+00 -0.1102577E-02 -0.1986368E-08
        40      3 -0.2143897E-02  0.1773359E-03  0.0000000E+00  0.0000000E+00 -0.4409747E-02 -0.7950004E-08
        40      4 -0.5406715E-02  0.5171922E-03  0.0000000E+00  0.0000000E+00 -0.2758614E-01 -0.4981747E-07

        41      0  0.0000000E+00  0.0000000E+00  0.0000000E+00  0.0000000E+00  0.0000000E+00  0.0000000E+00
        41      1  0.0000000E+00  0.0000000E+00  0.0000000E+00  0.0000000E+00  0.0000000E+00  0.0000000E+00
        41      2  0.4624268E-03  0.3153424E-03  0.0000000E+00  0.0000000E+00 -0.1127122E-02 -0.1966695E-08
        41      3  0.9310673E-03  0.6278535E-03  0.0000000E+00  0.0000000E+00 -0.4512567E-02 -0.7870055E-08
        41      4  0.2463279E-02  0.1513407E-02  0.0000000E+00  0.0000000E+00 -0.2824674E-01 -0.4925813E-07

        42      0  0.0000000E+00  0.0000000E+00  0.0000000E+00  0.0000000E+00  0.0000000E+00  0.0000000E+00
        42      1  0.0000000E+00  0.0000000E+00  0.0000000E+00  0.0000000E+00  0.0000000E+00  0.0000000E+00
        42      2  0.4628832E-03 -0.4976041E-03  0.0000000E+00  0.0000000E+00 -0.1158557E-02 -0.2071193E-08
        42      3  0.9132154E-03 -0.9946929E-03  0.0000000E+00  0.0000000E+00 -0.4630618E-02 -0.8286064E-08
        42      4  0.2095573E-02 -0.2480041E-02  0.0000000E+00  0.0000000E+00 -0.2895612E-01 -0.5176264E-07

        43      0  0.0000000E+00  0.0000000E+00  0.0000000E+00  0.0000000E+00  0.0000000E+00  0.0000000E+00
        43      1  0.0000000E+00  0.0000000E+00  0.0000000E+00  0.0000000E+00  0.0000000E+00  0.0000000E+00
        43      2 -0.1070750E-02  0.3349569E-03  0.0000000E+00  0.0000000E+00 -0.1182791E-02 -0.2173127E-08
        43      3 -0.2139527E-02  0.6735749E-03  0.0000000E+00  0.0000000E+00 -0.4733143E-02 -0.8696825E-08
        43      4 -0.5303196E-02  0.1744508E-02  0.0000000E+00  0.0000000E+00 -0.2961951E-01 -0.5444035E-07

        44      0  0.0000000E+00  0.0000000E+00  0.0000000E+00  0.0000000E+00  0.0000000E+00  0.0000000E+00
        44      1  0.0000000E+00  0.0000000E+00  0.0000000E+00  0.0000000E+00  0.0000000E+00  0.0000000E+00
        44      2  0.9325223E-03  0.6072759E-04  0.0000000E+00  0.0000000E+00 -0.1208886E-02 -0.2151413E-08
        44      3  0.1870386E-02  0.1168976E-03  0.0000000E+00  0.0000000E+00 -0.4838119E-02 -0.8611276E-08
        44      4  0.4771478E-02  0.2111709E-03  0.0000000E+00  0.0000000E+00 -0.3027884E-01 -0.5397309E-07

        45      0  0.0000000E+00  0.0000000E+00  0.0000000E+00  0.0000000E+00  0.0000000E+00  0.0000000E+00
        45      1  0.0000000E+00  0.0000000E+00  0.0000000E+00  0.0000000E+00  0.0000000E+00  0.0000000E+00
        45      2 -0.1493595E-03 -0.4138052E-03  0.0000000E+00  0.0000000E+00 -0.1239043E-02 -0.2168851E-08
        45      3 -0.3133103E-03 -0.8244672E-03  0.0000000E+00  0.0000000E+00 -0.4952537E-02 -0.8677785E-08
        45      4 -0.9980267E-03 -0.2009563E-02  0.0000000E+00  0.0000000E+00 -0.3096986E-01 -0.5425679E-07

        46      0  0.0000000E+00  0.0000000E+00  0.0000000E+00  0.0000000E+00  0.0000000E+00  0.0000000E+00
        46      1  0.0000000E+00  0.0000000E+00  0.0000000E+00  0.0000000E+00  0.0000000E+00  0.0000000E+00
        46      2 -0.7417007E-03  0.4801839E-03  0.0000000E+00  0.0000000E+00 -0.1262696E-02 -0.2298235E-08
        46      3 -0.1477991E-02  0.9623260E-03  0.0000000E+00  0.0000000E+00 -0.5054776E-02 -0.9194680E-08
        46      4 -0.3571300E-02  0.2432124E-02  0.0000000E+00  0.0000000E+00 -0.3163846E-01 -0.5744959E-07

        47      0  0.0000000E+00  0.0000000E+00  0.0000000E+00  0.0000000E+00  0.0000000E+00  0.0000000E+00
        47      1  0.0000000E+00  0.0000000E+00  0.0000000E+00  0.0000000E+00  0.0000000E+00  0.0000000E+00
        47      2  0.1114132E-02 -0.2124935E-03  0.0000000E+00  0.0000000E+00 -0.1291091E-02 -0.2355208E-08
        47      3  0.2228897E-02 -0.4296462E-03  0.0000000E+00  0.0000000E+00 -0.5164738E-02 -0.9425258E-08
        47      4  0.5574056E-02 -0.1153535E-02  0.0000000E+00  0.0000000E+00 -0.3231361E-01 -0.5902238E-07

        48      0  0.0000000E+00  0.0000000E+00  0.0000000E+00  0.0000000E+00  0.0000000E+00  0.0000000E+00
        48      1  0.0000000E+00  0.0000000E+00  0.0000000E+00  0.0000000E+00  0.0000000E+00  0.0000000E+00
        48      2 -0.7150577E-03 -0.2024019E-03  0.0000000E+00  0.0000000E+00 -0.1318849E-02 -0.2321803E-08
        48      3 -0.1441220E-02 -0.3998714E-03  0.0000000E+00  0.0000000E+00 -0.5272992E-02 -0.9291278E-08
        48      4 -0.3769870E-02 -0.9153954E-03  0.0000000E+00  0.0000000E+00 -0.3297925E-01 -0.5818163E-07

        49      0  0.0000000E+00  0.0000000E+00  0.0000000E+00  0.0000000E+00  0.0000000E+00  0.0000000E+00
        49      1  0.0000000E+00  0.0000000E+00  0.0000000E+00  0.0000000E+00  0.0000000E+00  0.0000000E+00
        49      2 -0.1838677E-03  0.4772535E-03  0.0000000E+00  0.0000000E+00 -0.1342473E-02 -0.2387466E-08
        49      3 -0.3601336E-03  0.9538215E-03  0.0000000E+00  0.0000000E+00 -0.5374826E-02 -0.9550754E-08
        49      4 -0.7273478E-03  0.2362331E-02  0.0000000E+00  0.0000000E+00 -0.3364356E-01 -0.5965909E-07

        50      0  0.0000000E+00  0.0000000E+00  0.0000000E+00  0.0000000E+00  0.0000000E+00  0.0000000E+00
        50      1  0.0000000E+00  0.0000000E+00  0.0000000E+00  0.0000000E+00  0.0000000E+00  0.0000000E+00
        50      2  0.9508529E-03 -0.4199668E-03  0.0000000E+00  0.0000000E+00 -0.1372962E-02 -0.2514298E-08
        50      3  0.1894431E-02 -0.8427428E-03  0.0000000E+00  0.0000000E+00 -0.5490098E-02 -0.1005927E-07
        50      4  0.4613697E-02 -0.2154568E-02  0.0000000E+00  0.0000000E+00 -0.3434043E-01 -0.6288393E-07

        51      0  0.0000000E+00  0.0000000E+00  0.0000000E+00  0.0000000E+00  0.0000000E+00  0.0000000E+00
        51      1  0.0000000E+00  0.0000000E+00  0.0000000E+00  0.0000000E+00  0.0000000E+00  0.0000000E+00
        51      2 -0.1060418E-02  0.7150951E-04  0.0000000E+00  0.0000000E+00 -0.1398421E-02 -0.2524222E-08
        51      3 -0.2125140E-02  0.1484801E-03  0.0000000E+00  0.0000000E+00 -0.5593503E-02 -0.1010276E-07
        51      4 -0.5377007E-02  0.4655416E-03  0.0000000E+00  0.0000000E+00 -0.3499361E-01 -0.6330993E-07

        52      0  0.0000000E+00  0.0000000E+00  0.0000000E+00  0.0000000E+00  0.0000000E+00  0.0000000E+00
        52      1  0.0000000E+00  0.0000000E+00  0.0000000E+00  0.0000000E+00  0.0000000E+00  0.0000000E+00
        52      2  0.4312216E-03  0.3269834E-03  0.0000000E+00  0.0000000E+00 -0.1422635E-02 -0.2507464E-08
        52      3  0.8710716E-03  0.6503579E-03  0.0000000E+00  0.0000000E+00 -0.5695183E-02 -0.1003388E-07
        52      4  0.2356349E-02  0.1555203E-02  0.0000000E+00  0.0000000E+00 -0.3564764E-01 -0.6279553E-07

        53      0  0.0000000E+00  0.0000000E+00  0.0000000E+00  0.0000000E+00  0.0000000E+00  0.0000000E+00
        53      1  0.0000000E+00  0.0000000E+00  0.0000000E+00  0.0000000E+00  0.0000000E+00  0.0000000E+00
        53      2  0.4936347E-03 -0.4977773E-03  0.0000000E+00  0.0000000E+00 -0.1453810E-02 -0.2615613E-08
        53      3  0.9725920E-03 -0.9951881E-03  0.0000000E+00  0.0000000E+00 -0.5812185E-02 -0.1046409E-07
        53      4  0.2204657E-02 -0.2482871E-02  0.0000000E+00  0.0000000E+00 -0.3635042E-01 -0.6536822E-07

        54      0  0.0000000E+00  0.0000000E+00  0.0000000E+00  0.0000000E+00  0.0000000E+00  0.0000000E+00
        54      1  0.0000000E+00  0.0000000E+00  0.0000000E+00  0.0000000E+00  0.0000000E+00  0.0000000E+00
        54      2 -0.1079650E-02  0.3235356E-03  0.0000000E+00  0.0000000E+00 -0.1477821E-02 -0.2713564E-08
        54      3 -0.2156899E-02  0.6516913E-03  0.0000000E+00  0.0000000E+00 -0.5913645E-02 -0.1085967E-07
        54      4 -0.5338139E-02  0.1706290E-02  0.0000000E+00  0.0000000E+00 -0.3700667E-01 -0.6798207E-07

        55      0  0.0000000E+00  0.0000000E+00  0.0000000E+00  0.0000000E+00  0.0000000E+00  0.0000000E+00
        55      1  0.0000000E+00  0.0000000E+00  0.0000000E+00  0.0000000E+00  0.0000000E+00  0.0000000E+00
        55      2  0.9134304E-03  0.7580429E-04  0.0000000E+00  0.0000000E+00 -0.1503532E-02 -0.2689391E-08
        55      3  0.1833852E-02  0.1459367E-03  0.0000000E+00  0.0000000E+00 -0.6017329E-02 -0.1076453E-07
        55      4  0.4708865E-02  0.2637957E-03  0.0000000E+00  0.0000000E+00 -0.3765888E-01 -0.6746657E-07

        56      0  0.0000000E+00  0.0000000E+00  0.0000000E+00  0.0000000E+00  0.0000000E+00  0.0000000E+00
        56      1  0.0000000E+00  0.0000000E+00  0.0000000E+00  0.0000000E+00  0.0000000E+00  0.0000000E+00
        56      2 -0.1155872E-03 -0.4220585E-03  0.0000000E+00  0.0000000E+00 -0.1533522E-02 -0.2711555E-08
        56      3 -0.2484346E-03 -0.8404680E-03  0.0000000E+00  0.0000000E+00 -0.6130932E-02 -0.1084916E-07
        56      4 -0.8820834E-03 -0.2039984E-02  0.0000000E+00  0.0000000E+00 -0.3834401E-01 -0.6782945E-07

        57      0  0.0000000E+00  0.0000000E+00  0.0000000E+00  0.0000000E+00  0.0000000E+00  0.0000000E+00
        57      1  0.0000000E+00  0.0000000E+00  0.0000000E+00  0.0000000E+00  0.0000000E+00  0.0000000E+00
        57      2 -0.7667231E-03  0.4758868E-03  0.0000000E+00  0.0000000E+00 -0.1556916E-02 -0.2842017E-08
        57      3 -0.1526257E-02  0.9541977E-03  0.0000000E+00  0.0000000E+00 -0.6232080E-02 -0.1137043E-07
        57      4 -0.3660678E-02  0.2419356E-02  0.0000000E+00  0.0000000E+00 -0.3900570E-01 -0.7104858E-07

        58      0  0.0000000E+00  0.0000000E+00  0.0000000E+00  0.0000000E+00  0.0000000E+00  0.0000000E+00
        58      1  0.0000000E+00  0.0000000E+00  0.0000000E+00  0.0000000E+00  0.0000000E+00  0.0000000E+00
        58      2  0.1113087E-02 -0.1986397E-03  0.0000000E+00  0.0000000E+00 -0.1584905E-02 -0.2893951E-08
        58      3  0.2227273E-02 -0.4030681E-03  0.0000000E+00  0.0000000E+00 -0.6340642E-02 -0.1158163E-07
        58      4  0.5575941E-02 -0.1106572E-02  0.0000000E+00  0.0000000E+00 -0.3967318E-01 -0.7253456E-07

        59      0  0.0000000E+00  0.0000000E+00  0.0000000E+00  0.0000000E+00  0.0000000E+00  0.0000000E+00
        59      1  0.0000000E+00  0.0000000E+00  0.0000000E+00  0.0000000E+00  0.0000000E+00  0.0000000E+00
        59      2 -0.6886650E-03 -0.2161927E-03  0.0000000E+00  0.0000000E+00 -0.1612526E-02 -0.2860953E-08
        59      3 -0.1390807E-02 -0.4264509E-03  0.0000000E+00  0.0000000E+00 -0.6448115E-02 -0.1144896E-07
        59      4 -0.3682764E-02 -0.9640205E-03  0.0000000E+00  0.0000000E+00 -0.4033279E-01 -0.7169218E-07

        60      0  0.0000000E+00  0.0000000E+00  0.0000000E+00  0.0000000E+00  0.0000000E+00  0.0000000E+00
        60      1  0.0000000E+00  0.0000000E+00  0.0000000E+00  0.0000000E+00  0.0000000E+00  0.0000000E+00
        60      2 -0.2173417E-03  0.4814144E-03  0.0000000E+00  0.0000000E+00 -0.1635864E-02 -0.2931525E-08
        60      3 -0.4245749E-03  0.9619890E-03  0.0000000E+00  0.0000000E+00 -0.6548879E-02 -0.1172735E-07
        60      4 -0.8441813E-03  0.2379110E-02  0.0000000E+00  0.0000000E+00 -0.4099061E-01 -0.7325581E-07

        61      0  0.0000000E+00  0.0000000E+00  0.0000000E+00  0.0000000E+00  0.0000000E+00  0.0000000E+00
        61      1  0.0000000E+00  0.0000000E+00  0.0000000E+00  0.0000000E+00  0.0000000E+00  0.0000000E+00
        61      2  0.9681725E-03 -0.4116091E-03  0.0000000E+00  0.0000000E+00 -0.1665993E-02 -0.3056479E-08
        61      3  0.1928197E-02 -0.8268306E-03  0.0000000E+00  0.0000000E+00 -0.6662837E-02 -0.1222882E-07
        61      4  0.4679330E-02 -0.2127866E-02  0.0000000E+00  0.0000000E+00 -0.4168001E-01 -0.7645517E-07

        62      0  0.0000000E+00  0.0000000E+00  0.0000000E+00  0.0000000E+00  0.0000000E+00  0.0000000E+00
        62      1  0.0000000E+00  0.0000000E+00  0.0000000E+00  0.0000000E+00  0.0000000E+00  0.0000000E+00
        62      2 -0.1049497E-02  0.5642776E-04  0.0000000E+00  0.0000000E+00 -0.1691284E-02 -0.3062033E-08
        62      3 -0.2104564E-02  0.1194985E-03  0.0000000E+00  0.0000000E+00 -0.6765327E-02 -0.1225536E-07
        62      4 -0.5344937E-02  0.4136922E-03  0.0000000E+00  0.0000000E+00 -0.4232650E-01 -0.7680104E-07

        63      0  0.0000000E+00  0.0000000E+00  0.0000000E+00  0.0000000E+00  0.0000000E+00  0.0000000E+00
        63      1  0.0000000E+00  0.0000000E+00  0.0000000E+00  0.0000000E+00  0.0000000E+00  0.0000000E+00
        63      2  0.3996148E-03  0.3383192E-03  0.0000000E+00  0.0000000E+00 -0.1715171E-02 -0.3048435E-08
        63      3  0.8103272E-03  0.6723009E-03  0.0000000E+00  0.0000000E+00 -0.6865884E-02 -0.1219845E-07
        63      4  0.2248373E-02  0.1596300E-02  0.0000000E+00  0.0000000E+00 -0.4297406E-01 -0.7633466E-07

        64      0  0.0000000E+00  0.0000000E+00  0.0000000E+00  0.0000000E+00  0.0000000E+00  0.0000000E+00
        64      1  0.0000000E+00  0.0000000E+00  0.0000000E+00  0.0000000E+00  0.0000000E+00  0.0000000E+00
        64      2  0.5239268E-03 -0.4974864E-03  0.0000000E+00  0.0000000E+00 -0.1746085E-02 -0.3160015E-08
        64      3  0.1031134E-02 -0.9948256E-03  0.0000000E+00  0.0000000E+00 -0.6981834E-02 -0.1264205E-07
        64      4  0.2312765E-02 -0.2484593E-02  0.0000000E+00  0.0000000E+00 -0.4367027E-01 -0.7897306E-07

        65      0  0.0000000E+00  0.0000000E+00  0.0000000E+00  0.0000000E+00  0.0000000E+00  0.0000000E+00
        65      1  0.0000000E+00  0.0000000E+00  0.0000000E+00  0.0000000E+00  0.0000000E+00  0.0000000E+00
        65      2 -0.1087546E-02  0.3118129E-03  0.0000000E+00  0.0000000E+00 -0.1769877E-02 -0.3253801E-08
        65      3 -0.2172422E-02  0.6292474E-03  0.0000000E+00  0.0000000E+00 -0.7082244E-02 -0.1302177E-07
        65      4 -0.5370727E-02  0.1667316E-02  0.0000000E+00  0.0000000E+00 -0.4431947E-01 -0.8152057E-07

        66      0  0.0000000E+00  0.0000000E+00  0.0000000E+00  0.0000000E+00  0.0000000E+00  0.0000000E+00
        66      1  0.0000000E+00  0.0000000E+00  0.0000000E+00  0.0000000E+00  0.0000000E+00  0.0000000E+00
        66      2  0.8934841E-03  0.9081067E-04  0.0000000E+00  0.0000000E+00 -0.1795209E-02 -0.3227444E-08
        66      3  0.1795727E-02  0.1748512E-03  0.0000000E+00  0.0000000E+00 -0.7184655E-02 -0.1291804E-07
        66      4  0.4644117E-02  0.3163049E-03  0.0000000E+00  0.0000000E+00 -0.4496464E-01 -0.8095992E-07

        67      0  0.0000000E+00  0.0000000E+00  0.0000000E+00  0.0000000E+00  0.0000000E+00  0.0000000E+00
        67      1  0.0000000E+00  0.0000000E+00  0.0000000E+00  0.0000000E+00  0.0000000E+00  0.0000000E+00
        67      2 -0.8170535E-04 -0.4299184E-03  0.0000000E+00  0.0000000E+00 -0.1825032E-02 -0.3254434E-08
        67      3 -0.1833384E-03 -0.8557448E-03  0.0000000E+00  0.0000000E+00 -0.7297447E-02 -0.1302119E-07
        67      4 -0.7657300E-03 -0.2069494E-02  0.0000000E+00  0.0000000E+00 -0.4564394E-01 -0.8140353E-07

        68      0  0.0000000E+00  0.0000000E+00  0.0000000E+00  0.0000000E+00  0.0000000E+00  0.0000000E+00
        68      1  0.0000000E+00  0.0000000E+00  0.0000000E+00  0.0000000E+00  0.0000000E+00  0.0000000E+00
        68      2 -0.7910306E-03  0.4711458E-03  0.0000000E+00  0.0000000E+00 -0.1848171E-02 -0.3385671E-08
        68      3 -0.1573207E-02  0.9452464E-03  0.0000000E+00  0.0000000E+00 -0.7397514E-02 -0.1354571E-07
        68      4 -0.3748413E-02  0.2405505E-02  0.0000000E+00  0.0000000E+00 -0.4629879E-01 -0.8464545E-07

        69      0  0.0000000E+00  0.0000000E+00  0.0000000E+00  0.0000000E+00  0.0000000E+00  0.0000000E+00
        69      1  0.0000000E+00  0.0000000E+00  0.0000000E+00  0.0000000E+00  0.0000000E+00  0.0000000E+00
        69      2  0.1111000E-02 -0.1846000E-03  0.0000000E+00  0.0000000E+00 -0.1875756E-02 -0.3432557E-08
        69      3  0.2223714E-02 -0.3761402E-03  0.0000000E+00  0.0000000E+00 -0.7504688E-02 -0.1373749E-07
        69      4  0.5575288E-02 -0.1059110E-02  0.0000000E+00  0.0000000E+00 -0.4695868E-01 -0.8604414E-07

        70      0  0.0000000E+00  0.0000000E+00  0.0000000E+00  0.0000000E+00  0.0000000E+00  0.0000000E+00
        70      1  0.0000000E+00  0.0000000E+00  0.0000000E+00  0.0000000E+00  0.0000000E+00  0.0000000E+00
        70      2 -0.6616307E-03 -0.2297817E-03  0.0000000E+00  0.0000000E+00 -0.1903244E-02 -0.3400273E-08
        70      3 -0.1339198E-02 -0.4526618E-03  0.0000000E+00  0.0000000E+00 -0.7611394E-02 -0.1360727E-07
        70      4 -0.3594026E-02 -0.1012209E-02  0.0000000E+00  0.0000000E+00 -0.4761235E-01 -0.8520386E-07

        71      0  0.0000000E+00  0.0000000E+00  0.0000000E+00  0.0000000E+00  0.0000000E+00  0.0000000E+00
        71      1  0.0000000E+00  0.0000000E+00  0.0000000E+00  0.0000000E+00  0.0000000E+00  0.0000000E+00
        71      2 -0.2506111E-03  0.4851258E-03  0.0000000E+00  0.0000000E+00 -0.1926300E-02 -0.3475674E-08
        71      3 -0.4886428E-03  0.9693255E-03  0.0000000E+00  0.0000000E+00 -0.7711100E-02 -0.1390430E-07
        71      4 -0.9606097E-03  0.2394820E-02  0.0000000E+00  0.0000000E+00 -0.4826375E-01 -0.8685303E-07

        72      0  0.0000000E+00  0.0000000E+00  0.0000000E+00  0.0000000E+00  0.0000000E+00  0.0000000E+00
        72      1  0.0000000E+00  0.0000000E+00  0.0000000E+00  0.0000000E+00  0.0000000E+00  0.0000000E+00
        72      2  0.9845871E-03 -0.4028672E-03  0.0000000E+00  0.0000000E+00 -0.1956066E-02 -0.3598467E-08
        72      3  0.1960292E-02 -0.8102043E-03  0.0000000E+00  0.0000000E+00 -0.7823744E-02 -0.1439766E-07
        72      4  0.4742846E-02 -0.2100210E-02  0.0000000E+00  0.0000000E+00 -0.4894571E-01 -0.9002333E-07

        73      0  0.0000000E+00  0.0000000E+00  0.0000000E+00  0.0000000E+00  0.0000000E+00  0.0000000E+00
        73      1  0.0000000E+00  0.0000000E+00  0.0000000E+00  0.0000000E+00  0.0000000E+00  0.0000000E+00
        73      2 -0.1037601E-02  0.4129398E-04  0.0000000E+00  0.0000000E+00 -0.1981195E-02 -0.3599814E-08
        73      3 -0.2082184E-02  0.9041617E-04  0.0000000E+00  0.0000000E+00 -0.7925338E-02 -0.1440782E-07
        73      4 -0.5310519E-02  0.3616674E-03  0.0000000E+00  0.0000000E+00 -0.4958563E-01 -0.9029064E-07

        74      0  0.0000000E+00  0.0000000E+00  0.0000000E+00  0.0000000E+00  0.0000000E+00  0.0000000E+00
        74      1  0.0000000E+00  0.0000000E+00  0.0000000E+00  0.0000000E+00  0.0000000E+00  0.0000000E+00
        74      2  0.3676362E-03  0.3493394E-03  0.0000000E+00  0.0000000E+00 -0.2004760E-02 -0.3589610E-08
        74      3  0.7488869E-03  0.6936635E-03  0.0000000E+00  0.0000000E+00 -0.8024790E-02 -0.1436377E-07
        74      4  0.2139402E-02  0.1636681E-02  0.0000000E+00  0.0000000E+00 -0.5022679E-01 -0.8987526E-07

        75      0  0.0000000E+00  0.0000000E+00  0.0000000E+00  0.0000000E+00  0.0000000E+00  0.0000000E+00
        75      1  0.0000000E+00  0.0000000E+00  0.0000000E+00  0.0000000E+00  0.0000000E+00  0.0000000E+00
        75      2  0.5537312E-03 -0.4967316E-03  0.0000000E+00  0.0000000E+00 -0.2035409E-02 -0.3704387E-08
        75      3  0.1088790E-02 -0.9936057E-03  0.0000000E+00  0.0000000E+00 -0.8139683E-02 -0.1481990E-07
        75      4  0.2419848E-02 -0.2485206E-02  0.0000000E+00  0.0000000E+00 -0.5091646E-01 -0.9257678E-07

        76      0  0.0000000E+00  0.0000000E+00  0.0000000E+00  0.0000000E+00  0.0000000E+00  0.0000000E+00
        76      1  0.0000000E+00  0.0000000E+00  0.0000000E+00  0.0000000E+00  0.0000000E+00  0.0000000E+00
        76      2 -0.1094430E-02  0.2997999E-03  0.0000000E+00  0.0000000E+00 -0.2058988E-02 -0.3793842E-08
        76      3 -0.2186083E-02  0.6062627E-03  0.0000000E+00  0.0000000E+00 -0.8239059E-02 -0.1518313E-07
        76      4 -0.5400948E-02  0.1627603E-02  0.0000000E+00  0.0000000E+00 -0.5155868E-01 -0.9505559E-07

        77      0  0.0000000E+00  0.0000000E+00  0.0000000E+00  0.0000000E+00  0.0000000E+00  0.0000000E+00
        77      1  0.0000000E+00  0.0000000E+00  0.0000000E+00  0.0000000E+00  0.0000000E+00  0.0000000E+00
        77      2  0.8727023E-03  0.1057327E-03  0.0000000E+00  0.0000000E+00 -0.2083947E-02 -0.3765582E-08
        77      3  0.1756046E-02  0.2036161E-03  0.0000000E+00  0.0000000E+00 -0.8340217E-02 -0.1507185E-07
        77      4  0.4577264E-02  0.3686746E-03  0.0000000E+00  0.0000000E+00 -0.5219694E-01 -0.9445296E-07

        78      0  0.0000000E+00  0.0000000E+00  0.0000000E+00  0.0000000E+00  0.0000000E+00  0.0000000E+00
        78      1  0.0000000E+00  0.0000000E+00  0.0000000E+00  0.0000000E+00  0.0000000E+00  0.0000000E+00
        78      2 -0.4774557E-04 -0.4373776E-03  0.0000000E+00  0.0000000E+00 -0.2113601E-02 -0.3797481E-08
        78      3 -0.1180779E-03 -0.8702845E-03  0.0000000E+00  0.0000000E+00 -0.8452199E-02 -0.1519383E-07
        78      4 -0.6490189E-03 -0.2098080E-02  0.0000000E+00  0.0000000E+00 -0.5287046E-01 -0.9497867E-07

        79      0  0.0000000E+00  0.0000000E+00  0.0000000E+00  0.0000000E+00  0.0000000E+00  0.0000000E+00
        79      1  0.0000000E+00  0.0000000E+00  0.0000000E+00  0.0000000E+00  0.0000000E+00  0.0000000E+00
        79      2 -0.8146006E-03  0.4659654E-03  0.0000000E+00  0.0000000E+00 -0.2136489E-02 -0.3929188E-08
        79      3 -0.1618801E-02  0.9354800E-03  0.0000000E+00  0.0000000E+00 -0.8551197E-02 -0.1572049E-07
        79      4 -0.3834468E-02  0.2390579E-02  0.0000000E+00  0.0000000E+00 -0.5351852E-01 -0.9823981E-07

        80      0  0.0000000E+00  0.0000000E+00  0.0000000E+00  0.0000000E+00  0.0000000E+00  0.0000000E+00
        80      1  0.0000000E+00  0.0000000E+00  0.0000000E+00  0.0000000E+00  0.0000000E+00  0.0000000E+00
        80      2  0.1107874E-02 -0.1703875E-03  0.0000000E+00  0.0000000E+00 -0.2163674E-02 -0.3971034E-08
        80      3  0.2218224E-02 -0.3488857E-03  0.0000000E+00  0.0000000E+00 -0.8656995E-02 -0.1589285E-07
        80      4  0.5572096E-02 -0.1011168E-02  0.0000000E+00  0.0000000E+00 -0.5417091E-01 -0.9955089E-07

        81      0  0.0000000E+00  0.0000000E+00  0.0000000E+00  0.0000000E+00  0.0000000E+00  0.0000000E+00
        81      1  0.0000000E+00  0.0000000E+00  0.0000000E+00  0.0000000E+00  0.0000000E+00  0.0000000E+00
        81      2 -0.6339799E-03 -0.2431561E-03  0.0000000E+00  0.0000000E+00 -0.2191030E-02 -0.3939768E-08
        81      3 -0.1286436E-02 -0.4784816E-03  0.0000000E+00  0.0000000E+00 -0.8762949E-02 -0.1576622E-07
        81      4 -0.3503693E-02 -0.1059941E-02  0.0000000E+00  0.0000000E+00 -0.5481873E-01 -0.9871641E-07

        82      0  0.0000000E+00  0.0000000E+00  0.0000000E+00  0.0000000E+00  0.0000000E+00  0.0000000E+00
        82      1  0.0000000E+00  0.0000000E+00  0.0000000E+00  0.0000000E+00  0.0000000E+00  0.0000000E+00
        82      2 -0.2836449E-03  0.4883844E-03  0.0000000E+00  0.0000000E+00 -0.2213809E-02 -0.4019902E-08
        82      3 -0.5522822E-03  0.9758247E-03  0.0000000E+00  0.0000000E+00 -0.8861608E-02 -0.1608154E-07
        82      4 -0.1076580E-02  0.2409454E-02  0.0000000E+00  0.0000000E+00 -0.5546376E-01 -0.1004504E-06

        83      0  0.0000000E+00  0.0000000E+00  0.0000000E+00  0.0000000E+00  0.0000000E+00  0.0000000E+00
        83      1  0.0000000E+00  0.0000000E+00  0.0000000E+00  0.0000000E+00  0.0000000E+00  0.0000000E+00
        83      2  0.1000081E-02 -0.3937492E-03  0.0000000E+00  0.0000000E+00 -0.2243211E-02 -0.4140259E-08
        83      3  0.1990689E-02 -0.7928779E-03  0.0000000E+00  0.0000000E+00 -0.8972939E-02 -0.1656578E-07
        83      4  0.4804215E-02 -0.2071612E-02  0.0000000E+00  0.0000000E+00 -0.5613835E-01 -0.1035881E-06

        84      0  0.0000000E+00  0.0000000E+00  0.0000000E+00  0.0000000E+00  0.0000000E+00  0.0000000E+00
        84      1  0.0000000E+00  0.0000000E+00  0.0000000E+00  0.0000000E+00  0.0000000E+00  0.0000000E+00
        84      2 -0.1024739E-02  0.2612226E-04  0.0000000E+00  0.0000000E+00 -0.2268183E-02 -0.4137577E-08
        84      3 -0.2058022E-02  0.6125815E-04  0.0000000E+00  0.0000000E+00 -0.9073657E-02 -0.1656021E-07
        84      4 -0.5273770E-02  0.3094909E-03  0.0000000E+00  0.0000000E+00 -0.5677178E-01 -0.1037785E-06

        85      0  0.0000000E+00  0.0000000E+00  0.0000000E+00  0.0000000E+00  0.0000000E+00  0.0000000E+00
        85      1  0.0000000E+00  0.0000000E+00  0.0000000E+00  0.0000000E+00  0.0000000E+00  0.0000000E+00
        85      2  0.3353156E-03  0.3600336E-03  0.0000000E+00  0.0000000E+00 -0.2291432E-02 -0.4130988E-08
        85      3  0.6868044E-03  0.7144273E-03  0.0000000E+00  0.0000000E+00 -0.9172019E-02 -0.1652984E-07
        85      4  0.2029486E-02  0.1676327E-02  0.0000000E+00  0.0000000E+00 -0.5740663E-01 -0.1034170E-06

        86      0  0.0000000E+00  0.0000000E+00  0.0000000E+00  0.0000000E+00  0.0000000E+00  0.0000000E+00
        86      1  0.0000000E+00  0.0000000E+00  0.0000000E+00  0.0000000E+00  0.0000000E+00  0.0000000E+00
        86      2  0.5830199E-03 -0.4955137E-03  0.0000000E+00  0.0000000E+00 -0.2321814E-02 -0.4248716E-08
        86      3  0.1145509E-02 -0.9915294E-03  0.0000000E+00  0.0000000E+00 -0.9285851E-02 -0.1699759E-07
        86      4  0.2525856E-02 -0.2484710E-02  0.0000000E+00  0.0000000E+00 -0.5808981E-01 -0.1061790E-06

        87      0  0.0000000E+00  0.0000000E+00  0.0000000E+00  0.0000000E+00  0.0000000E+00  0.0000000E+00
        87      1  0.0000000E+00  0.0000000E+00  0.0000000E+00  0.0000000E+00  0.0000000E+00  0.0000000E+00
        87      2 -0.1100298E-02  0.2875079E-03  0.0000000E+00  0.0000000E+00 -0.2345184E-02 -0.4333690E-08
        87      3 -0.2197871E-02  0.5827571E-03  0.0000000E+00  0.0000000E+00 -0.9384209E-02 -0.1734377E-07
        87      4 -0.5428789E-02  0.1587170E-02  0.0000000E+00  0.0000000E+00 -0.5872513E-01 -0.1085868E-06

        88      0  0.0000000E+00  0.0000000E+00  0.0000000E+00  0.0000000E+00  0.0000000E+00  0.0000000E+00
        88      1  0.0000000E+00  0.0000000E+00  0.0000000E+00  0.0000000E+00  0.0000000E+00  0.0000000E+00
        88      2  0.8511045E-03  0.1205564E-03  0.0000000E+00  0.0000000E+00 -0.2369775E-02 -0.4303816E-08
        88      3  0.1714842E-02  0.2322064E-03  0.0000000E+00  0.0000000E+00 -0.9484133E-02 -0.1722599E-07
        88      4  0.4508339E-02  0.4208807E-03  0.0000000E+00  0.0000000E+00 -0.5935655E-01 -0.1079454E-06

        89      0  0.0000000E+00  0.0000000E+00  0.0000000E+00  0.0000000E+00  0.0000000E+00  0.0000000E+00
        89      1  0.0000000E+00  0.0000000E+00  0.0000000E+00  0.0000000E+00  0.0000000E+00  0.0000000E+00
        89      2 -0.1373948E-04 -0.4444291E-03  0.0000000E+00  0.0000000E+00 -0.2399259E-02 -0.4340689E-08
        89      3 -0.5270922E-04 -0.8840746E-03  0.0000000E+00  0.0000000E+00 -0.9595308E-02 -0.1736707E-07
        89      4 -0.5320027E-03 -0.2125729E-02  0.0000000E+00  0.0000000E+00 -0.6002436E-01 -0.1085545E-06

        90      0  0.0000000E+00  0.0000000E+00  0.0000000E+00  0.0000000E+00  0.0000000E+00  0.0000000E+00
        90      1  0.0000000E+00  0.0000000E+00  0.0000000E+00  0.0000000E+00  0.0000000E+00  0.0000000E+00
        90      2 -0.8374114E-03  0.4603504E-03  0.0000000E+00  0.0000000E+00 -0.2421901E-02 -0.4472559E-08
        90      3 -0.1663000E-02  0.9249069E-03  0.0000000E+00  0.0000000E+00 -0.9693247E-02 -0.1789473E-07
        90      4 -0.3918805E-02  0.2374583E-02  0.0000000E+00  0.0000000E+00 -0.6066569E-01 -0.1118312E-06

        91      0  0.0000000E+00  0.0000000E+00  0.0000000E+00  0.0000000E+00  0.0000000E+00  0.0000000E+00
        91      1  0.0000000E+00  0.0000000E+00  0.0000000E+00  0.0000000E+00  0.0000000E+00  0.0000000E+00
        91      2  0.1103710E-02 -0.1560156E-03  0.0000000E+00  0.0000000E+00 -0.2448688E-02 -0.4509392E-08
        91      3  0.2210806E-02 -0.3213283E-03  0.0000000E+00  0.0000000E+00 -0.9797683E-02 -0.1804777E-07
        91      4  0.5566367E-02 -0.9627699E-03  0.0000000E+00  0.0000000E+00 -0.6131066E-01 -0.1130545E-06

        92      0  0.0000000E+00  0.0000000E+00  0.0000000E+00  0.0000000E+00  0.0000000E+00  0.0000000E+00
        92      1  0.0000000E+00  0.0000000E+00  0.0000000E+00  0.0000000E+00  0.0000000E+00  0.0000000E+00
        92      2 -0.6057380E-03 -0.2563037E-03  0.0000000E+00  0.0000000E+00 -0.2475915E-02 -0.4479445E-08
        92      3 -0.1232566E-02 -0.5038882E-03  0.0000000E+00  0.0000000E+00 -0.9902898E-02 -0.1792583E-07
        92      4 -0.3411805E-02 -0.1107193E-02  0.0000000E+00  0.0000000E+00 -0.6195272E-01 -0.1122295E-06

        93      0  0.0000000E+00  0.0000000E+00  0.0000000E+00  0.0000000E+00  0.0000000E+00  0.0000000E+00
        93      1  0.0000000E+00  0.0000000E+00  0.0000000E+00  0.0000000E+00  0.0000000E+00  0.0000000E+00
        93      2 -0.3164123E-03  0.4911872E-03  0.0000000E+00  0.0000000E+00 -0.2498421E-02 -0.4564196E-08
        93      3 -0.6154383E-03  0.9814812E-03  0.0000000E+00  0.0000000E+00 -0.1000052E-01 -0.1825904E-07
        93      4 -0.1192041E-02  0.2423006E-02  0.0000000E+00  0.0000000E+00 -0.6259145E-01 -0.1140474E-06

        94      0  0.0000000E+00  0.0000000E+00  0.0000000E+00  0.0000000E+00  0.0000000E+00  0.0000000E+00
        94      1  0.0000000E+00  0.0000000E+00  0.0000000E+00  0.0000000E+00  0.0000000E+00  0.0000000E+00
        94      2  0.1014640E-02 -0.3842636E-03  0.0000000E+00  0.0000000E+00 -0.2527459E-02 -0.4681852E-08
        94      3  0.2019360E-02 -0.7748665E-03  0.0000000E+00  0.0000000E+00 -0.1011054E-01 -0.1873316E-07
        94      4  0.4863409E-02 -0.2042085E-02  0.0000000E+00  0.0000000E+00 -0.6325872E-01 -0.1171490E-06

        95      0  0.0000000E+00  0.0000000E+00  0.0000000E+00  0.0000000E+00  0.0000000E+00  0.0000000E+00
        95      1  0.0000000E+00  0.0000000E+00  0.0000000E+00  0.0000000E+00  0.0000000E+00  0.0000000E+00
        95      2 -0.1010926E-02  0.1092675E-04  0.0000000E+00  0.0000000E+00 -0.2552278E-02 -0.4675334E-08
        95      3 -0.2032096E-02  0.3204956E-04  0.0000000E+00  0.0000000E+00 -0.1021040E-01 -0.1871255E-07
        95      4 -0.5234704E-02  0.2571864E-03  0.0000000E+00  0.0000000E+00 -0.6388577E-01 -0.1172644E-06

        96      0  0.0000000E+00  0.0000000E+00  0.0000000E+00  0.0000000E+00  0.0000000E+00  0.0000000E+00
        96      1  0.0000000E+00  0.0000000E+00  0.0000000E+00  0.0000000E+00  0.0000000E+00  0.0000000E+00
        96      2  0.3026834E-03  0.3703917E-03  0.0000000E+00  0.0000000E+00 -0.2575216E-02 -0.4672567E-08
        96      3  0.6241337E-03  0.7345741E-03  0.0000000E+00  0.0000000E+00 -0.1030769E-01 -0.1869664E-07
        96      4  0.1918677E-02  0.1715219E-02  0.0000000E+00  0.0000000E+00 -0.6451439E-01 -0.1169596E-06

        97      0  0.0000000E+00  0.0000000E+00  0.0000000E+00  0.0000000E+00  0.0000000E+00  0.0000000E+00
        97      1  0.0000000E+00  0.0000000E+00  0.0000000E+00  0.0000000E+00  0.0000000E+00  0.0000000E+00
        97      2  0.6117655E-03 -0.4938337E-03  0.0000000E+00  0.0000000E+00 -0.2605327E-02 -0.4792992E-08
        97      3  0.1201243E-02 -0.9885986E-03  0.0000000E+00  0.0000000E+00 -0.1042046E-01 -0.1917509E-07
        97      4  0.2630740E-02 -0.2483104E-02  0.0000000E+00  0.0000000E+00 -0.6519110E-01 -0.1197791E-06

        98      0  0.0000000E+00  0.0000000E+00  0.0000000E+00  0.0000000E+00  0.0000000E+00  0.0000000E+00
        98      1  0.0000000E+00  0.0000000E+00  0.0000000E+00  0.0000000E+00  0.0000000E+00  0.0000000E+00
        98      2 -0.1105142E-02  0.2749482E-03  0.0000000E+00  0.0000000E+00 -0.2628495E-02 -0.4873350E-08
        98      3 -0.2207776E-02  0.5587510E-03  0.0000000E+00  0.0000000E+00 -0.1051781E-01 -0.1950369E-07
        98      4 -0.5454238E-02  0.1546035E-02  0.0000000E+00  0.0000000E+00 -0.6581960E-01 -0.1221139E-06

        99      0  0.0000000E+00  0.0000000E+00  0.0000000E+00  0.0000000E+00  0.0000000E+00  0.0000000E+00
        99      1  0.0000000E+00  0.0000000E+00  0.0000000E+00  0.0000000E+00  0.0000000E+00  0.0000000E+00
        99      2  0.8287110E-03  0.1352680E-03  0.0000000E+00  0.0000000E+00 -0.2652723E-02 -0.4842157E-08
        99      3  0.1672153E-02  0.2605975E-03  0.0000000E+00  0.0000000E+00 -0.1061652E-01 -0.1938050E-07
        99      4  0.4437375E-02  0.4728994E-03  0.0000000E+00  0.0000000E+00 -0.6644429E-01 -0.1214371E-06

       100      0  0.0000000E+00  0.0000000E+00  0.0000000E+00  0.0000000E+00  0.0000000E+00  0.0000000E+00
       100      1  0.0000000E+00  0.0000000E+00  0.0000000E+00  0.0000000E+00  0.0000000E+00  0.0000000E+00
       100      2  0.2028123E-04 -0.4510663E-03  0.0000000E+00  0.0000000E+00 -0.2682036E-02 -0.4884049E-08
       100      3  0.1271137E-04 -0.8971031E-03  0.0000000E+00  0.0000000E+00 -0.1072689E-01 -0.1954086E-07
       100      4 -0.4147341E-03 -0.2152430E-02  0.0000000E+00  0.0000000E+00 -0.6710644E-01 -0.1221306E-06
