# number of rays:       5
# iteration   ray    X              A              Y              B              T              D
         0      0  0.0000000E+00  0.0000000E+00  0.0000000E+00  0.0000000E+00  0.0000000E+00  0.0000000E+00
         0      1  0.0000000E+00  0.0000000E+00  0.0000000E+00  0.0000000E+00  0.0000000E+00  0.0000000E+00
         0      2  0.1000000E-02  0.0000000E+00  0.0000000E+00  0.0000000E+00  0.0000000E+00  0.0000000E+00
         0      3  0.2000000E-02  0.0000000E+00  0.0000000E+00  0.0000000E+00  0.0000000E+00  0.0000000E+00
         0      4  0.5000000E-02  0.0000000E+00  0.0000000E+00  0.0000000E+00  0.0000000E+00  0.0000000E+00

         1      0  0.0000000E+00  0.0000000E+00  0.0000000E+00  0.0000000E+00  0.0000000E+00  0.0000000E+00
         1      1  0.0000000E+00  0.0000000E+00  0.0000000E+00  0.0000000E+00  0.0000000E+00  0.0000000E+00
         1      2  0.1313399E-04 -0.4469790E-03  0.0000000E+00  0.0000000E+00 -0.2547967E-04  0.1420681E-12
         1      3  0.2060400E-04 -0.8932098E-03  0.0000000E+00  0.0000000E+00 -0.1071527E-03  0.1257488E-11
         1      4 -0.5690028E-05 -0.2224605E-02  0.0000000E+00  0.0000000E+00 -0.6901592E-03  0.2533530E-10

         2      0  0.0000000E+00  0.0000000E+00  0.0000000E+00  0.0000000E+00  0.0000000E+00  0.0000000E+00
         2      1  0.0000000E+00  0.0000000E+00  0.0000000E+00  0.0000000E+00  0.0000000E+00  0.0000000E+00
         2      2 -0.1013822E-02  0.3851846E-03  0.0000000E+00  0.0000000E+00 -0.5655795E-04 -0.1306685E-09
         2      3 -0.2027834E-02  0.7716053E-03  0.0000000E+00  0.0000000E+00 -0.2258890E-03 -0.5223101E-09
         2      4 -0.5058379E-02  0.1946440E-02  0.0000000E+00  0.0000000E+00 -0.1412446E-02 -0.3253444E-08

         3      0  0.0000000E+00  0.0000000E+00  0.0000000E+00  0.0000000E+00  0.0000000E+00  0.0000000E+00
         3      1  0.0000000E+00  0.0000000E+00  0.0000000E+00  0.0000000E+00  0.0000000E+00  0.0000000E+00
         3      2  0.8565176E-03  0.1159165E-03  0.0000000E+00  0.0000000E+00 -0.8378501E-04 -0.1228944E-09
         3      3  0.1715098E-02  0.2301431E-03  0.0000000E+00  0.0000000E+00 -0.3345212E-03 -0.4920597E-09
         3      4  0.4331051E-02  0.5434967E-03  0.0000000E+00  0.0000000E+00 -0.2090979E-02 -0.3100589E-08

         4      0  0.0000000E+00  0.0000000E+00  0.0000000E+00  0.0000000E+00  0.0000000E+00  0.0000000E+00
         4      1  0.0000000E+00  0.0000000E+00  0.0000000E+00  0.0000000E+00  0.0000000E+00  0.0000000E+00
         4      2  0.2734981E-03 -0.4844872E-03  0.0000000E+00  0.0000000E+00 -0.1091169E-03 -0.1586968E-09
         4      3  0.5373563E-03 -0.9680559E-03  0.0000000E+00  0.0000000E+00 -0.4418160E-03 -0.6335355E-09
         4      4  0.1213553E-02 -0.2407114E-02  0.0000000E+00  0.0000000E+00 -0.2784334E-02 -0.3914092E-08

         5      0  0.0000000E+00  0.0000000E+00  0.0000000E+00  0.0000000E+00  0.0000000E+00  0.0000000E+00
         5      1  0.0000000E+00  0.0000000E+00  0.0000000E+00  0.0000000E+00  0.0000000E+00  0.0000000E+00
         5      2 -0.1094491E-02  0.3015657E-03  0.0000000E+00  0.0000000E+00 -0.1393602E-03 -0.2782644E-09
         5      3 -0.2188476E-02  0.6060169E-03  0.0000000E+00  0.0000000E+00 -0.5580975E-03 -0.1113310E-08
         5      4 -0.5451201E-02  0.1561906E-02  0.0000000E+00  0.0000000E+00 -0.3495021E-02 -0.6962707E-08

         6      0  0.0000000E+00  0.0000000E+00  0.0000000E+00  0.0000000E+00  0.0000000E+00  0.0000000E+00
         6      1  0.0000000E+00  0.0000000E+00  0.0000000E+00  0.0000000E+00  0.0000000E+00  0.0000000E+00
         6      2  0.6654702E-03  0.2254228E-03  0.0000000E+00  0.0000000E+00 -0.1673604E-03 -0.2488996E-09
         6      3  0.1336306E-02  0.4477965E-03  0.0000000E+00  0.0000000E+00 -0.6683078E-03 -0.9969465E-09
         6      4  0.3450262E-02  0.1061162E-02  0.0000000E+00  0.0000000E+00 -0.4177080E-02 -0.6279399E-08

         7      0  0.0000000E+00  0.0000000E+00  0.0000000E+00  0.0000000E+00  0.0000000E+00  0.0000000E+00
         7      1  0.0000000E+00  0.0000000E+00  0.0000000E+00  0.0000000E+00  0.0000000E+00  0.0000000E+00
         7      2  0.5187954E-03 -0.4951631E-03  0.0000000E+00  0.0000000E+00 -0.1925976E-03 -0.3233327E-09
         7      3  0.1025178E-02 -0.9901972E-03  0.0000000E+00  0.0000000E+00 -0.7756342E-03 -0.1292084E-08
         7      4  0.2376456E-02 -0.2473662E-02  0.0000000E+00  0.0000000E+00 -0.4872058E-02 -0.8005808E-08

         8      0  0.0000000E+00  0.0000000E+00  0.0000000E+00  0.0000000E+00  0.0000000E+00  0.0000000E+00
         8      1  0.0000000E+00  0.0000000E+00  0.0000000E+00  0.0000000E+00  0.0000000E+00  0.0000000E+00
         8      2 -0.1114700E-02  0.2012701E-03  0.0000000E+00  0.0000000E+00 -0.2218527E-03 -0.4160437E-09
         8      3 -0.2230577E-02  0.4075291E-03  0.0000000E+00  0.0000000E+00 -0.8891148E-03 -0.1666318E-08
         8      4 -0.5584606E-02  0.1102514E-02  0.0000000E+00  0.0000000E+00 -0.5569989E-02 -0.1047238E-07

         9      0  0.0000000E+00  0.0000000E+00  0.0000000E+00  0.0000000E+00  0.0000000E+00  0.0000000E+00
         9      1  0.0000000E+00  0.0000000E+00  0.0000000E+00  0.0000000E+00  0.0000000E+00  0.0000000E+00
         9      2  0.4375145E-03  0.3224392E-03  0.0000000E+00  0.0000000E+00 -0.2507151E-03 -0.3820198E-09
         9      3  0.8845452E-03  0.6410504E-03  0.0000000E+00  0.0000000E+00 -0.1001359E-02 -0.1530229E-08
         9      4  0.2401687E-02  0.1527679E-02  0.0000000E+00  0.0000000E+00 -0.6258627E-02 -0.9618855E-08

        10      0  0.0000000E+00  0.0000000E+00  0.0000000E+00  0.0000000E+00  0.0000000E+00  0.0000000E+00
        10      1  0.0000000E+00  0.0000000E+00  0.0000000E+00  0.0000000E+00  0.0000000E+00  0.0000000E+00
        10      2  0.7353957E-03 -0.4784066E-03  0.0000000E+00  0.0000000E+00 -0.2758811E-03 -0.4893111E-09
        10      3  0.1457332E-02 -0.9583939E-03  0.0000000E+00  0.0000000E+00 -0.1108468E-02 -0.1956794E-08
        10      4  0.3425987E-02 -0.2420838E-02  0.0000000E+00  0.0000000E+00 -0.6952875E-02 -0.1215627E-07

        11      0  0.0000000E+00  0.0000000E+00  0.0000000E+00  0.0000000E+00  0.0000000E+00  0.0000000E+00
        11      1  0.0000000E+00  0.0000000E+00  0.0000000E+00  0.0000000E+00  0.0000000E+00  0.0000000E+00
        11      2 -0.1073350E-02  0.8985654E-04  0.0000000E+00  0.0000000E+00 -0.3041017E-03 -0.5454062E-09
        11      3 -0.2151924E-02  0.1869659E-03  0.0000000E+00  0.0000000E+00 -0.1219160E-02 -0.2186312E-08
        11      4 -0.5452584E-02  0.5905581E-03  0.0000000E+00  0.0000000E+00 -0.7638632E-02 -0.1379835E-07

        12      0  0.0000000E+00  0.0000000E+00  0.0000000E+00  0.0000000E+00  0.0000000E+00  0.0000000E+00
        12      1  0.0000000E+00  0.0000000E+00  0.0000000E+00  0.0000000E+00  0.0000000E+00  0.0000000E+00
        12      2  0.1853477E-03  0.4015800E-03  0.0000000E+00  0.0000000E+00 -0.3338234E-03 -0.5246644E-09
        12      3  0.3847001E-03  0.7993318E-03  0.0000000E+00  0.0000000E+00 -0.1333612E-02 -0.2101055E-08
        12      4  0.1237550E-02  0.1920209E-02  0.0000000E+00  0.0000000E+00 -0.8335766E-02 -0.1316643E-07

        13      0  0.0000000E+00  0.0000000E+00  0.0000000E+00  0.0000000E+00  0.0000000E+00  0.0000000E+00
        13      1  0.0000000E+00  0.0000000E+00  0.0000000E+00  0.0000000E+00  0.0000000E+00  0.0000000E+00
        13      2  0.9112357E-03 -0.4351349E-03  0.0000000E+00  0.0000000E+00 -0.3589356E-03 -0.6518523E-09
        13      3  0.1810025E-02 -0.8743351E-03  0.0000000E+00  0.0000000E+00 -0.1440227E-02 -0.2608498E-08
        13      4  0.4310065E-02 -0.2250971E-02  0.0000000E+00  0.0000000E+00 -0.9026678E-02 -0.1625705E-07

        14      0  0.0000000E+00  0.0000000E+00  0.0000000E+00  0.0000000E+00  0.0000000E+00  0.0000000E+00
        14      1  0.0000000E+00  0.0000000E+00  0.0000000E+00  0.0000000E+00  0.0000000E+00  0.0000000E+00
        14      2 -0.9727216E-03 -0.2650581E-04  0.0000000E+00  0.0000000E+00 -0.3861759E-03 -0.6695697E-09
        14      3 -0.1956767E-02 -0.4366569E-04  0.0000000E+00  0.0000000E+00 -0.1548464E-02 -0.2685194E-08
        14      4 -0.5061462E-02  0.5080858E-04  0.0000000E+00  0.0000000E+00 -0.9702375E-02 -0.1698895E-07

        15      0  0.0000000E+00  0.0000000E+00  0.0000000E+00  0.0000000E+00  0.0000000E+00  0.0000000E+00
        15      1  0.0000000E+00  0.0000000E+00  0.0000000E+00  0.0000000E+00  0.0000000E+00  0.0000000E+00
        15      2 -0.7701080E-04  0.4584543E-03  0.0000000E+00  0.0000000E+00 -0.4166484E-03 -0.6771494E-09
        15      3 -0.1357992E-03  0.9139907E-03  0.0000000E+00  0.0000000E+00 -0.1664950E-02 -0.2710405E-08
        15      4  0.1536376E-04  0.2219592E-02  0.0000000E+00  0.0000000E+00 -0.1040834E-01 -0.1692791E-07

        16      0  0.0000000E+00  0.0000000E+00  0.0000000E+00  0.0000000E+00  0.0000000E+00  0.0000000E+00
        16      1  0.0000000E+00  0.0000000E+00  0.0000000E+00  0.0000000E+00  0.0000000E+00  0.0000000E+00
        16      2  0.1036501E-02 -0.3677340E-03  0.0000000E+00  0.0000000E+00 -0.4417428E-03 -0.8069285E-09
        16      3  0.2063756E-02 -0.7425565E-03  0.0000000E+00  0.0000000E+00 -0.1770876E-02 -0.3230817E-08
        16      4  0.4984418E-02 -0.1972063E-02  0.0000000E+00  0.0000000E+00 -0.1109362E-01 -0.2020850E-07

        17      0  0.0000000E+00  0.0000000E+00  0.0000000E+00  0.0000000E+00  0.0000000E+00  0.0000000E+00
        17      1  0.0000000E+00  0.0000000E+00  0.0000000E+00  0.0000000E+00  0.0000000E+00  0.0000000E+00
        17      2 -0.8183493E-03 -0.1413780E-03  0.0000000E+00  0.0000000E+00 -0.4681351E-03 -0.7929000E-09
        17      3 -0.1655587E-02 -0.2718286E-03  0.0000000E+00  0.0000000E+00 -0.1877221E-02 -0.3179490E-08
        17      4 -0.4429600E-02 -0.4907279E-03  0.0000000E+00  0.0000000E+00 -0.1176243E-01 -0.2011866E-07

        18      0  0.0000000E+00  0.0000000E+00  0.0000000E+00  0.0000000E+00  0.0000000E+00  0.0000000E+00
        18      1  0.0000000E+00  0.0000000E+00  0.0000000E+00  0.0000000E+00  0.0000000E+00  0.0000000E+00
        18      2 -0.3350062E-03  0.4899103E-03  0.0000000E+00  0.0000000E+00 -0.4991480E-03 -0.8376620E-09
        18      3 -0.6485135E-03  0.9787766E-03  0.0000000E+00  0.0000000E+00 -0.1995220E-02 -0.3351136E-08
        18      4 -0.1205175E-02  0.2411328E-02  0.0000000E+00  0.0000000E+00 -0.1247582E-01 -0.2086949E-07

        19      0  0.0000000E+00  0.0000000E+00  0.0000000E+00  0.0000000E+00  0.0000000E+00  0.0000000E+00
        19      1  0.0000000E+00  0.0000000E+00  0.0000000E+00  0.0000000E+00  0.0000000E+00  0.0000000E+00
        19      2  0.1104186E-02 -0.2799288E-03  0.0000000E+00  0.0000000E+00 -0.5242990E-03 -0.9521755E-09
        19      3  0.2204440E-02 -0.5702020E-03  0.0000000E+00  0.0000000E+00 -0.2100441E-02 -0.3813938E-08
        19      4  0.5415052E-02 -0.1597417E-02  0.0000000E+00  0.0000000E+00 -0.1315402E-01 -0.2394193E-07

        20      0  0.0000000E+00  0.0000000E+00  0.0000000E+00  0.0000000E+00  0.0000000E+00  0.0000000E+00
        20      1  0.0000000E+00  0.0000000E+00  0.0000000E+00  0.0000000E+00  0.0000000E+00  0.0000000E+00
        20      2 -0.6187242E-03 -0.2484066E-03  0.0000000E+00  0.0000000E+00 -0.5500211E-03 -0.9199848E-09
        20      3 -0.1264561E-02 -0.4851328E-03  0.0000000E+00  0.0000000E+00 -0.2205555E-02 -0.3687012E-08
        20      4 -0.3586511E-02 -0.1008087E-02  0.0000000E+00  0.0000000E+00 -0.1381950E-01 -0.2327677E-07

        21      0  0.0000000E+00  0.0000000E+00  0.0000000E+00  0.0000000E+00  0.0000000E+00  0.0000000E+00
        21      1  0.0000000E+00  0.0000000E+00  0.0000000E+00  0.0000000E+00  0.0000000E+00  0.0000000E+00
        21      2 -0.5743591E-03  0.4942100E-03  0.0000000E+00  0.0000000E+00 -0.5812834E-03 -0.1002680E-08
        21      3 -0.1125561E-02  0.9901788E-03  0.0000000E+00  0.0000000E+00 -0.2324262E-02 -0.4009708E-08
        21      4 -0.2365243E-02  0.2486263E-02  0.0000000E+00  0.0000000E+00 -0.1453734E-01 -0.2492695E-07

        22      0  0.0000000E+00  0.0000000E+00  0.0000000E+00  0.0000000E+00  0.0000000E+00  0.0000000E+00
        22      1  0.0000000E+00  0.0000000E+00  0.0000000E+00  0.0000000E+00  0.0000000E+00  0.0000000E+00
        22      2  0.1110496E-02 -0.1765790E-03  0.0000000E+00  0.0000000E+00 -0.6066125E-03 -0.1087426E-08
        22      3  0.2224233E-02 -0.3666418E-03  0.0000000E+00  0.0000000E+00 -0.2428994E-02 -0.4356850E-08
        22      4  0.5580124E-02 -0.1144986E-02  0.0000000E+00  0.0000000E+00 -0.1520821E-01 -0.2743482E-07

        23      0  0.0000000E+00  0.0000000E+00  0.0000000E+00  0.0000000E+00  0.0000000E+00  0.0000000E+00
        23      1  0.0000000E+00  0.0000000E+00  0.0000000E+00  0.0000000E+00  0.0000000E+00  0.0000000E+00
        23      2 -0.3848369E-03 -0.3416728E-03  0.0000000E+00  0.0000000E+00 -0.6318517E-03 -0.1054640E-08
        23      3 -0.8047235E-03 -0.6720014E-03  0.0000000E+00  0.0000000E+00 -0.2533502E-02 -0.4223112E-08
        23      4 -0.2571542E-02 -0.1476571E-02  0.0000000E+00  0.0000000E+00 -0.1587366E-01 -0.2655187E-07

        24      0  0.0000000E+00  0.0000000E+00  0.0000000E+00  0.0000000E+00  0.0000000E+00  0.0000000E+00
        24      1  0.0000000E+00  0.0000000E+00  0.0000000E+00  0.0000000E+00  0.0000000E+00  0.0000000E+00
        24      2 -0.7818524E-03  0.4711245E-03  0.0000000E+00  0.0000000E+00 -0.6630287E-03 -0.1167744E-08
        24      3 -0.1541121E-02  0.9476123E-03  0.0000000E+00  0.0000000E+00 -0.2651948E-02 -0.4669111E-08
        24      4 -0.3409674E-02  0.2440977E-02  0.0000000E+00  0.0000000E+00 -0.1659189E-01 -0.2901894E-07

        25      0  0.0000000E+00  0.0000000E+00  0.0000000E+00  0.0000000E+00  0.0000000E+00  0.0000000E+00
        25      1  0.0000000E+00  0.0000000E+00  0.0000000E+00  0.0000000E+00  0.0000000E+00  0.0000000E+00
        25      2  0.1055066E-02 -0.6341128E-04  0.0000000E+00  0.0000000E+00 -0.6886983E-03 -0.1214739E-08
        25      3  0.2121992E-02 -0.1429661E-03  0.0000000E+00  0.0000000E+00 -0.2756631E-02 -0.4867518E-08
        25      4  0.5471122E-02 -0.6365215E-03  0.0000000E+00  0.0000000E+00 -0.1725654E-01 -0.3071526E-07

        26      0  0.0000000E+00  0.0000000E+00  0.0000000E+00  0.0000000E+00  0.0000000E+00  0.0000000E+00
        26      1  0.0000000E+00  0.0000000E+00  0.0000000E+00  0.0000000E+00  0.0000000E+00  0.0000000E+00
        26      2 -0.1295837E-03 -0.4160184E-03  0.0000000E+00  0.0000000E+00 -0.7136203E-03 -0.1199063E-08
        26      3 -0.3008798E-03 -0.8222898E-03  0.0000000E+00  0.0000000E+00 -0.2861004E-02 -0.4797280E-08
        26      4 -0.1432195E-02 -0.1873853E-02  0.0000000E+00  0.0000000E+00 -0.1792438E-01 -0.3001459E-07

        27      0  0.0000000E+00  0.0000000E+00  0.0000000E+00  0.0000000E+00  0.0000000E+00  0.0000000E+00
        27      1  0.0000000E+00  0.0000000E+00  0.0000000E+00  0.0000000E+00  0.0000000E+00  0.0000000E+00
        27      2 -0.9460543E-03  0.4219445E-03  0.0000000E+00  0.0000000E+00 -0.7443780E-03 -0.1328407E-08
        27      3 -0.1872801E-02  0.8534407E-03  0.0000000E+00  0.0000000E+00 -0.2978213E-02 -0.5312363E-08
        27      4 -0.4289378E-02  0.2277872E-02  0.0000000E+00  0.0000000E+00 -0.1863853E-01 -0.3306131E-07

        28      0  0.0000000E+00  0.0000000E+00  0.0000000E+00  0.0000000E+00  0.0000000E+00  0.0000000E+00
        28      1  0.0000000E+00  0.0000000E+00  0.0000000E+00  0.0000000E+00  0.0000000E+00  0.0000000E+00
        28      2  0.9409871E-03  0.5329862E-04  0.0000000E+00  0.0000000E+00 -0.7705717E-03 -0.1337924E-08
        28      3  0.1903353E-02  0.8861745E-04  0.0000000E+00  0.0000000E+00 -0.3083453E-02 -0.5360971E-08
        28      4  0.5093325E-02 -0.9655051E-04  0.0000000E+00  0.0000000E+00 -0.1929934E-01 -0.3385482E-07

        29      0  0.0000000E+00  0.0000000E+00  0.0000000E+00  0.0000000E+00  0.0000000E+00  0.0000000E+00
        29      1  0.0000000E+00  0.0000000E+00  0.0000000E+00  0.0000000E+00  0.0000000E+00  0.0000000E+00
        29      2  0.1329340E-03 -0.4673287E-03  0.0000000E+00  0.0000000E+00 -0.7953005E-03 -0.1353317E-08
        29      3  0.2196881E-03 -0.9278298E-03  0.0000000E+00  0.0000000E+00 -0.3187940E-02 -0.5410865E-08
        29      4 -0.2221640E-03 -0.2180967E-02  0.0000000E+00  0.0000000E+00 -0.1997075E-01 -0.3370192E-07

        30      0  0.0000000E+00  0.0000000E+00  0.0000000E+00  0.0000000E+00  0.0000000E+00  0.0000000E+00
        30      1  0.0000000E+00  0.0000000E+00  0.0000000E+00  0.0000000E+00  0.0000000E+00  0.0000000E+00
        30      2 -0.1057937E-02  0.3494064E-03  0.0000000E+00  0.0000000E+00 -0.8253499E-03 -0.1481178E-08
        30      3 -0.2102800E-02  0.7128389E-03  0.0000000E+00  0.0000000E+00 -0.3303084E-02 -0.5925908E-08
        30      4 -0.4963361E-02  0.2005017E-02  0.0000000E+00  0.0000000E+00 -0.2067675E-01 -0.3698042E-07

        31      0  0.0000000E+00  0.0000000E+00  0.0000000E+00  0.0000000E+00  0.0000000E+00  0.0000000E+00
        31      1  0.0000000E+00  0.0000000E+00  0.0000000E+00  0.0000000E+00  0.0000000E+00  0.0000000E+00
        31      2  0.7746282E-03  0.1670742E-03  0.0000000E+00  0.0000000E+00 -0.8522411E-03 -0.1461671E-08
        31      3  0.1580411E-02  0.3154522E-03  0.0000000E+00  0.0000000E+00 -0.3409536E-02 -0.5855808E-08
        31      4  0.4465547E-02  0.4487647E-03  0.0000000E+00  0.0000000E+00 -0.2133696E-01 -0.3695188E-07

        32      0  0.0000000E+00  0.0000000E+00  0.0000000E+00  0.0000000E+00  0.0000000E+00  0.0000000E+00
        32      1  0.0000000E+00  0.0000000E+00  0.0000000E+00  0.0000000E+00  0.0000000E+00  0.0000000E+00
        32      2  0.3881814E-03 -0.4927601E-03  0.0000000E+00  0.0000000E+00 -0.8768531E-03 -0.1515291E-08
        32      3  0.7286683E-03 -0.9828690E-03  0.0000000E+00  0.0000000E+00 -0.3514153E-02 -0.6056536E-08
        32      4  0.1000908E-02 -0.2383153E-02  0.0000000E+00  0.0000000E+00 -0.2201178E-01 -0.3760705E-07

        33      0  0.0000000E+00  0.0000000E+00  0.0000000E+00  0.0000000E+00  0.0000000E+00  0.0000000E+00
        33      1  0.0000000E+00  0.0000000E+00  0.0000000E+00  0.0000000E+00  0.0000000E+00  0.0000000E+00
        33      2 -0.1111360E-02  0.2575378E-03  0.0000000E+00  0.0000000E+00 -0.9059865E-03 -0.1624252E-08
        33      3 -0.2218820E-02  0.5335030E-03  0.0000000E+00  0.0000000E+00 -0.3626675E-02 -0.6502298E-08
        33      4 -0.5400400E-02  0.1635746E-02  0.0000000E+00  0.0000000E+00 -0.2270662E-01 -0.4072391E-07

        34      0  0.0000000E+00  0.0000000E+00  0.0000000E+00  0.0000000E+00  0.0000000E+00  0.0000000E+00
        34      1  0.0000000E+00  0.0000000E+00  0.0000000E+00  0.0000000E+00  0.0000000E+00  0.0000000E+00
        34      2  0.5652736E-03  0.2715994E-03  0.0000000E+00  0.0000000E+00 -0.9337032E-03 -0.1590507E-08
        34      3  0.1171024E-02  0.5251296E-03  0.0000000E+00  0.0000000E+00 -0.3734913E-02 -0.6369997E-08
        34      4  0.3619198E-02  0.9728735E-03  0.0000000E+00  0.0000000E+00 -0.2336979E-01 -0.4011002E-07

        35      0  0.0000000E+00  0.0000000E+00  0.0000000E+00  0.0000000E+00  0.0000000E+00  0.0000000E+00
        35      1  0.0000000E+00  0.0000000E+00  0.0000000E+00  0.0000000E+00  0.0000000E+00  0.0000000E+00
        35      2  0.6219936E-03 -0.4908974E-03  0.0000000E+00  0.0000000E+00 -0.9582355E-03 -0.1681137E-08
        35      3  0.1198247E-02 -0.9843853E-03  0.0000000E+00  0.0000000E+00 -0.3839485E-02 -0.6719696E-08
        35      4  0.2177987E-02 -0.2470563E-02  0.0000000E+00  0.0000000E+00 -0.2404664E-01 -0.4167786E-07

        36      0  0.0000000E+00  0.0000000E+00  0.0000000E+00  0.0000000E+00  0.0000000E+00  0.0000000E+00
        36      1  0.0000000E+00  0.0000000E+00  0.0000000E+00  0.0000000E+00  0.0000000E+00  0.0000000E+00
        36      2 -0.1103403E-02  0.1514335E-03  0.0000000E+00  0.0000000E+00 -0.9863481E-03 -0.1757895E-08
        36      3 -0.2214690E-02  0.3252244E-03  0.0000000E+00  0.0000000E+00 -0.3949176E-02 -0.7041691E-08
        36      4 -0.5580352E-02  0.1188028E-02  0.0000000E+00  0.0000000E+00 -0.2472884E-01 -0.4426849E-07

        37      0  0.0000000E+00  0.0000000E+00  0.0000000E+00  0.0000000E+00  0.0000000E+00  0.0000000E+00
        37      1  0.0000000E+00  0.0000000E+00  0.0000000E+00  0.0000000E+00  0.0000000E+00  0.0000000E+00
        37      2  0.3245943E-03  0.3610711E-03  0.0000000E+00  0.0000000E+00 -0.1014940E-02 -0.1727795E-08
        37      3  0.6977813E-03  0.7061759E-03  0.0000000E+00  0.0000000E+00 -0.4059561E-02 -0.6916968E-08
        37      4  0.2596622E-02  0.1450156E-02  0.0000000E+00  0.0000000E+00 -0.2539817E-01 -0.4341645E-07

        38      0  0.0000000E+00  0.0000000E+00  0.0000000E+00  0.0000000E+00  0.0000000E+00  0.0000000E+00
        38      1  0.0000000E+00  0.0000000E+00  0.0000000E+00  0.0000000E+00  0.0000000E+00  0.0000000E+00
        38      2  0.8213645E-03 -0.4618338E-03  0.0000000E+00  0.0000000E+00 -0.1039410E-02 -0.1846118E-08
        38      3  0.1602643E-02 -0.9322576E-03  0.0000000E+00  0.0000000E+00 -0.4163814E-02 -0.7381641E-08
        38      4  0.3251480E-02 -0.2438789E-02  0.0000000E+00  0.0000000E+00 -0.2607479E-01 -0.4582559E-07

        39      0  0.0000000E+00  0.0000000E+00  0.0000000E+00  0.0000000E+00  0.0000000E+00  0.0000000E+00
        39      1  0.0000000E+00  0.0000000E+00  0.0000000E+00  0.0000000E+00  0.0000000E+00  0.0000000E+00
        39      2 -0.1034512E-02  0.3697137E-04  0.0000000E+00  0.0000000E+00 -0.1066503E-02 -0.1884397E-08
        39      3 -0.2090672E-02  0.9935324E-04  0.0000000E+00  0.0000000E+00 -0.4270818E-02 -0.7551898E-08
        39      4 -0.5495040E-02  0.6836010E-03  0.0000000E+00  0.0000000E+00 -0.2674464E-01 -0.4762411E-07

        40      0  0.0000000E+00  0.0000000E+00  0.0000000E+00  0.0000000E+00  0.0000000E+00  0.0000000E+00
        40      1  0.0000000E+00  0.0000000E+00  0.0000000E+00  0.0000000E+00  0.0000000E+00  0.0000000E+00
        40      2  0.6598537E-04  0.4305234E-03  0.0000000E+00  0.0000000E+00 -0.1095920E-02 -0.1875025E-08
        40      3  0.1867167E-03  0.8486889E-03  0.0000000E+00  0.0000000E+00 -0.4383394E-02 -0.7502859E-08
        40      4  0.1448802E-02  0.1857244E-02  0.0000000E+00  0.0000000E+00 -0.2742229E-01 -0.4692556E-07

        41      0  0.0000000E+00  0.0000000E+00  0.0000000E+00  0.0000000E+00  0.0000000E+00  0.0000000E+00
        41      1  0.0000000E+00  0.0000000E+00  0.0000000E+00  0.0000000E+00  0.0000000E+00  0.0000000E+00
        41      2  0.9751794E-03 -0.4071678E-03  0.0000000E+00  0.0000000E+00 -0.1120351E-02 -0.2005669E-08
        41      3  0.1919553E-02 -0.8292811E-03  0.0000000E+00  0.0000000E+00 -0.4487069E-02 -0.8023763E-08
        41      4  0.4168217E-02 -0.2289143E-02  0.0000000E+00  0.0000000E+00 -0.2809607E-01 -0.4994281E-07

        42      0  0.0000000E+00  0.0000000E+00  0.0000000E+00  0.0000000E+00  0.0000000E+00  0.0000000E+00
        42      1  0.0000000E+00  0.0000000E+00  0.0000000E+00  0.0000000E+00  0.0000000E+00  0.0000000E+00
        42      2 -0.9084785E-03 -0.7951269E-04  0.0000000E+00  0.0000000E+00 -0.1146519E-02 -0.2007602E-08
        42      3 -0.1853442E-02 -0.1318219E-03  0.0000000E+00  0.0000000E+00 -0.4591820E-02 -0.8046925E-08
        42      4 -0.5148624E-02  0.1468855E-03  0.0000000E+00  0.0000000E+00 -0.2875546E-01 -0.5083367E-07

        43      0  0.0000000E+00  0.0000000E+00  0.0000000E+00  0.0000000E+00  0.0000000E+00  0.0000000E+00
        43      1  0.0000000E+00  0.0000000E+00  0.0000000E+00  0.0000000E+00  0.0000000E+00  0.0000000E+00
        43      2 -0.1961893E-03  0.4761045E-03  0.0000000E+00  0.0000000E+00 -0.1176604E-02 -0.2031516E-08
        43      3 -0.3341691E-03  0.9448861E-03  0.0000000E+00  0.0000000E+00 -0.4706278E-02 -0.8125443E-08
        43      4  0.2325394E-03  0.2174252E-02  0.0000000E+00  0.0000000E+00 -0.2944205E-01 -0.5065056E-07

        44      0  0.0000000E+00  0.0000000E+00  0.0000000E+00  0.0000000E+00  0.0000000E+00  0.0000000E+00
        44      1  0.0000000E+00  0.0000000E+00  0.0000000E+00  0.0000000E+00  0.0000000E+00  0.0000000E+00
        44      2  0.1074845E-02 -0.3299174E-03  0.0000000E+00  0.0000000E+00 -0.1201047E-02 -0.2156427E-08
        44      3  0.2131427E-02 -0.6810244E-03  0.0000000E+00  0.0000000E+00 -0.4809241E-02 -0.8631813E-08
        44      4  0.4882356E-02 -0.2028647E-02  0.0000000E+00  0.0000000E+00 -0.3011061E-01 -0.5392657E-07

        45      0  0.0000000E+00  0.0000000E+00  0.0000000E+00  0.0000000E+00  0.0000000E+00  0.0000000E+00
        45      1  0.0000000E+00  0.0000000E+00  0.0000000E+00  0.0000000E+00  0.0000000E+00  0.0000000E+00
        45      2 -0.7322345E-03 -0.1915746E-03  0.0000000E+00  0.0000000E+00 -0.1226446E-02 -0.2132100E-08
        45      3 -0.1515737E-02 -0.3557398E-03  0.0000000E+00  0.0000000E+00 -0.4912356E-02 -0.8544221E-08
        45      4 -0.4557386E-02 -0.3962368E-03  0.0000000E+00  0.0000000E+00 -0.3076255E-01 -0.5396771E-07

        46      0  0.0000000E+00  0.0000000E+00  0.0000000E+00  0.0000000E+00  0.0000000E+00  0.0000000E+00
        46      1  0.0000000E+00  0.0000000E+00  0.0000000E+00  0.0000000E+00  0.0000000E+00  0.0000000E+00
        46      2 -0.4474005E-03  0.4952910E-03  0.0000000E+00  0.0000000E+00 -0.1256949E-02 -0.2194600E-08
        46      3 -0.8364666E-03  0.9895319E-03  0.0000000E+00  0.0000000E+00 -0.5028055E-02 -0.8774851E-08
        46      4 -0.9926266E-03  0.2385797E-02  0.0000000E+00  0.0000000E+00 -0.3145699E-01 -0.5456415E-07

        47      0  0.0000000E+00  0.0000000E+00  0.0000000E+00  0.0000000E+00  0.0000000E+00  0.0000000E+00
        47      1  0.0000000E+00  0.0000000E+00  0.0000000E+00  0.0000000E+00  0.0000000E+00  0.0000000E+00
        47      2  0.1114783E-02 -0.2343550E-03  0.0000000E+00  0.0000000E+00 -0.1281500E-02 -0.2296992E-08
        47      3  0.2226487E-02 -0.4955344E-03  0.0000000E+00  0.0000000E+00 -0.5130374E-02 -0.9199181E-08
        47      4  0.5357934E-02 -0.1669707E-02  0.0000000E+00  0.0000000E+00 -0.3211870E-01 -0.5770134E-07

        48      0  0.0000000E+00  0.0000000E+00  0.0000000E+00  0.0000000E+00  0.0000000E+00  0.0000000E+00
        48      1  0.0000000E+00  0.0000000E+00  0.0000000E+00  0.0000000E+00  0.0000000E+00  0.0000000E+00
        48      2 -0.5154771E-03 -0.2930169E-03  0.0000000E+00  0.0000000E+00 -0.1306317E-02 -0.2262248E-08
        48      3 -0.1095704E-02 -0.5602446E-03  0.0000000E+00  0.0000000E+00 -0.5232516E-02 -0.9061102E-08
        48      4 -0.3748960E-02 -0.9197034E-03  0.0000000E+00  0.0000000E+00 -0.3276673E-01 -0.5711395E-07

        49      0  0.0000000E+00  0.0000000E+00  0.0000000E+00  0.0000000E+00  0.0000000E+00  0.0000000E+00
        49      1  0.0000000E+00  0.0000000E+00  0.0000000E+00  0.0000000E+00  0.0000000E+00  0.0000000E+00
        49      2 -0.6737590E-03  0.4870269E-03  0.0000000E+00  0.0000000E+00 -0.1336921E-02 -0.2360214E-08
        49      3 -0.1292910E-02  0.9802203E-03  0.0000000E+00  0.0000000E+00 -0.5348570E-02 -0.9435825E-08
        49      4 -0.2167506E-02  0.2481748E-02  0.0000000E+00  0.0000000E+00 -0.3346630E-01 -0.5860656E-07

        50      0  0.0000000E+00  0.0000000E+00  0.0000000E+00  0.0000000E+00  0.0000000E+00  0.0000000E+00
        50      1  0.0000000E+00  0.0000000E+00  0.0000000E+00  0.0000000E+00  0.0000000E+00  0.0000000E+00
        50      2  0.1092747E-02 -0.1257726E-03  0.0000000E+00  0.0000000E+00 -0.1361722E-02 -0.2428242E-08
        50      3  0.2199415E-02 -0.2829042E-03  0.0000000E+00  0.0000000E+00 -0.5450552E-02 -0.9728384E-08
        50      4  0.5570860E-02 -0.1229514E-02  0.0000000E+00  0.0000000E+00 -0.3412067E-01 -0.6123581E-07

        51      0  0.0000000E+00  0.0000000E+00  0.0000000E+00  0.0000000E+00  0.0000000E+00  0.0000000E+00
        51      1  0.0000000E+00  0.0000000E+00  0.0000000E+00  0.0000000E+00  0.0000000E+00  0.0000000E+00
        51      2 -0.2701476E-03 -0.3782299E-03  0.0000000E+00  0.0000000E+00 -0.1386138E-02 -0.2401211E-08
        51      3 -0.6159586E-03 -0.7342369E-03  0.0000000E+00  0.0000000E+00 -0.5552298E-02 -0.9611036E-08
        51      4 -0.2761069E-02 -0.1398508E-02  0.0000000E+00  0.0000000E+00 -0.3476819E-01 -0.6036233E-07

        52      0  0.0000000E+00  0.0000000E+00  0.0000000E+00  0.0000000E+00  0.0000000E+00  0.0000000E+00
        52      1  0.0000000E+00  0.0000000E+00  0.0000000E+00  0.0000000E+00  0.0000000E+00  0.0000000E+00
        52      2 -0.8627784E-03  0.4517808E-03  0.0000000E+00  0.0000000E+00 -0.1416503E-02 -0.2523784E-08
        52      3 -0.1678837E-02  0.9174991E-03  0.0000000E+00  0.0000000E+00 -0.5667718E-02 -0.1009094E-07
        52      4 -0.3236103E-02  0.2457658E-02  0.0000000E+00  0.0000000E+00 -0.3546896E-01 -0.6269843E-07

        53      0  0.0000000E+00  0.0000000E+00  0.0000000E+00  0.0000000E+00  0.0000000E+00  0.0000000E+00
        53      1  0.0000000E+00  0.0000000E+00  0.0000000E+00  0.0000000E+00  0.0000000E+00  0.0000000E+00
        53      2  0.1009960E-02 -0.1018906E-04  0.0000000E+00  0.0000000E+00 -0.1441730E-02 -0.2553122E-08
        53      3  0.2051671E-02 -0.5472643E-04  0.0000000E+00  0.0000000E+00 -0.5769876E-02 -0.1023042E-07
        53      4  0.5510216E-02 -0.7292197E-03  0.0000000E+00  0.0000000E+00 -0.3611687E-01 -0.6454935E-07

        54      0  0.0000000E+00  0.0000000E+00  0.0000000E+00  0.0000000E+00  0.0000000E+00  0.0000000E+00
        54      1  0.0000000E+00  0.0000000E+00  0.0000000E+00  0.0000000E+00  0.0000000E+00  0.0000000E+00
        54      2 -0.9784661E-05 -0.4424994E-03  0.0000000E+00  0.0000000E+00 -0.1465892E-02 -0.2550249E-08
        54      3 -0.1024150E-03 -0.8682684E-03  0.0000000E+00  0.0000000E+00 -0.5871617E-02 -0.1020058E-07
        54      4 -0.1639912E-02 -0.1809832E-02  0.0000000E+00  0.0000000E+00 -0.3676648E-01 -0.6378789E-07

        55      0  0.0000000E+00  0.0000000E+00  0.0000000E+00  0.0000000E+00  0.0000000E+00  0.0000000E+00
        55      1  0.0000000E+00  0.0000000E+00  0.0000000E+00  0.0000000E+00  0.0000000E+00  0.0000000E+00
        55      2 -0.1004055E-02  0.3915173E-03  0.0000000E+00  0.0000000E+00 -0.1495700E-02 -0.2681189E-08
        55      3 -0.1973484E-02  0.8048309E-03  0.0000000E+00  0.0000000E+00 -0.5985466E-02 -0.1072416E-07
        55      4 -0.4148097E-02  0.2314907E-02  0.0000000E+00  0.0000000E+00 -0.3746401E-01 -0.6675508E-07

        56      0  0.0000000E+00  0.0000000E+00  0.0000000E+00  0.0000000E+00  0.0000000E+00  0.0000000E+00
        56      1  0.0000000E+00  0.0000000E+00  0.0000000E+00  0.0000000E+00  0.0000000E+00  0.0000000E+00
        56      2  0.8710416E-03  0.1059836E-03  0.0000000E+00  0.0000000E+00 -0.1521535E-02 -0.2675967E-08
        56      3  0.1791418E-02  0.1765385E-03  0.0000000E+00  0.0000000E+00 -0.6088439E-02 -0.1072214E-07
        56      4  0.5178845E-02 -0.1929397E-03  0.0000000E+00  0.0000000E+00 -0.3810764E-01 -0.6770682E-07

        57      0  0.0000000E+00  0.0000000E+00  0.0000000E+00  0.0000000E+00  0.0000000E+00  0.0000000E+00
        57      1  0.0000000E+00  0.0000000E+00  0.0000000E+00  0.0000000E+00  0.0000000E+00  0.0000000E+00
        57      2  0.2512140E-03 -0.4822668E-03  0.0000000E+00  0.0000000E+00 -0.1545547E-02 -0.2708409E-08
        57      3  0.4170744E-03 -0.9550481E-03  0.0000000E+00  0.0000000E+00 -0.6190335E-02 -0.1082774E-07
        57      4 -0.4382441E-03 -0.2134050E-02  0.0000000E+00  0.0000000E+00 -0.3876077E-01 -0.6743449E-07

        58      0  0.0000000E+00  0.0000000E+00  0.0000000E+00  0.0000000E+00  0.0000000E+00  0.0000000E+00
        58      1  0.0000000E+00  0.0000000E+00  0.0000000E+00  0.0000000E+00  0.0000000E+00  0.0000000E+00
        58      2 -0.1089827E-02  0.3095860E-03  0.0000000E+00  0.0000000E+00 -0.1574541E-02 -0.2829638E-08
        58      3 -0.2161061E-02  0.6483959E-03  0.0000000E+00  0.0000000E+00 -0.6301875E-02 -0.1132399E-07
        58      4 -0.4860935E-02  0.2060586E-02  0.0000000E+00  0.0000000E+00 -0.3945085E-01 -0.7070015E-07

        59      0  0.0000000E+00  0.0000000E+00  0.0000000E+00  0.0000000E+00  0.0000000E+00  0.0000000E+00
        59      1  0.0000000E+00  0.0000000E+00  0.0000000E+00  0.0000000E+00  0.0000000E+00  0.0000000E+00
        59      2  0.6837479E-03  0.2162974E-03  0.0000000E+00  0.0000000E+00 -0.1601142E-02 -0.2801524E-08
        59      3  0.1433055E-02  0.3982460E-03  0.0000000E+00  0.0000000E+00 -0.6406305E-02 -0.1122242E-07
        59      4  0.4593225E-02  0.3533640E-03  0.0000000E+00  0.0000000E+00 -0.4009331E-01 -0.7080338E-07

        60      0  0.0000000E+00  0.0000000E+00  0.0000000E+00  0.0000000E+00  0.0000000E+00  0.0000000E+00
        60      1  0.0000000E+00  0.0000000E+00  0.0000000E+00  0.0000000E+00  0.0000000E+00  0.0000000E+00
        60      2  0.4983827E-03 -0.4953255E-03  0.0000000E+00  0.0000000E+00 -0.1625059E-02 -0.2872704E-08
        60      3  0.9142058E-03 -0.9898375E-03  0.0000000E+00  0.0000000E+00 -0.6508288E-02 -0.1148212E-07
        60      4  0.7868110E-03 -0.2355606E-02  0.0000000E+00  0.0000000E+00 -0.4075003E-01 -0.7130343E-07

        61      0  0.0000000E+00  0.0000000E+00  0.0000000E+00  0.0000000E+00  0.0000000E+00  0.0000000E+00
        61      1  0.0000000E+00  0.0000000E+00  0.0000000E+00  0.0000000E+00  0.0000000E+00  0.0000000E+00
        61      2 -0.1115395E-02  0.2105332E-03  0.0000000E+00  0.0000000E+00 -0.1653079E-02 -0.2968246E-08
        61      3 -0.2231554E-02  0.4567477E-03  0.0000000E+00  0.0000000E+00 -0.6617092E-02 -0.1188579E-07
        61      4 -0.5341565E-02  0.1707140E-02  0.0000000E+00  0.0000000E+00 -0.4142942E-01 -0.7447686E-07

        62      0  0.0000000E+00  0.0000000E+00  0.0000000E+00  0.0000000E+00  0.0000000E+00  0.0000000E+00
        62      1  0.0000000E+00  0.0000000E+00  0.0000000E+00  0.0000000E+00  0.0000000E+00  0.0000000E+00
        62      2  0.4585269E-03  0.3146280E-03  0.0000000E+00  0.0000000E+00 -0.1680541E-02 -0.2933901E-08
        62      3  0.9963840E-03  0.5982656E-03  0.0000000E+00  0.0000000E+00 -0.6723484E-02 -0.1174790E-07
        62      4  0.3782642E-02  0.8831153E-03  0.0000000E+00  0.0000000E+00 -0.4207429E-01 -0.7394332E-07

        63      0  0.0000000E+00  0.0000000E+00  0.0000000E+00  0.0000000E+00  0.0000000E+00  0.0000000E+00
        63      1  0.0000000E+00  0.0000000E+00  0.0000000E+00  0.0000000E+00  0.0000000E+00  0.0000000E+00
        63      2  0.7179897E-03 -0.4809438E-03  0.0000000E+00  0.0000000E+00 -0.1704389E-02 -0.3038758E-08
        63      3  0.1361763E-02 -0.9707109E-03  0.0000000E+00  0.0000000E+00 -0.6825331E-02 -0.1214712E-07
        63      4  0.1976266E-02 -0.2463741E-02  0.0000000E+00  0.0000000E+00 -0.4273339E-01 -0.7535024E-07

        64      0  0.0000000E+00  0.0000000E+00  0.0000000E+00  0.0000000E+00  0.0000000E+00  0.0000000E+00
        64      1  0.0000000E+00  0.0000000E+00  0.0000000E+00  0.0000000E+00  0.0000000E+00  0.0000000E+00
        64      2 -0.1079364E-02  0.9984933E-04  0.0000000E+00  0.0000000E+00 -0.1731377E-02 -0.3098236E-08
        64      3 -0.2181232E-02  0.2403421E-03  0.0000000E+00  0.0000000E+00 -0.6931327E-02 -0.1241272E-07
        64      4 -0.5567811E-02  0.1271778E-02  0.0000000E+00  0.0000000E+00 -0.4340034E-01 -0.7805638E-07

        65      0  0.0000000E+00  0.0000000E+00  0.0000000E+00  0.0000000E+00  0.0000000E+00  0.0000000E+00
        65      1  0.0000000E+00  0.0000000E+00  0.0000000E+00  0.0000000E+00  0.0000000E+00  0.0000000E+00
        65      2  0.2079253E-03  0.3955165E-03  0.0000000E+00  0.0000000E+00 -0.1759707E-02 -0.3075672E-08
        65      3  0.5054761E-03  0.7656529E-03  0.0000000E+00  0.0000000E+00 -0.7039930E-02 -0.1230947E-07
        65      4  0.2787663E-02  0.1370433E-02  0.0000000E+00  0.0000000E+00 -0.4405091E-01 -0.7721813E-07

        66      0  0.0000000E+00  0.0000000E+00  0.0000000E+00  0.0000000E+00  0.0000000E+00  0.0000000E+00
        66      1  0.0000000E+00  0.0000000E+00  0.0000000E+00  0.0000000E+00  0.0000000E+00  0.0000000E+00
        66      2  0.8978069E-03 -0.4399073E-03  0.0000000E+00  0.0000000E+00 -0.1783503E-02 -0.3201777E-08
        66      3  0.1735131E-02 -0.8986686E-03  0.0000000E+00  0.0000000E+00 -0.7141359E-02 -0.1280353E-07
        66      4  0.3072059E-02 -0.2453059E-02  0.0000000E+00  0.0000000E+00 -0.4471027E-01 -0.7949154E-07

        67      0  0.0000000E+00  0.0000000E+00  0.0000000E+00  0.0000000E+00  0.0000000E+00  0.0000000E+00
        67      1  0.0000000E+00  0.0000000E+00  0.0000000E+00  0.0000000E+00  0.0000000E+00  0.0000000E+00
        67      2 -0.9837248E-03 -0.1633647E-04  0.0000000E+00  0.0000000E+00 -0.1809507E-02 -0.3222689E-08
        67      3 -0.2012828E-02  0.1096404E-04  0.0000000E+00  0.0000000E+00 -0.7244811E-02 -0.1291522E-07
        67      4 -0.5529345E-02  0.7756440E-03  0.0000000E+00  0.0000000E+00 -0.4536475E-01 -0.8144269E-07

        68      0  0.0000000E+00  0.0000000E+00  0.0000000E+00  0.0000000E+00  0.0000000E+00  0.0000000E+00
        68      1  0.0000000E+00  0.0000000E+00  0.0000000E+00  0.0000000E+00  0.0000000E+00  0.0000000E+00
        68      2 -0.5412195E-04  0.4544748E-03  0.0000000E+00  0.0000000E+00 -0.1838604E-02 -0.3227343E-08
        68      3 -0.1270348E-04  0.8912570E-03  0.0000000E+00  0.0000000E+00 -0.7355537E-02 -0.1291009E-07
        68      4  0.1657938E-02  0.1791459E-02  0.0000000E+00  0.0000000E+00 -0.4602340E-01 -0.8068885E-07

        69      0  0.0000000E+00  0.0000000E+00  0.0000000E+00  0.0000000E+00  0.0000000E+00  0.0000000E+00
        69      1  0.0000000E+00  0.0000000E+00  0.0000000E+00  0.0000000E+00  0.0000000E+00  0.0000000E+00
        69      2  0.1027800E-02 -0.3744780E-03  0.0000000E+00  0.0000000E+00 -0.1862382E-02 -0.3357626E-08
        69      3  0.2013684E-02 -0.7775906E-03  0.0000000E+00  0.0000000E+00 -0.7456324E-02 -0.1343396E-07
        69      4  0.4020025E-02 -0.2323856E-02  0.0000000E+00  0.0000000E+00 -0.4668044E-01 -0.8362160E-07

        70      0  0.0000000E+00  0.0000000E+00  0.0000000E+00  0.0000000E+00  0.0000000E+00  0.0000000E+00
        70      1  0.0000000E+00  0.0000000E+00  0.0000000E+00  0.0000000E+00  0.0000000E+00  0.0000000E+00
        70      2 -0.8337360E-03 -0.1315947E-03  0.0000000E+00  0.0000000E+00 -0.1887527E-02 -0.3345906E-08
        70      3 -0.1735392E-02 -0.2189135E-03  0.0000000E+00  0.0000000E+00 -0.7557751E-02 -0.1340897E-07
        70      4 -0.5228146E-02  0.2427720E-03  0.0000000E+00  0.0000000E+00 -0.4732407E-01 -0.8467309E-07

        71      0  0.0000000E+00  0.0000000E+00  0.0000000E+00  0.0000000E+00  0.0000000E+00  0.0000000E+00
        71      1  0.0000000E+00  0.0000000E+00  0.0000000E+00  0.0000000E+00  0.0000000E+00  0.0000000E+00
        71      2 -0.3130746E-03  0.4882351E-03  0.0000000E+00  0.0000000E+00 -0.1917190E-02 -0.3387276E-08
        71      3 -0.5298118E-03  0.9682253E-03  0.0000000E+00  0.0000000E+00 -0.7670158E-02 -0.1354444E-07
        71      4  0.4494622E-03  0.2125612E-02  0.0000000E+00  0.0000000E+00 -0.4799173E-01 -0.8437615E-07

        72      0  0.0000000E+00  0.0000000E+00  0.0000000E+00  0.0000000E+00  0.0000000E+00  0.0000000E+00
        72      1  0.0000000E+00  0.0000000E+00  0.0000000E+00  0.0000000E+00  0.0000000E+00  0.0000000E+00
        72      2  0.1100699E-02 -0.2882716E-03  0.0000000E+00  0.0000000E+00 -0.1941020E-02 -0.3503769E-08
        72      3  0.2181975E-02 -0.6140354E-03  0.0000000E+00  0.0000000E+00 -0.7770239E-02 -0.1402675E-07
        72      4  0.4772829E-02 -0.2082161E-02  0.0000000E+00  0.0000000E+00 -0.4864398E-01 -0.8763492E-07

        73      0  0.0000000E+00  0.0000000E+00  0.0000000E+00  0.0000000E+00  0.0000000E+00  0.0000000E+00
        73      1  0.0000000E+00  0.0000000E+00  0.0000000E+00  0.0000000E+00  0.0000000E+00  0.0000000E+00
        73      2 -0.6376479E-03 -0.2395504E-03  0.0000000E+00  0.0000000E+00 -0.1965482E-02 -0.3472494E-08
        73      3 -0.1363822E-02 -0.4368050E-03  0.0000000E+00  0.0000000E+00 -0.7870293E-02 -0.1391184E-07
        73      4 -0.4678402E-02 -0.3011216E-03  0.0000000E+00  0.0000000E+00 -0.4927962E-01 -0.8781387E-07

        74      0  0.0000000E+00  0.0000000E+00  0.0000000E+00  0.0000000E+00  0.0000000E+00  0.0000000E+00
        74      1  0.0000000E+00  0.0000000E+00  0.0000000E+00  0.0000000E+00  0.0000000E+00  0.0000000E+00
        74      2 -0.5545973E-03  0.4949314E-03  0.0000000E+00  0.0000000E+00 -0.1995426E-02 -0.3552072E-08
        74      3 -0.1017696E-02  0.9923787E-03  0.0000000E+00  0.0000000E+00 -0.7983630E-02 -0.1420026E-07
        74      4 -0.7784806E-03  0.2356653E-02  0.0000000E+00  0.0000000E+00 -0.4995550E-01 -0.8825946E-07

        75      0  0.0000000E+00  0.0000000E+00  0.0000000E+00  0.0000000E+00  0.0000000E+00  0.0000000E+00
        75      1  0.0000000E+00  0.0000000E+00  0.0000000E+00  0.0000000E+00  0.0000000E+00  0.0000000E+00
        75      2  0.1112419E-02 -0.1860586E-03  0.0000000E+00  0.0000000E+00 -0.2019425E-02 -0.3639838E-08
        75      3  0.2230632E-02 -0.4168894E-03  0.0000000E+00  0.0000000E+00 -0.8083164E-02 -0.1457874E-07
        75      4  0.5292602E-02 -0.1739467E-02  0.0000000E+00  0.0000000E+00 -0.5060116E-01 -0.9144968E-07

        76      0  0.0000000E+00  0.0000000E+00  0.0000000E+00  0.0000000E+00  0.0000000E+00  0.0000000E+00
        76      1  0.0000000E+00  0.0000000E+00  0.0000000E+00  0.0000000E+00  0.0000000E+00  0.0000000E+00
        76      2 -0.4062551E-03 -0.3342334E-03  0.0000000E+00  0.0000000E+00 -0.2043392E-02 -0.3606375E-08
        76      3 -0.9180960E-03 -0.6308837E-03  0.0000000E+00  0.0000000E+00 -0.8182489E-02 -0.1444007E-07
        76      4 -0.3905821E-02 -0.8299142E-03  0.0000000E+00  0.0000000E+00 -0.5123232E-01 -0.9095070E-07

        77      0  0.0000000E+00  0.0000000E+00  0.0000000E+00  0.0000000E+00  0.0000000E+00  0.0000000E+00
        77      1  0.0000000E+00  0.0000000E+00  0.0000000E+00  0.0000000E+00  0.0000000E+00  0.0000000E+00
        77      2 -0.7653506E-03  0.4742015E-03  0.0000000E+00  0.0000000E+00 -0.2073284E-02 -0.3717315E-08
        77      3 -0.1449922E-02  0.9624338E-03  0.0000000E+00  0.0000000E+00 -0.8295816E-02 -0.1486105E-07
        77      4 -0.1966424E-02  0.2473483E-02  0.0000000E+00  0.0000000E+00 -0.5191396E-01 -0.9228392E-07

        78      0  0.0000000E+00  0.0000000E+00  0.0000000E+00  0.0000000E+00  0.0000000E+00  0.0000000E+00
        78      1  0.0000000E+00  0.0000000E+00  0.0000000E+00  0.0000000E+00  0.0000000E+00  0.0000000E+00
        78      2  0.1062294E-02 -0.7350210E-04  0.0000000E+00  0.0000000E+00 -0.2097612E-02 -0.3767711E-08
        78      3  0.2156909E-02 -0.1968884E-03  0.0000000E+00  0.0000000E+00 -0.8395194E-02 -0.1509587E-07
        78      4  0.5553045E-02 -0.1312175E-02  0.0000000E+00  0.0000000E+00 -0.5255233E-01 -0.9502595E-07

        79      0  0.0000000E+00  0.0000000E+00  0.0000000E+00  0.0000000E+00  0.0000000E+00  0.0000000E+00
        79      1  0.0000000E+00  0.0000000E+00  0.0000000E+00  0.0000000E+00  0.0000000E+00  0.0000000E+00
        79      2 -0.1523145E-03 -0.4104073E-03  0.0000000E+00  0.0000000E+00 -0.2121253E-02 -0.3749911E-08
        79      3 -0.4222405E-03 -0.7906152E-03  0.0000000E+00  0.0000000E+00 -0.8494306E-02 -0.1500481E-07
        79      4 -0.2946456E-02 -0.1318328E-02  0.0000000E+00  0.0000000E+00 -0.5318246E-01 -0.9417435E-07

        80      0  0.0000000E+00  0.0000000E+00  0.0000000E+00  0.0000000E+00  0.0000000E+00  0.0000000E+00
        80      1  0.0000000E+00  0.0000000E+00  0.0000000E+00  0.0000000E+00  0.0000000E+00  0.0000000E+00
        80      2 -0.9337207E-03  0.4272057E-03  0.0000000E+00  0.0000000E+00 -0.2150757E-02 -0.3878520E-08
        80      3 -0.1803173E-02  0.8800657E-03  0.0000000E+00  0.0000000E+00 -0.8606633E-02 -0.1550951E-07
        80      4 -0.3057616E-02  0.2470634E-02  0.0000000E+00  0.0000000E+00 -0.5386610E-01 -0.9637258E-07

        81      0  0.0000000E+00  0.0000000E+00  0.0000000E+00  0.0000000E+00  0.0000000E+00  0.0000000E+00
        81      1  0.0000000E+00  0.0000000E+00  0.0000000E+00  0.0000000E+00  0.0000000E+00  0.0000000E+00
        81      2  0.9531156E-03  0.4315631E-04  0.0000000E+00  0.0000000E+00 -0.2175597E-02 -0.3891075E-08
        81      3  0.1964859E-02  0.3396499E-04  0.0000000E+00  0.0000000E+00 -0.8706430E-02 -0.1559177E-07
        81      4  0.5540853E-02 -0.8208048E-03  0.0000000E+00  0.0000000E+00 -0.5449781E-01 -0.9837421E-07

        82      0  0.0000000E+00  0.0000000E+00  0.0000000E+00  0.0000000E+00  0.0000000E+00  0.0000000E+00
        82      1  0.0000000E+00  0.0000000E+00  0.0000000E+00  0.0000000E+00  0.0000000E+00  0.0000000E+00
        82      2  0.1101476E-03 -0.4638567E-03  0.0000000E+00  0.0000000E+00 -0.2199039E-02 -0.3903363E-08
        82      3  0.9692096E-04 -0.9073212E-03  0.0000000E+00  0.0000000E+00 -0.8805633E-02 -0.1560945E-07
        82      4 -0.1845139E-02 -0.1743081E-02  0.0000000E+00  0.0000000E+00 -0.5512971E-01 -0.9756371E-07

        83      0  0.0000000E+00  0.0000000E+00  0.0000000E+00  0.0000000E+00  0.0000000E+00  0.0000000E+00
        83      1  0.0000000E+00  0.0000000E+00  0.0000000E+00  0.0000000E+00  0.0000000E+00  0.0000000E+00
        83      2 -0.1050449E-02  0.3565592E-03  0.0000000E+00  0.0000000E+00 -0.2227860E-02 -0.4032078E-08
        83      3 -0.2058474E-02  0.7498069E-03  0.0000000E+00  0.0000000E+00 -0.8916083E-02 -0.1613098E-07
        83      4 -0.4000574E-02  0.2348462E-02  0.0000000E+00  0.0000000E+00 -0.5581095E-01 -0.1004407E-06

        84      0  0.0000000E+00  0.0000000E+00  0.0000000E+00  0.0000000E+00  0.0000000E+00  0.0000000E+00
        84      1  0.0000000E+00  0.0000000E+00  0.0000000E+00  0.0000000E+00  0.0000000E+00  0.0000000E+00
        84      2  0.7909802E-03  0.1574433E-03  0.0000000E+00  0.0000000E+00 -0.2253387E-02 -0.4014583E-08
        84      3  0.1665104E-02  0.2630579E-03  0.0000000E+00  0.0000000E+00 -0.9016955E-02 -0.1608456E-07
        84      4  0.5256431E-02 -0.2890279E-03  0.0000000E+00  0.0000000E+00 -0.5643795E-01 -0.1015522E-06

        85      0  0.0000000E+00  0.0000000E+00  0.0000000E+00  0.0000000E+00  0.0000000E+00  0.0000000E+00
        85      1  0.0000000E+00  0.0000000E+00  0.0000000E+00  0.0000000E+00  0.0000000E+00  0.0000000E+00
        85      2  0.3666023E-03 -0.4916199E-03  0.0000000E+00  0.0000000E+00 -0.2276711E-02 -0.4064797E-08
        85      3  0.6111835E-03 -0.9746463E-03  0.0000000E+00  0.0000000E+00 -0.9116318E-02 -0.1624863E-07
        85      4 -0.6536216E-03 -0.2083921E-02  0.0000000E+00  0.0000000E+00 -0.5707327E-01 -0.1011692E-06

        86      0  0.0000000E+00  0.0000000E+00  0.0000000E+00  0.0000000E+00  0.0000000E+00  0.0000000E+00
        86      1  0.0000000E+00  0.0000000E+00  0.0000000E+00  0.0000000E+00  0.0000000E+00  0.0000000E+00
        86      2 -0.1109129E-02  0.2661855E-03  0.0000000E+00  0.0000000E+00 -0.2304635E-02 -0.4176017E-08
        86      3 -0.2202163E-02  0.5787926E-03  0.0000000E+00  0.0000000E+00 -0.9224263E-02 -0.1671641E-07
        86      4 -0.4751239E-02  0.2113067E-02  0.0000000E+00  0.0000000E+00 -0.5774780E-01 -0.1044094E-06

        87      0  0.0000000E+00  0.0000000E+00  0.0000000E+00  0.0000000E+00  0.0000000E+00  0.0000000E+00
        87      1  0.0000000E+00  0.0000000E+00  0.0000000E+00  0.0000000E+00  0.0000000E+00  0.0000000E+00
        87      2  0.5849368E-03  0.2630146E-03  0.0000000E+00  0.0000000E+00 -0.2330982E-02 -0.4142819E-08
        87      3  0.1274223E-02  0.4778601E-03  0.0000000E+00  0.0000000E+00 -0.9326815E-02 -0.1659275E-07
        87      4  0.4713890E-02  0.2574335E-03  0.0000000E+00  0.0000000E+00 -0.5837310E-01 -0.1046511E-06

        88      0  0.0000000E+00  0.0000000E+00  0.0000000E+00  0.0000000E+00  0.0000000E+00  0.0000000E+00
        88      1  0.0000000E+00  0.0000000E+00  0.0000000E+00  0.0000000E+00  0.0000000E+00  0.0000000E+00
        88      2  0.6028206E-03 -0.4921528E-03  0.0000000E+00  0.0000000E+00 -0.2354228E-02 -0.4230489E-08
        88      3  0.1092477E-02 -0.9889038E-03  0.0000000E+00  0.0000000E+00 -0.9426202E-02 -0.1690926E-07
        88      4  0.5715720E-03 -0.2324512E-02  0.0000000E+00  0.0000000E+00 -0.5901213E-01 -0.1050001E-06

        89      0  0.0000000E+00  0.0000000E+00  0.0000000E+00  0.0000000E+00  0.0000000E+00  0.0000000E+00
        89      1  0.0000000E+00  0.0000000E+00  0.0000000E+00  0.0000000E+00  0.0000000E+00  0.0000000E+00
        89      2 -0.1106549E-02  0.1610966E-03  0.0000000E+00  0.0000000E+00 -0.2381139E-02 -0.4310417E-08
        89      3 -0.2226583E-02  0.3763649E-03  0.0000000E+00  0.0000000E+00 -0.9531347E-02 -0.1726409E-07
        89      4 -0.5274772E-02  0.1775987E-02  0.0000000E+00  0.0000000E+00 -0.5967650E-01 -0.1082180E-06

        90      0  0.0000000E+00  0.0000000E+00  0.0000000E+00  0.0000000E+00  0.0000000E+00  0.0000000E+00
        90      1  0.0000000E+00  0.0000000E+00  0.0000000E+00  0.0000000E+00  0.0000000E+00  0.0000000E+00
        90      2  0.3464733E-03  0.3540091E-03  0.0000000E+00  0.0000000E+00 -0.2408365E-02 -0.4279281E-08
        90      3  0.8137974E-03  0.6666179E-03  0.0000000E+00  0.0000000E+00 -0.9636000E-02 -0.1713113E-07
        90      4  0.3940349E-02  0.7920185E-03  0.0000000E+00  0.0000000E+00 -0.6030362E-01 -0.1077752E-06

        91      0  0.0000000E+00  0.0000000E+00  0.0000000E+00  0.0000000E+00  0.0000000E+00  0.0000000E+00
        91      1  0.0000000E+00  0.0000000E+00  0.0000000E+00  0.0000000E+00  0.0000000E+00  0.0000000E+00
        91      2  0.8056653E-03 -0.4654163E-03  0.0000000E+00  0.0000000E+00 -0.2431550E-02 -0.4395737E-08
        91      3  0.1514405E-02 -0.9492812E-03  0.0000000E+00  0.0000000E+00 -0.9735150E-02 -0.1757324E-07
        91      4  0.1771589E-02 -0.2453206E-02  0.0000000E+00  0.0000000E+00 -0.6094538E-01 -0.1090197E-06

        92      0  0.0000000E+00  0.0000000E+00  0.0000000E+00  0.0000000E+00  0.0000000E+00  0.0000000E+00
        92      1  0.0000000E+00  0.0000000E+00  0.0000000E+00  0.0000000E+00  0.0000000E+00  0.0000000E+00
        92      2 -0.1042862E-02  0.4711482E-04  0.0000000E+00  0.0000000E+00 -0.2457442E-02 -0.4437405E-08
        92      3 -0.2130470E-02  0.1535596E-03  0.0000000E+00  0.0000000E+00 -0.9837558E-02 -0.1778010E-07
        92      4 -0.5546998E-02  0.1353642E-02  0.0000000E+00  0.0000000E+00 -0.6159755E-01 -0.1118321E-06

        93      0  0.0000000E+00  0.0000000E+00  0.0000000E+00  0.0000000E+00  0.0000000E+00  0.0000000E+00
        93      1  0.0000000E+00  0.0000000E+00  0.0000000E+00  0.0000000E+00  0.0000000E+00  0.0000000E+00
        93      2  0.8886357E-04  0.4253760E-03  0.0000000E+00  0.0000000E+00 -0.2485505E-02 -0.4425641E-08
        93      3  0.3091769E-03  0.8190051E-03  0.0000000E+00  0.0000000E+00 -0.9944438E-02 -0.1770772E-07
        93      4  0.2974524E-02  0.1288627E-02  0.0000000E+00  0.0000000E+00 -0.6222988E-01 -0.1110198E-06

        94      0  0.0000000E+00  0.0000000E+00  0.0000000E+00  0.0000000E+00  0.0000000E+00  0.0000000E+00
        94      1  0.0000000E+00  0.0000000E+00  0.0000000E+00  0.0000000E+00  0.0000000E+00  0.0000000E+00
        94      2  0.9638302E-03 -0.4128799E-03  0.0000000E+00  0.0000000E+00 -0.2508652E-02 -0.4555918E-08
        94      3  0.1853721E-02 -0.8578930E-03  0.0000000E+00  0.0000000E+00 -0.1004308E-01 -0.1822154E-07
        94      4  0.2887991E-02 -0.2463629E-02  0.0000000E+00  0.0000000E+00 -0.6287238E-01 -0.1131507E-06

        95      0  0.0000000E+00  0.0000000E+00  0.0000000E+00  0.0000000E+00  0.0000000E+00  0.0000000E+00
        95      1  0.0000000E+00  0.0000000E+00  0.0000000E+00  0.0000000E+00  0.0000000E+00  0.0000000E+00
        95      2 -0.9215732E-03 -0.6945017E-04  0.0000000E+00  0.0000000E+00 -0.2533609E-02 -0.4560719E-08
        95      3 -0.1919006E-02 -0.7749713E-04  0.0000000E+00  0.0000000E+00 -0.1014312E-01 -0.1827721E-07
        95      4 -0.5555445E-02  0.8665540E-03  0.0000000E+00  0.0000000E+00 -0.6351201E-01 -0.1152497E-06

        96      0  0.0000000E+00  0.0000000E+00  0.0000000E+00  0.0000000E+00  0.0000000E+00  0.0000000E+00
        96      1  0.0000000E+00  0.0000000E+00  0.0000000E+00  0.0000000E+00  0.0000000E+00  0.0000000E+00
        96      2 -0.1735814E-03  0.4731570E-03  0.0000000E+00  0.0000000E+00 -0.2562362E-02 -0.4581406E-08
        96      3 -0.2119631E-03  0.9266960E-03  0.0000000E+00  0.0000000E+00 -0.1025201E-01 -0.1832228E-07
        96      4  0.1864649E-02  0.1722949E-02  0.0000000E+00  0.0000000E+00 -0.6415215E-01 -0.1144522E-06

        97      0  0.0000000E+00  0.0000000E+00  0.0000000E+00  0.0000000E+00  0.0000000E+00  0.0000000E+00
        97      1  0.0000000E+00  0.0000000E+00  0.0000000E+00  0.0000000E+00  0.0000000E+00  0.0000000E+00
        97      2  0.1068481E-02 -0.3374435E-03  0.0000000E+00  0.0000000E+00 -0.2585519E-02 -0.4707529E-08
        97      3  0.2091654E-02 -0.7196751E-03  0.0000000E+00  0.0000000E+00 -0.1034996E-01 -0.1883854E-07
        97      4  0.3865708E-02 -0.2355060E-02  0.0000000E+00  0.0000000E+00 -0.6479284E-01 -0.1172898E-06

        98      0  0.0000000E+00  0.0000000E+00  0.0000000E+00  0.0000000E+00  0.0000000E+00  0.0000000E+00
        98      1  0.0000000E+00  0.0000000E+00  0.0000000E+00  0.0000000E+00  0.0000000E+00  0.0000000E+00
        98      2 -0.7493539E-03 -0.1821495E-03  0.0000000E+00  0.0000000E+00 -0.2609696E-02 -0.4684922E-08
        98      3 -0.1603548E-02 -0.3042473E-03  0.0000000E+00  0.0000000E+00 -0.1044823E-01 -0.1877233E-07
        98      4 -0.5299916E-02  0.3383302E-03  0.0000000E+00  0.0000000E+00 -0.6542127E-01 -0.1185025E-06

        99      0  0.0000000E+00  0.0000000E+00  0.0000000E+00  0.0000000E+00  0.0000000E+00  0.0000000E+00
        99      1  0.0000000E+00  0.0000000E+00  0.0000000E+00  0.0000000E+00  0.0000000E+00  0.0000000E+00
        99      2 -0.4263144E-03  0.4947063E-03  0.0000000E+00  0.0000000E+00 -0.2638894E-02 -0.4744062E-08
        99      3 -0.7211679E-03  0.9838233E-03  0.0000000E+00  0.0000000E+00 -0.1055855E-01 -0.1896658E-07
        99      4  0.6658162E-03  0.2073743E-02  0.0000000E+00  0.0000000E+00 -0.6607044E-01 -0.1181006E-06

       100      0  0.0000000E+00  0.0000000E+00  0.0000000E+00  0.0000000E+00  0.0000000E+00  0.0000000E+00
       100      1  0.0000000E+00  0.0000000E+00  0.0000000E+00  0.0000000E+00  0.0000000E+00  0.0000000E+00
       100      2  0.1113759E-02 -0.2432786E-03  0.0000000E+00  0.0000000E+00 -0.2662153E-02 -0.4848980E-08
       100      3  0.2214988E-02 -0.5421239E-03  0.0000000E+00  0.0000000E+00 -0.1065584E-01 -0.1941561E-07
       100      4  0.4655998E-02 -0.2132529E-02  0.0000000E+00  0.0000000E+00 -0.6670679E-01 -0.1213295E-06
