# number of rays:       5
# iteration   ray    X              A              Y              B              T              D
         0      0  0.0000000E+00  0.0000000E+00  0.0000000E+00  0.0000000E+00  0.0000000E+00  0.0000000E+00
         0      1  0.0000000E+00  0.0000000E+00  0.0000000E+00  0.0000000E+00  0.0000000E+00  0.0000000E+00
         0      2  0.1000000E-02  0.0000000E+00  0.0000000E+00  0.0000000E+00  0.0000000E+00  0.0000000E+00
         0      3  0.2000000E-02  0.0000000E+00  0.0000000E+00  0.0000000E+00  0.0000000E+00  0.0000000E+00
         0      4  0.5000000E-02  0.0000000E+00  0.0000000E+00  0.0000000E+00  0.0000000E+00  0.0000000E+00

         1      0  0.0000000E+00  0.0000000E+00  0.0000000E+00  0.0000000E+00  0.0000000E+00  0.0000000E+00
         1      1  0.0000000E+00  0.0000000E+00  0.0000000E+00  0.0000000E+00  0.0000000E+00  0.0000000E+00
         1      2  0.1394681E-04 -0.4470120E-03  0.0000000E+00  0.0000000E+00 -0.2349979E-04  0.8526037E-13
         1      3  0.2373026E-04 -0.8933230E-03  0.0000000E+00  0.0000000E+00 -0.9917420E-04  0.8081593E-12
         1      4  0.1151310E-04 -0.2224973E-02  0.0000000E+00  0.0000000E+00 -0.6391938E-03  0.1859859E-10

         2      0  0.0000000E+00  0.0000000E+00  0.0000000E+00  0.0000000E+00  0.0000000E+00  0.0000000E+00
         2      1  0.0000000E+00  0.0000000E+00  0.0000000E+00  0.0000000E+00  0.0000000E+00  0.0000000E+00
         2      2 -0.1013213E-02  0.3850350E-03  0.0000000E+00  0.0000000E+00 -0.5253668E-04 -0.1212788E-09
         2      3 -0.2025286E-02  0.7710796E-03  0.0000000E+00  0.0000000E+00 -0.2096518E-03 -0.4845372E-09
         2      4 -0.5040281E-02  0.1944492E-02  0.0000000E+00  0.0000000E+00 -0.1308047E-02 -0.3012851E-08

         3      0  0.0000000E+00  0.0000000E+00  0.0000000E+00  0.0000000E+00  0.0000000E+00  0.0000000E+00
         3      1  0.0000000E+00  0.0000000E+00  0.0000000E+00  0.0000000E+00  0.0000000E+00  0.0000000E+00
         3      2  0.8564345E-03  0.1157729E-03  0.0000000E+00  0.0000000E+00 -0.7807031E-04 -0.1150748E-09
         3      3  0.1715006E-02  0.2294050E-03  0.0000000E+00  0.0000000E+00 -0.3114345E-03 -0.4605968E-09
         3      4  0.4334747E-02  0.5358746E-03  0.0000000E+00  0.0000000E+00 -0.1942265E-02 -0.2900688E-08

         4      0  0.0000000E+00  0.0000000E+00  0.0000000E+00  0.0000000E+00  0.0000000E+00  0.0000000E+00
         4      1  0.0000000E+00  0.0000000E+00  0.0000000E+00  0.0000000E+00  0.0000000E+00  0.0000000E+00
         4      2  0.2740946E-03 -0.4843173E-03  0.0000000E+00  0.0000000E+00 -0.1013402E-03 -0.1481167E-09
         4      3  0.5392502E-03 -0.9673353E-03  0.0000000E+00  0.0000000E+00 -0.4104224E-03 -0.5912692E-09
         4      4  0.1216305E-02 -0.2401791E-02  0.0000000E+00  0.0000000E+00 -0.2582536E-02 -0.3649345E-08

         5      0  0.0000000E+00  0.0000000E+00  0.0000000E+00  0.0000000E+00  0.0000000E+00  0.0000000E+00
         5      1  0.0000000E+00  0.0000000E+00  0.0000000E+00  0.0000000E+00  0.0000000E+00  0.0000000E+00
         5      2 -0.1093623E-02  0.3013386E-03  0.0000000E+00  0.0000000E+00 -0.1296443E-03 -0.2593613E-09
         5      3 -0.2184873E-02  0.6053346E-03  0.0000000E+00  0.0000000E+00 -0.5188525E-03 -0.1037256E-08
         5      4 -0.5425795E-02  0.1561704E-02  0.0000000E+00  0.0000000E+00 -0.3242135E-02 -0.6477314E-08

         6      0  0.0000000E+00  0.0000000E+00  0.0000000E+00  0.0000000E+00  0.0000000E+00  0.0000000E+00
         6      1  0.0000000E+00  0.0000000E+00  0.0000000E+00  0.0000000E+00  0.0000000E+00  0.0000000E+00
         6      2  0.6653473E-03  0.2251874E-03  0.0000000E+00  0.0000000E+00 -0.1559209E-03 -0.2330178E-09
         6      3  0.1336413E-02  0.4465543E-03  0.0000000E+00  0.0000000E+00 -0.6220892E-03 -0.9332494E-09
         6      4  0.3461344E-02  0.1047790E-02  0.0000000E+00  0.0000000E+00 -0.3879009E-02 -0.5877492E-08

         7      0  0.0000000E+00  0.0000000E+00  0.0000000E+00  0.0000000E+00  0.0000000E+00  0.0000000E+00
         7      1  0.0000000E+00  0.0000000E+00  0.0000000E+00  0.0000000E+00  0.0000000E+00  0.0000000E+00
         7      2  0.5192137E-03 -0.4948429E-03  0.0000000E+00  0.0000000E+00 -0.1790475E-03 -0.3017766E-09
         7      3  0.1026065E-02 -0.9889292E-03  0.0000000E+00  0.0000000E+00 -0.7209115E-03 -0.1205820E-08
         7      4  0.2367371E-02 -0.2465617E-02  0.0000000E+00  0.0000000E+00 -0.4519527E-02 -0.7462127E-08

         8      0  0.0000000E+00  0.0000000E+00  0.0000000E+00  0.0000000E+00  0.0000000E+00  0.0000000E+00
         8      1  0.0000000E+00  0.0000000E+00  0.0000000E+00  0.0000000E+00  0.0000000E+00  0.0000000E+00
         8      2 -0.1113666E-02  0.2009683E-03  0.0000000E+00  0.0000000E+00 -0.2064714E-03 -0.3884142E-09
         8      3 -0.2226466E-02  0.4067344E-03  0.0000000E+00  0.0000000E+00 -0.8269742E-03 -0.1555285E-08
         8      4 -0.5558078E-02  0.1104862E-02  0.0000000E+00  0.0000000E+00 -0.5168969E-02 -0.9765827E-08

         9      0  0.0000000E+00  0.0000000E+00  0.0000000E+00  0.0000000E+00  0.0000000E+00  0.0000000E+00
         9      1  0.0000000E+00  0.0000000E+00  0.0000000E+00  0.0000000E+00  0.0000000E+00  0.0000000E+00
         9      2  0.4374054E-03  0.3221726E-03  0.0000000E+00  0.0000000E+00 -0.2335396E-03 -0.3574990E-09
         9      3  0.8851347E-03  0.6395967E-03  0.0000000E+00  0.0000000E+00 -0.9319617E-03 -0.1432009E-08
         9      4  0.2422994E-02  0.1511114E-02  0.0000000E+00  0.0000000E+00 -0.5810686E-02 -0.9000774E-08

        10      0  0.0000000E+00  0.0000000E+00  0.0000000E+00  0.0000000E+00  0.0000000E+00  0.0000000E+00
        10      1  0.0000000E+00  0.0000000E+00  0.0000000E+00  0.0000000E+00  0.0000000E+00  0.0000000E+00
        10      2  0.7356880E-03 -0.4780133E-03  0.0000000E+00  0.0000000E+00 -0.2565920E-03 -0.4567475E-09
        10      3  0.1457545E-02 -0.9569586E-03  0.0000000E+00  0.0000000E+00 -0.1030550E-02 -0.1826347E-08
        10      4  0.3409060E-02 -0.2413518E-02  0.0000000E+00  0.0000000E+00 -0.6450181E-02 -0.1133173E-07

        11      0  0.0000000E+00  0.0000000E+00  0.0000000E+00  0.0000000E+00  0.0000000E+00  0.0000000E+00
        11      1  0.0000000E+00  0.0000000E+00  0.0000000E+00  0.0000000E+00  0.0000000E+00  0.0000000E+00
        11      2 -0.1072262E-02  0.8950309E-04  0.0000000E+00  0.0000000E+00 -0.2830728E-03 -0.5096483E-09
        11      3 -0.2147919E-02  0.1861568E-03  0.0000000E+00  0.0000000E+00 -0.1134196E-02 -0.2042689E-08
        11      4 -0.5431368E-02  0.5961671E-03  0.0000000E+00  0.0000000E+00 -0.7089845E-02 -0.1288671E-07

        12      0  0.0000000E+00  0.0000000E+00  0.0000000E+00  0.0000000E+00  0.0000000E+00  0.0000000E+00
        12      1  0.0000000E+00  0.0000000E+00  0.0000000E+00  0.0000000E+00  0.0000000E+00  0.0000000E+00
        12      2  0.1853129E-03  0.4013388E-03  0.0000000E+00  0.0000000E+00 -0.3109061E-03 -0.4907181E-09
        12      3  0.3860253E-03  0.7979615E-03  0.0000000E+00  0.0000000E+00 -0.1241015E-02 -0.1964996E-08
        12      4  0.1270970E-02  0.1903321E-02  0.0000000E+00  0.0000000E+00 -0.7737822E-02 -0.1230895E-07

        13      0  0.0000000E+00  0.0000000E+00  0.0000000E+00  0.0000000E+00  0.0000000E+00  0.0000000E+00
        13      1  0.0000000E+00  0.0000000E+00  0.0000000E+00  0.0000000E+00  0.0000000E+00  0.0000000E+00
        13      2  0.9114576E-03 -0.4347568E-03  0.0000000E+00  0.0000000E+00 -0.3339489E-03 -0.6085662E-09
        13      3  0.1809953E-02 -0.8731493E-03  0.0000000E+00  0.0000000E+00 -0.1339280E-02 -0.2434831E-08
        13      4  0.4290216E-02 -0.2247948E-02  0.0000000E+00  0.0000000E+00 -0.8374868E-02 -0.1515584E-07

        14      0  0.0000000E+00  0.0000000E+00  0.0000000E+00  0.0000000E+00  0.0000000E+00  0.0000000E+00
        14      1  0.0000000E+00  0.0000000E+00  0.0000000E+00  0.0000000E+00  0.0000000E+00  0.0000000E+00
        14      2 -0.9716946E-03 -0.2686984E-04  0.0000000E+00  0.0000000E+00 -0.3595057E-03 -0.6259653E-09
        14      3 -0.1953472E-02 -0.4434633E-04  0.0000000E+00  0.0000000E+00 -0.1440707E-02 -0.2509963E-08
        14      4 -0.5051734E-02  0.6027902E-04  0.0000000E+00  0.0000000E+00 -0.9006244E-02 -0.1587756E-07

        15      0  0.0000000E+00  0.0000000E+00  0.0000000E+00  0.0000000E+00  0.0000000E+00  0.0000000E+00
        15      1  0.0000000E+00  0.0000000E+00  0.0000000E+00  0.0000000E+00  0.0000000E+00  0.0000000E+00
        15      2 -0.7691090E-04  0.4582798E-03  0.0000000E+00  0.0000000E+00 -0.3879932E-03 -0.6329635E-09
        15      3 -0.1335449E-03  0.9129528E-03  0.0000000E+00  0.0000000E+00 -0.1549174E-02 -0.2532961E-08
        15      4  0.6166506E-04  0.2205244E-02  0.0000000E+00  0.0000000E+00 -0.9660760E-02 -0.1580442E-07

        16      0  0.0000000E+00  0.0000000E+00  0.0000000E+00  0.0000000E+00  0.0000000E+00  0.0000000E+00
        16      1  0.0000000E+00  0.0000000E+00  0.0000000E+00  0.0000000E+00  0.0000000E+00  0.0000000E+00
        16      2  0.1036703E-02 -0.3674553E-03  0.0000000E+00  0.0000000E+00 -0.4111012E-03 -0.7534698E-09
        16      3  0.2063795E-02 -0.7420076E-03  0.0000000E+00  0.0000000E+00 -0.1647077E-02 -0.3015919E-08
        16      4  0.4967116E-02 -0.1976641E-02  0.0000000E+00  0.0000000E+00 -0.1029408E-01 -0.1884086E-07

        17      0  0.0000000E+00  0.0000000E+00  0.0000000E+00  0.0000000E+00  0.0000000E+00  0.0000000E+00
        17      1  0.0000000E+00  0.0000000E+00  0.0000000E+00  0.0000000E+00  0.0000000E+00  0.0000000E+00
        17      2 -0.8174851E-03 -0.1417007E-03  0.0000000E+00  0.0000000E+00 -0.4358201E-03 -0.7413675E-09
        17      3 -0.1653519E-02 -0.2722206E-03  0.0000000E+00  0.0000000E+00 -0.1746666E-02 -0.2972112E-08
        17      4 -0.4436743E-02 -0.4770429E-03  0.0000000E+00  0.0000000E+00 -0.1091939E-01 -0.1880182E-07

        18      0  0.0000000E+00  0.0000000E+00  0.0000000E+00  0.0000000E+00  0.0000000E+00  0.0000000E+00
        18      1  0.0000000E+00  0.0000000E+00  0.0000000E+00  0.0000000E+00  0.0000000E+00  0.0000000E+00
        18      2 -0.3347216E-03  0.4898221E-03  0.0000000E+00  0.0000000E+00 -0.4647710E-03 -0.7825902E-09
        18      3 -0.6452368E-03  0.9782425E-03  0.0000000E+00  0.0000000E+00 -0.1856337E-02 -0.3129438E-08
        18      4 -0.1146599E-02  0.2402143E-02  0.0000000E+00  0.0000000E+00 -0.1157943E-01 -0.1945690E-07

        19      0  0.0000000E+00  0.0000000E+00  0.0000000E+00  0.0000000E+00  0.0000000E+00  0.0000000E+00
        19      1  0.0000000E+00  0.0000000E+00  0.0000000E+00  0.0000000E+00  0.0000000E+00  0.0000000E+00
        19      2  0.1104409E-02 -0.2798152E-03  0.0000000E+00  0.0000000E+00 -0.4880403E-03 -0.8892544E-09
        19      3  0.2204958E-02 -0.5705830E-03  0.0000000E+00  0.0000000E+00 -0.1953949E-02 -0.3560499E-08
        19      4  0.5405980E-02 -0.1612202E-02  0.0000000E+00  0.0000000E+00 -0.1220818E-01 -0.2232315E-07

        20      0  0.0000000E+00  0.0000000E+00  0.0000000E+00  0.0000000E+00  0.0000000E+00  0.0000000E+00
        20      1  0.0000000E+00  0.0000000E+00  0.0000000E+00  0.0000000E+00  0.0000000E+00  0.0000000E+00
        20      2 -0.6180972E-03 -0.2486360E-03  0.0000000E+00  0.0000000E+00 -0.5120518E-03 -0.8601129E-09
        20      3 -0.1264081E-02 -0.4850997E-03  0.0000000E+00  0.0000000E+00 -0.2052173E-02 -0.3445669E-08
        20      4 -0.3614523E-02 -0.9903004E-03  0.0000000E+00  0.0000000E+00 -0.1282990E-01 -0.2173987E-07

        21      0  0.0000000E+00  0.0000000E+00  0.0000000E+00  0.0000000E+00  0.0000000E+00  0.0000000E+00
        21      1  0.0000000E+00  0.0000000E+00  0.0000000E+00  0.0000000E+00  0.0000000E+00  0.0000000E+00
        21      2 -0.5738601E-03  0.4942054E-03  0.0000000E+00  0.0000000E+00 -0.5412128E-03 -0.9364014E-09
        21      3 -0.1121307E-02  0.9902294E-03  0.0000000E+00  0.0000000E+00 -0.2162389E-02 -0.3742313E-08
        21      4 -0.2296649E-02  0.2484446E-02  0.0000000E+00  0.0000000E+00 -0.1349325E-01 -0.2321201E-07

        22      0  0.0000000E+00  0.0000000E+00  0.0000000E+00  0.0000000E+00  0.0000000E+00  0.0000000E+00
        22      1  0.0000000E+00  0.0000000E+00  0.0000000E+00  0.0000000E+00  0.0000000E+00  0.0000000E+00
        22      2  0.1110767E-02 -0.1766659E-03  0.0000000E+00  0.0000000E+00 -0.5647643E-03 -0.1015769E-08
        22      3  0.2225542E-02 -0.3681000E-03  0.0000000E+00  0.0000000E+00 -0.2259926E-02 -0.4067766E-08
        22      4  0.5584801E-02 -0.1171475E-02  0.0000000E+00  0.0000000E+00 -0.1411728E-01 -0.2558283E-07

        23      0  0.0000000E+00  0.0000000E+00  0.0000000E+00  0.0000000E+00  0.0000000E+00  0.0000000E+00
        23      1  0.0000000E+00  0.0000000E+00  0.0000000E+00  0.0000000E+00  0.0000000E+00  0.0000000E+00
        23      2 -0.3844841E-03 -0.3417694E-03  0.0000000E+00  0.0000000E+00 -0.5882180E-03 -0.9857891E-09
        23      3 -0.8059801E-03 -0.6714739E-03  0.0000000E+00  0.0000000E+00 -0.2357256E-02 -0.3945183E-08
        23      4 -0.2622426E-02 -0.1455484E-02  0.0000000E+00  0.0000000E+00 -0.1473764E-01 -0.2477517E-07

        24      0  0.0000000E+00  0.0000000E+00  0.0000000E+00  0.0000000E+00  0.0000000E+00  0.0000000E+00
        24      1  0.0000000E+00  0.0000000E+00  0.0000000E+00  0.0000000E+00  0.0000000E+00  0.0000000E+00
        24      2 -0.7811389E-03  0.4711823E-03  0.0000000E+00  0.0000000E+00 -0.6173016E-03 -0.1090340E-08
        24      3 -0.1536096E-02  0.9482432E-03  0.0000000E+00  0.0000000E+00 -0.2467235E-02 -0.4356384E-08
        24      4 -0.3335108E-02  0.2448169E-02  0.0000000E+00  0.0000000E+00 -0.1540123E-01 -0.2700208E-07

        25      0  0.0000000E+00  0.0000000E+00  0.0000000E+00  0.0000000E+00  0.0000000E+00  0.0000000E+00
        25      1  0.0000000E+00  0.0000000E+00  0.0000000E+00  0.0000000E+00  0.0000000E+00  0.0000000E+00
        25      2  0.1055406E-02 -0.6369810E-04  0.0000000E+00  0.0000000E+00 -0.6412756E-03 -0.1134933E-08
        25      3  0.2124337E-02 -0.1454754E-03  0.0000000E+00  0.0000000E+00 -0.2565051E-02 -0.4545273E-08
        25      4  0.5494442E-02 -0.6747824E-03  0.0000000E+00  0.0000000E+00 -0.1602120E-01 -0.2864699E-07

        26      0  0.0000000E+00  0.0000000E+00  0.0000000E+00  0.0000000E+00  0.0000000E+00  0.0000000E+00
        26      1  0.0000000E+00  0.0000000E+00  0.0000000E+00  0.0000000E+00  0.0000000E+00  0.0000000E+00
        26      2 -0.1295009E-03 -0.4159652E-03  0.0000000E+00  0.0000000E+00 -0.6643171E-03 -0.1120505E-08
        26      3 -0.3037859E-03 -0.8213008E-03  0.0000000E+00  0.0000000E+00 -0.2661871E-02 -0.4479924E-08
        26      4 -0.1505473E-02 -0.1851096E-02  0.0000000E+00  0.0000000E+00 -0.1664189E-01 -0.2797770E-07

        27      0  0.0000000E+00  0.0000000E+00  0.0000000E+00  0.0000000E+00  0.0000000E+00  0.0000000E+00
        27      1  0.0000000E+00  0.0000000E+00  0.0000000E+00  0.0000000E+00  0.0000000E+00  0.0000000E+00
        27      2 -0.9451596E-03  0.4220331E-03  0.0000000E+00  0.0000000E+00 -0.6930358E-03 -0.1240342E-08
        27      3 -0.1867375E-02  0.8545836E-03  0.0000000E+00  0.0000000E+00 -0.2770824E-02 -0.4956376E-08
        27      4 -0.4214541E-02  0.2295038E-02  0.0000000E+00  0.0000000E+00 -0.1730230E-01 -0.3075691E-07

        28      0  0.0000000E+00  0.0000000E+00  0.0000000E+00  0.0000000E+00  0.0000000E+00  0.0000000E+00
        28      1  0.0000000E+00  0.0000000E+00  0.0000000E+00  0.0000000E+00  0.0000000E+00  0.0000000E+00
        28      2  0.9414081E-03  0.5284723E-04  0.0000000E+00  0.0000000E+00 -0.7175766E-03 -0.1250277E-08
        28      3  0.1906902E-02  0.8525455E-04  0.0000000E+00  0.0000000E+00 -0.2869369E-02 -0.5007026E-08
        28      4  0.5139057E-02 -0.1450904E-03  0.0000000E+00  0.0000000E+00 -0.1791970E-01 -0.3158188E-07

        29      0  0.0000000E+00  0.0000000E+00  0.0000000E+00  0.0000000E+00  0.0000000E+00  0.0000000E+00
        29      1  0.0000000E+00  0.0000000E+00  0.0000000E+00  0.0000000E+00  0.0000000E+00  0.0000000E+00
        29      2  0.1327896E-03 -0.4671382E-03  0.0000000E+00  0.0000000E+00 -0.7403320E-03 -0.1264386E-08
        29      3  0.2154495E-03 -0.9265306E-03  0.0000000E+00  0.0000000E+00 -0.2965929E-02 -0.5051583E-08
        29      4 -0.3146820E-03 -0.2158985E-02  0.0000000E+00  0.0000000E+00 -0.1854157E-01 -0.3138798E-07

        30      0  0.0000000E+00  0.0000000E+00  0.0000000E+00  0.0000000E+00  0.0000000E+00  0.0000000E+00
        30      1  0.0000000E+00  0.0000000E+00  0.0000000E+00  0.0000000E+00  0.0000000E+00  0.0000000E+00
        30      2 -0.1056927E-02  0.3494941E-03  0.0000000E+00  0.0000000E+00 -0.7684328E-03 -0.1383182E-08
        30      3 -0.2097480E-02  0.7143920E-03  0.0000000E+00  0.0000000E+00 -0.3073172E-02 -0.5529886E-08
        30      4 -0.4895182E-02  0.2032398E-02  0.0000000E+00  0.0000000E+00 -0.1919564E-01 -0.3441321E-07

        31      0  0.0000000E+00  0.0000000E+00  0.0000000E+00  0.0000000E+00  0.0000000E+00  0.0000000E+00
        31      1  0.0000000E+00  0.0000000E+00  0.0000000E+00  0.0000000E+00  0.0000000E+00  0.0000000E+00
        31      2  0.7751418E-03  0.1665208E-03  0.0000000E+00  0.0000000E+00 -0.7936662E-03 -0.1366132E-08
        31      3  0.1585255E-02  0.3115727E-03  0.0000000E+00  0.0000000E+00 -0.3172915E-02 -0.5470164E-08
        31      4  0.4535929E-02  0.3928915E-03  0.0000000E+00  0.0000000E+00 -0.1981263E-01 -0.3447702E-07

        32      0  0.0000000E+00  0.0000000E+00  0.0000000E+00  0.0000000E+00  0.0000000E+00  0.0000000E+00
        32      1  0.0000000E+00  0.0000000E+00  0.0000000E+00  0.0000000E+00  0.0000000E+00  0.0000000E+00
        32      2  0.3878828E-03 -0.4924748E-03  0.0000000E+00  0.0000000E+00 -0.8162355E-03 -0.1415515E-08
        32      3  0.7236030E-03 -0.9815238E-03  0.0000000E+00  0.0000000E+00 -0.3269317E-02 -0.5653604E-08
        32      4  0.8948058E-03 -0.2365043E-02  0.0000000E+00  0.0000000E+00 -0.2043573E-01 -0.3500578E-07

        33      0  0.0000000E+00  0.0000000E+00  0.0000000E+00  0.0000000E+00  0.0000000E+00  0.0000000E+00
        33      1  0.0000000E+00  0.0000000E+00  0.0000000E+00  0.0000000E+00  0.0000000E+00  0.0000000E+00
        33      2 -0.1110328E-02  0.2576025E-03  0.0000000E+00  0.0000000E+00 -0.8435284E-03 -0.1517145E-08
        33      3 -0.2214201E-02  0.5353636E-03  0.0000000E+00  0.0000000E+00 -0.3374371E-02 -0.6069785E-08
        33      4 -0.5346392E-02  0.1672897E-02  0.0000000E+00  0.0000000E+00 -0.2108106E-01 -0.3792270E-07

        34      0  0.0000000E+00  0.0000000E+00  0.0000000E+00  0.0000000E+00  0.0000000E+00  0.0000000E+00
        34      1  0.0000000E+00  0.0000000E+00  0.0000000E+00  0.0000000E+00  0.0000000E+00  0.0000000E+00
        34      2  0.5658935E-03  0.2710216E-03  0.0000000E+00  0.0000000E+00 -0.8695368E-03 -0.1486656E-08
        34      3  0.1177181E-02  0.5211557E-03  0.0000000E+00  0.0000000E+00 -0.3475705E-02 -0.5951076E-08
        34      4  0.3714719E-02  0.9137351E-03  0.0000000E+00  0.0000000E+00 -0.2170008E-01 -0.3742523E-07

        35      0  0.0000000E+00  0.0000000E+00  0.0000000E+00  0.0000000E+00  0.0000000E+00  0.0000000E+00
        35      1  0.0000000E+00  0.0000000E+00  0.0000000E+00  0.0000000E+00  0.0000000E+00  0.0000000E+00
        35      2  0.6216316E-03 -0.4905845E-03  0.0000000E+00  0.0000000E+00 -0.8919973E-03 -0.1570325E-08
        35      3  0.1192986E-02 -0.9833420E-03  0.0000000E+00  0.0000000E+00 -0.3571930E-02 -0.6272450E-08
        35      4  0.2065929E-02 -0.2459803E-02  0.0000000E+00  0.0000000E+00 -0.2232377E-01 -0.3878706E-07

        36      0  0.0000000E+00  0.0000000E+00  0.0000000E+00  0.0000000E+00  0.0000000E+00  0.0000000E+00
        36      1  0.0000000E+00  0.0000000E+00  0.0000000E+00  0.0000000E+00  0.0000000E+00  0.0000000E+00
        36      2 -0.1102457E-02  0.1514688E-03  0.0000000E+00  0.0000000E+00 -0.9183726E-03 -0.1642393E-08
        36      3 -0.2211392E-02  0.3273151E-03  0.0000000E+00  0.0000000E+00 -0.3674574E-02 -0.6575676E-08
        36      4 -0.5547918E-02  0.1233943E-02  0.0000000E+00  0.0000000E+00 -0.2295909E-01 -0.4125891E-07

        37      0  0.0000000E+00  0.0000000E+00  0.0000000E+00  0.0000000E+00  0.0000000E+00  0.0000000E+00
        37      1  0.0000000E+00  0.0000000E+00  0.0000000E+00  0.0000000E+00  0.0000000E+00  0.0000000E+00
        37      2  0.3253364E-03  0.3605469E-03  0.0000000E+00  0.0000000E+00 -0.9451725E-03 -0.1614934E-08
        37      3  0.7052014E-03  0.7025507E-03  0.0000000E+00  0.0000000E+00 -0.3777724E-02 -0.6461890E-08
        37      4  0.2716026E-02  0.1392469E-02  0.0000000E+00  0.0000000E+00 -0.2358248E-01 -0.4050373E-07

        38      0  0.0000000E+00  0.0000000E+00  0.0000000E+00  0.0000000E+00  0.0000000E+00  0.0000000E+00
        38      1  0.0000000E+00  0.0000000E+00  0.0000000E+00  0.0000000E+00  0.0000000E+00  0.0000000E+00
        38      2  0.8210341E-03 -0.4615745E-03  0.0000000E+00  0.0000000E+00 -0.9675894E-03 -0.1724402E-08
        38      3  0.1597868E-02 -0.9318997E-03  0.0000000E+00  0.0000000E+00 -0.3873688E-02 -0.6890580E-08
        38      4  0.3142346E-02 -0.2438900E-02  0.0000000E+00  0.0000000E+00 -0.2420555E-01 -0.4265115E-07

        39      0  0.0000000E+00  0.0000000E+00  0.0000000E+00  0.0000000E+00  0.0000000E+00  0.0000000E+00
        39      1  0.0000000E+00  0.0000000E+00  0.0000000E+00  0.0000000E+00  0.0000000E+00  0.0000000E+00
        39      2 -0.1033759E-02  0.3698888E-04  0.0000000E+00  0.0000000E+00 -0.9930225E-03 -0.1760956E-08
        39      3 -0.2089269E-02  0.1016323E-03  0.0000000E+00  0.0000000E+00 -0.3973969E-02 -0.7054139E-08
        39      4 -0.5490841E-02  0.7368642E-03  0.0000000E+00  0.0000000E+00 -0.2483093E-01 -0.4442234E-07

        40      0  0.0000000E+00  0.0000000E+00  0.0000000E+00  0.0000000E+00  0.0000000E+00  0.0000000E+00
        40      1  0.0000000E+00  0.0000000E+00  0.0000000E+00  0.0000000E+00  0.0000000E+00  0.0000000E+00
        40      2  0.6686534E-04  0.4301182E-03  0.0000000E+00  0.0000000E+00 -0.1020549E-02 -0.1752328E-08
        40      3  0.1952741E-03  0.8458137E-03  0.0000000E+00  0.0000000E+00 -0.4078921E-02 -0.7008093E-08
        40      4  0.1589217E-02  0.1805869E-02  0.0000000E+00  0.0000000E+00 -0.2546034E-01 -0.4376029E-07

        41      0  0.0000000E+00  0.0000000E+00  0.0000000E+00  0.0000000E+00  0.0000000E+00  0.0000000E+00
        41      1  0.0000000E+00  0.0000000E+00  0.0000000E+00  0.0000000E+00  0.0000000E+00  0.0000000E+00
        41      2  0.9749674E-03 -0.4070430E-03  0.0000000E+00  0.0000000E+00 -0.1042990E-02 -0.1873476E-08
        41      3  0.1915927E-02 -0.8299666E-03  0.0000000E+00  0.0000000E+00 -0.4174545E-02 -0.7490479E-08
        41      4  0.4071390E-02 -0.2303337E-02  0.0000000E+00  0.0000000E+00 -0.2608139E-01 -0.4649739E-07

        42      0  0.0000000E+00  0.0000000E+00  0.0000000E+00  0.0000000E+00  0.0000000E+00  0.0000000E+00
        42      1  0.0000000E+00  0.0000000E+00  0.0000000E+00  0.0000000E+00  0.0000000E+00  0.0000000E+00
        42      2 -0.9080133E-03 -0.7948690E-04  0.0000000E+00  0.0000000E+00 -0.1067533E-02 -0.1876326E-08
        42      3 -0.1854385E-02 -0.1293672E-03  0.0000000E+00  0.0000000E+00 -0.4272737E-02 -0.7517621E-08
        42      4 -0.5178049E-02  0.2057865E-03  0.0000000E+00  0.0000000E+00 -0.2669803E-01 -0.4744281E-07

        43      0  0.0000000E+00  0.0000000E+00  0.0000000E+00  0.0000000E+00  0.0000000E+00  0.0000000E+00
        43      1  0.0000000E+00  0.0000000E+00  0.0000000E+00  0.0000000E+00  0.0000000E+00  0.0000000E+00
        43      2 -0.1951623E-03  0.4758609E-03  0.0000000E+00  0.0000000E+00 -0.1095639E-02 -0.1898228E-08
        43      3 -0.3246908E-03  0.9430715E-03  0.0000000E+00  0.0000000E+00 -0.4379210E-02 -0.7587672E-08
        43      4  0.3896199E-03  0.2133750E-02  0.0000000E+00  0.0000000E+00 -0.2733408E-01 -0.4720695E-07

        44      0  0.0000000E+00  0.0000000E+00  0.0000000E+00  0.0000000E+00  0.0000000E+00  0.0000000E+00
        44      1  0.0000000E+00  0.0000000E+00  0.0000000E+00  0.0000000E+00  0.0000000E+00  0.0000000E+00
        44      2  0.1074821E-02 -0.3299926E-03  0.0000000E+00  0.0000000E+00 -0.1118187E-02 -0.2014403E-08
        44      3  0.2129536E-02 -0.6830221E-03  0.0000000E+00  0.0000000E+00 -0.4474489E-02 -0.8058746E-08
        44      4  0.4807067E-02 -0.2059454E-02  0.0000000E+00  0.0000000E+00 -0.2795177E-01 -0.5022757E-07

        45      0  0.0000000E+00  0.0000000E+00  0.0000000E+00  0.0000000E+00  0.0000000E+00  0.0000000E+00
        45      1  0.0000000E+00  0.0000000E+00  0.0000000E+00  0.0000000E+00  0.0000000E+00  0.0000000E+00
        45      2 -0.7321199E-03 -0.1915080E-03  0.0000000E+00  0.0000000E+00 -0.1141949E-02 -0.1992734E-08
        45      3 -0.1519288E-02 -0.3531186E-03  0.0000000E+00  0.0000000E+00 -0.4571019E-02 -0.7982081E-08
        45      4 -0.4624083E-02 -0.3336903E-03  0.0000000E+00  0.0000000E+00 -0.2856175E-01 -0.5037745E-07

        46      0  0.0000000E+00  0.0000000E+00  0.0000000E+00  0.0000000E+00  0.0000000E+00  0.0000000E+00
        46      1  0.0000000E+00  0.0000000E+00  0.0000000E+00  0.0000000E+00  0.0000000E+00  0.0000000E+00
        46      2 -0.4462314E-03  0.4952242E-03  0.0000000E+00  0.0000000E+00 -0.1170411E-02 -0.2050218E-08
        46      3 -0.8263939E-03  0.9889678E-03  0.0000000E+00  0.0000000E+00 -0.4678481E-02 -0.8191833E-08
        46      4 -0.8246490E-03  0.2360094E-02  0.0000000E+00  0.0000000E+00 -0.2920377E-01 -0.5082153E-07

        47      0  0.0000000E+00  0.0000000E+00  0.0000000E+00  0.0000000E+00  0.0000000E+00  0.0000000E+00
        47      1  0.0000000E+00  0.0000000E+00  0.0000000E+00  0.0000000E+00  0.0000000E+00  0.0000000E+00
        47      2  0.1114995E-02 -0.2346674E-03  0.0000000E+00  0.0000000E+00 -0.1193174E-02 -0.2145876E-08
        47      3  0.2226797E-02 -0.4989673E-03  0.0000000E+00  0.0000000E+00 -0.4773538E-02 -0.8589192E-08
        47      4  0.5312708E-02 -0.1718599E-02  0.0000000E+00  0.0000000E+00 -0.2981711E-01 -0.5376823E-07

        48      0  0.0000000E+00  0.0000000E+00  0.0000000E+00  0.0000000E+00  0.0000000E+00  0.0000000E+00
        48      1  0.0000000E+00  0.0000000E+00  0.0000000E+00  0.0000000E+00  0.0000000E+00  0.0000000E+00
        48      2 -0.5157357E-03 -0.2928813E-03  0.0000000E+00  0.0000000E+00 -0.1216297E-02 -0.2114249E-08
        48      3 -0.1101877E-02 -0.5574960E-03  0.0000000E+00  0.0000000E+00 -0.4868890E-02 -0.8463733E-08
        48      4 -0.3854346E-02 -0.8558691E-03  0.0000000E+00  0.0000000E+00 -0.3042288E-01 -0.5330326E-07

        49      0  0.0000000E+00  0.0000000E+00  0.0000000E+00  0.0000000E+00  0.0000000E+00  0.0000000E+00
        49      1  0.0000000E+00  0.0000000E+00  0.0000000E+00  0.0000000E+00  0.0000000E+00  0.0000000E+00
        49      2 -0.6724742E-03  0.4871259E-03  0.0000000E+00  0.0000000E+00 -0.1244842E-02 -0.2204610E-08
        49      3 -0.1282693E-02  0.9809671E-03  0.0000000E+00  0.0000000E+00 -0.4976623E-02 -0.8806988E-08
        49      4 -0.1995826E-02  0.2473881E-02  0.0000000E+00  0.0000000E+00 -0.3106895E-01 -0.5455514E-07

        50      0  0.0000000E+00  0.0000000E+00  0.0000000E+00  0.0000000E+00  0.0000000E+00  0.0000000E+00
        50      1  0.0000000E+00  0.0000000E+00  0.0000000E+00  0.0000000E+00  0.0000000E+00  0.0000000E+00
        50      2  0.1093221E-02 -0.1263228E-03  0.0000000E+00  0.0000000E+00 -0.1267951E-02 -0.2268710E-08
        50      3  0.2202242E-02 -0.2877122E-03  0.0000000E+00  0.0000000E+00 -0.5071728E-02 -0.9084201E-08
        50      4  0.5562999E-02 -0.1296546E-02  0.0000000E+00  0.0000000E+00 -0.3167758E-01 -0.5708691E-07

        51      0  0.0000000E+00  0.0000000E+00  0.0000000E+00  0.0000000E+00  0.0000000E+00  0.0000000E+00
        51      1  0.0000000E+00  0.0000000E+00  0.0000000E+00  0.0000000E+00  0.0000000E+00  0.0000000E+00
        51      2 -0.2707559E-03 -0.3780118E-03  0.0000000E+00  0.0000000E+00 -0.1290586E-02 -0.2243872E-08
        51      3 -0.6244924E-03 -0.7314638E-03  0.0000000E+00  0.0000000E+00 -0.5166347E-02 -0.8975527E-08
        51      4 -0.2903854E-02 -0.1336230E-02  0.0000000E+00  0.0000000E+00 -0.3228149E-01 -0.5630446E-07

        52      0  0.0000000E+00  0.0000000E+00  0.0000000E+00  0.0000000E+00  0.0000000E+00  0.0000000E+00
        52      1  0.0000000E+00  0.0000000E+00  0.0000000E+00  0.0000000E+00  0.0000000E+00  0.0000000E+00
        52      2 -0.8614304E-03  0.4520144E-03  0.0000000E+00  0.0000000E+00 -0.1318924E-02 -0.2357237E-08
        52      3 -0.1669049E-02  0.9194992E-03  0.0000000E+00  0.0000000E+00 -0.5273554E-02 -0.9417551E-08
        52      4 -0.3069281E-02  0.2469600E-02  0.0000000E+00  0.0000000E+00 -0.3292874E-01 -0.5834258E-07

        53      0  0.0000000E+00  0.0000000E+00  0.0000000E+00  0.0000000E+00  0.0000000E+00  0.0000000E+00
        53      1  0.0000000E+00  0.0000000E+00  0.0000000E+00  0.0000000E+00  0.0000000E+00  0.0000000E+00
        53      2  0.1010701E-02 -0.1093978E-04  0.0000000E+00  0.0000000E+00 -0.1342523E-02 -0.2385635E-08
        53      3  0.2057166E-02 -0.6065742E-04  0.0000000E+00  0.0000000E+00 -0.5369103E-02 -0.9554017E-08
        53      4  0.5545269E-02 -0.8127600E-03  0.0000000E+00  0.0000000E+00 -0.3353309E-01 -0.6019840E-07

        54      0  0.0000000E+00  0.0000000E+00  0.0000000E+00  0.0000000E+00  0.0000000E+00  0.0000000E+00
        54      1  0.0000000E+00  0.0000000E+00  0.0000000E+00  0.0000000E+00  0.0000000E+00  0.0000000E+00
        54      2 -0.1067393E-04 -0.4422085E-03  0.0000000E+00  0.0000000E+00 -0.1364807E-02 -0.2382852E-08
        54      3 -0.1127754E-03 -0.8656586E-03  0.0000000E+00  0.0000000E+00 -0.5463328E-02 -0.9524129E-08
        54      4 -0.1815722E-02 -0.1752511E-02  0.0000000E+00  0.0000000E+00 -0.3413699E-01 -0.5945630E-07

        55      0  0.0000000E+00  0.0000000E+00  0.0000000E+00  0.0000000E+00  0.0000000E+00  0.0000000E+00
        55      1  0.0000000E+00  0.0000000E+00  0.0000000E+00  0.0000000E+00  0.0000000E+00  0.0000000E+00
        55      2 -0.1002722E-02  0.3918440E-03  0.0000000E+00  0.0000000E+00 -0.1392661E-02 -0.2504315E-08
        55      3 -0.1964795E-02  0.8079354E-03  0.0000000E+00  0.0000000E+00 -0.5569245E-02 -0.1000898E-07
        55      4 -0.3995794E-02  0.2347442E-02  0.0000000E+00  0.0000000E+00 -0.3478203E-01 -0.6211334E-07

        56      0  0.0000000E+00  0.0000000E+00  0.0000000E+00  0.0000000E+00  0.0000000E+00  0.0000000E+00
        56      1  0.0000000E+00  0.0000000E+00  0.0000000E+00  0.0000000E+00  0.0000000E+00  0.0000000E+00
        56      2  0.8720420E-03  0.1051026E-03  0.0000000E+00  0.0000000E+00 -0.1416889E-02 -0.2500661E-08
        56      3  0.1799571E-02  0.1699066E-03  0.0000000E+00  0.0000000E+00 -0.5665706E-02 -0.1001424E-07
        56      4  0.5260086E-02 -0.2895805E-03  0.0000000E+00  0.0000000E+00 -0.3538339E-01 -0.6315968E-07

        57      0  0.0000000E+00  0.0000000E+00  0.0000000E+00  0.0000000E+00  0.0000000E+00  0.0000000E+00
        57      1  0.0000000E+00  0.0000000E+00  0.0000000E+00  0.0000000E+00  0.0000000E+00  0.0000000E+00
        57      2  0.2501493E-03 -0.4819390E-03  0.0000000E+00  0.0000000E+00 -0.1438937E-02 -0.2530369E-08
        57      3  0.4056562E-03 -0.9528775E-03  0.0000000E+00  0.0000000E+00 -0.5759732E-02 -0.1010817E-07
        57      4 -0.6395242E-03 -0.2085587E-02  0.0000000E+00  0.0000000E+00 -0.3598837E-01 -0.6280860E-07

        58      0  0.0000000E+00  0.0000000E+00  0.0000000E+00  0.0000000E+00  0.0000000E+00  0.0000000E+00
        58      1  0.0000000E+00  0.0000000E+00  0.0000000E+00  0.0000000E+00  0.0000000E+00  0.0000000E+00
        58      2 -0.1088610E-02  0.3099642E-03  0.0000000E+00  0.0000000E+00 -0.1466080E-02 -0.2643236E-08
        58      3 -0.2154190E-02  0.6524006E-03  0.0000000E+00  0.0000000E+00 -0.5863742E-02 -0.1057059E-07
        58      4 -0.4733382E-02  0.2113258E-02  0.0000000E+00  0.0000000E+00 -0.3662790E-01 -0.6580143E-07

        59      0  0.0000000E+00  0.0000000E+00  0.0000000E+00  0.0000000E+00  0.0000000E+00  0.0000000E+00
        59      1  0.0000000E+00  0.0000000E+00  0.0000000E+00  0.0000000E+00  0.0000000E+00  0.0000000E+00
        59      2  0.6849895E-03  0.2153780E-03  0.0000000E+00  0.0000000E+00 -0.1491047E-02 -0.2618163E-08
        59      3  0.1443700E-02  0.3914548E-03  0.0000000E+00  0.0000000E+00 -0.5961567E-02 -0.1048218E-07
        59      4  0.4721246E-02  0.2486581E-03  0.0000000E+00  0.0000000E+00 -0.3722826E-01 -0.6605590E-07

        60      0  0.0000000E+00  0.0000000E+00  0.0000000E+00  0.0000000E+00  0.0000000E+00  0.0000000E+00
        60      1  0.0000000E+00  0.0000000E+00  0.0000000E+00  0.0000000E+00  0.0000000E+00  0.0000000E+00
        60      2  0.4972718E-03 -0.4950203E-03  0.0000000E+00  0.0000000E+00 -0.1512948E-02 -0.2683681E-08
        60      3  0.9026617E-03 -0.9884504E-03  0.0000000E+00  0.0000000E+00 -0.6055446E-02 -0.1071826E-07
        60      4  0.5705064E-03 -0.2320197E-02  0.0000000E+00  0.0000000E+00 -0.3783459E-01 -0.6637281E-07

        61      0  0.0000000E+00  0.0000000E+00  0.0000000E+00  0.0000000E+00  0.0000000E+00  0.0000000E+00
        61      1  0.0000000E+00  0.0000000E+00  0.0000000E+00  0.0000000E+00  0.0000000E+00  0.0000000E+00
        61      2 -0.1114405E-02  0.2109309E-03  0.0000000E+00  0.0000000E+00 -0.1539223E-02 -0.2773113E-08
        61      3 -0.2227206E-02  0.4614299E-03  0.0000000E+00  0.0000000E+00 -0.6157160E-02 -0.1109761E-07
        61      4 -0.5248817E-02  0.1778312E-02  0.0000000E+00  0.0000000E+00 -0.3846598E-01 -0.6935379E-07

        62      0  0.0000000E+00  0.0000000E+00  0.0000000E+00  0.0000000E+00  0.0000000E+00  0.0000000E+00
        62      1  0.0000000E+00  0.0000000E+00  0.0000000E+00  0.0000000E+00  0.0000000E+00  0.0000000E+00
        62      2  0.4599865E-03  0.3137690E-03  0.0000000E+00  0.0000000E+00 -0.1564984E-02 -0.2741911E-08
        62      3  0.1009222E-02  0.5919072E-03  0.0000000E+00  0.0000000E+00 -0.6256690E-02 -0.1097303E-07
        62      4  0.3955189E-02  0.7766121E-03  0.0000000E+00  0.0000000E+00 -0.3906776E-01 -0.6898097E-07

        63      0  0.0000000E+00  0.0000000E+00  0.0000000E+00  0.0000000E+00  0.0000000E+00  0.0000000E+00
        63      1  0.0000000E+00  0.0000000E+00  0.0000000E+00  0.0000000E+00  0.0000000E+00  0.0000000E+00
        63      2  0.7169701E-03 -0.4807362E-03  0.0000000E+00  0.0000000E+00 -0.1586808E-02 -0.2838721E-08
        63      3  0.1351099E-02 -0.9704814E-03  0.0000000E+00  0.0000000E+00 -0.6350373E-02 -0.1133897E-07
        63      4  0.1757585E-02 -0.2445572E-02  0.0000000E+00  0.0000000E+00 -0.3967495E-01 -0.7011642E-07

        64      0  0.0000000E+00  0.0000000E+00  0.0000000E+00  0.0000000E+00  0.0000000E+00  0.0000000E+00
        64      1  0.0000000E+00  0.0000000E+00  0.0000000E+00  0.0000000E+00  0.0000000E+00  0.0000000E+00
        64      2 -0.1078710E-02  0.1002491E-03  0.0000000E+00  0.0000000E+00 -0.1612147E-02 -0.2894978E-08
        64      3 -0.2180025E-02  0.2454882E-03  0.0000000E+00  0.0000000E+00 -0.6449671E-02 -0.1159227E-07
        64      4 -0.5518940E-02  0.1358801E-02  0.0000000E+00  0.0000000E+00 -0.4029659E-01 -0.7273749E-07

        65      0  0.0000000E+00  0.0000000E+00  0.0000000E+00  0.0000000E+00  0.0000000E+00  0.0000000E+00
        65      1  0.0000000E+00  0.0000000E+00  0.0000000E+00  0.0000000E+00  0.0000000E+00  0.0000000E+00
        65      2  0.2095755E-03  0.3948081E-03  0.0000000E+00  0.0000000E+00 -0.1638681E-02 -0.2874268E-08
        65      3  0.5200876E-03  0.7602965E-03  0.0000000E+00  0.0000000E+00 -0.6551048E-02 -0.1149665E-07
        65      4  0.2999750E-02  0.1269063E-02  0.0000000E+00  0.0000000E+00 -0.4090220E-01 -0.7201794E-07

        66      0  0.0000000E+00  0.0000000E+00  0.0000000E+00  0.0000000E+00  0.0000000E+00  0.0000000E+00
        66      1  0.0000000E+00  0.0000000E+00  0.0000000E+00  0.0000000E+00  0.0000000E+00  0.0000000E+00
        66      2  0.8970078E-03 -0.4398753E-03  0.0000000E+00  0.0000000E+00 -0.1660493E-02 -0.2991012E-08
        66      3  0.1726333E-02 -0.8999457E-03  0.0000000E+00  0.0000000E+00 -0.6644443E-02 -0.1195228E-07
        66      4  0.2864893E-02 -0.2455940E-02  0.0000000E+00  0.0000000E+00 -0.4150918E-01 -0.7396732E-07

        67      0  0.0000000E+00  0.0000000E+00  0.0000000E+00  0.0000000E+00  0.0000000E+00  0.0000000E+00
        67      1  0.0000000E+00  0.0000000E+00  0.0000000E+00  0.0000000E+00  0.0000000E+00  0.0000000E+00
        67      2 -0.9834981E-03 -0.1593650E-04  0.0000000E+00  0.0000000E+00 -0.1684906E-02 -0.3011597E-08
        67      3 -0.2015221E-02  0.1638277E-04  0.0000000E+00  0.0000000E+00 -0.6741463E-02 -0.1206350E-07
        67      4 -0.5531709E-02  0.8750952E-03  0.0000000E+00  0.0000000E+00 -0.4212078E-01 -0.7594538E-07

        68      0  0.0000000E+00  0.0000000E+00  0.0000000E+00  0.0000000E+00  0.0000000E+00  0.0000000E+00
        68      1  0.0000000E+00  0.0000000E+00  0.0000000E+00  0.0000000E+00  0.0000000E+00  0.0000000E+00
        68      2 -0.5231466E-04  0.4539858E-03  0.0000000E+00  0.0000000E+00 -0.1712112E-02 -0.3015710E-08
        68      3  0.3154699E-05  0.8873825E-03  0.0000000E+00  0.0000000E+00 -0.6844577E-02 -0.1205579E-07
        68      4  0.1902189E-02  0.1702188E-02  0.0000000E+00  0.0000000E+00 -0.4273211E-01 -0.7522348E-07

        69      0  0.0000000E+00  0.0000000E+00  0.0000000E+00  0.0000000E+00  0.0000000E+00  0.0000000E+00
        69      1  0.0000000E+00  0.0000000E+00  0.0000000E+00  0.0000000E+00  0.0000000E+00  0.0000000E+00
        69      2  0.1027330E-02 -0.3746877E-03  0.0000000E+00  0.0000000E+00 -0.1733985E-02 -0.3136686E-08
        69      3  0.2007634E-02 -0.7806372E-03  0.0000000E+00  0.0000000E+00 -0.6937624E-02 -0.1254174E-07
        69      4  0.3838477E-02 -0.2350846E-02  0.0000000E+00  0.0000000E+00 -0.4333750E-01 -0.7782819E-07

        70      0  0.0000000E+00  0.0000000E+00  0.0000000E+00  0.0000000E+00  0.0000000E+00  0.0000000E+00
        70      1  0.0000000E+00  0.0000000E+00  0.0000000E+00  0.0000000E+00  0.0000000E+00  0.0000000E+00
        70      2 -0.8339958E-03 -0.1311855E-03  0.0000000E+00  0.0000000E+00 -0.1757553E-02 -0.3126901E-08
        70      3 -0.1741614E-02 -0.2133972E-03  0.0000000E+00  0.0000000E+00 -0.7032707E-02 -0.1252540E-07
        70      4 -0.5286822E-02  0.3506925E-03  0.0000000E+00  0.0000000E+00 -0.4393999E-01 -0.7899939E-07

        71      0  0.0000000E+00  0.0000000E+00  0.0000000E+00  0.0000000E+00  0.0000000E+00  0.0000000E+00
        71      1  0.0000000E+00  0.0000000E+00  0.0000000E+00  0.0000000E+00  0.0000000E+00  0.0000000E+00
        71      2 -0.3111542E-03  0.4880044E-03  0.0000000E+00  0.0000000E+00 -0.1785247E-02 -0.3164761E-08
        71      3 -0.5133400E-03  0.9661752E-03  0.0000000E+00  0.0000000E+00 -0.7137178E-02 -0.1264576E-07
        71      4  0.7165338E-03  0.2054863E-02  0.0000000E+00  0.0000000E+00 -0.4455795E-01 -0.7861938E-07

        72      0  0.0000000E+00  0.0000000E+00  0.0000000E+00  0.0000000E+00  0.0000000E+00  0.0000000E+00
        72      1  0.0000000E+00  0.0000000E+00  0.0000000E+00  0.0000000E+00  0.0000000E+00  0.0000000E+00
        72      2  0.1100638E-02 -0.2887630E-03  0.0000000E+00  0.0000000E+00 -0.1807274E-02 -0.3273365E-08
        72      3  0.2179387E-02 -0.6189690E-03  0.0000000E+00  0.0000000E+00 -0.7229916E-02 -0.1309633E-07
        72      4  0.4630262E-02 -0.2135215E-02  0.0000000E+00  0.0000000E+00 -0.4516037E-01 -0.8159783E-07

        73      0  0.0000000E+00  0.0000000E+00  0.0000000E+00  0.0000000E+00  0.0000000E+00  0.0000000E+00
        73      1  0.0000000E+00  0.0000000E+00  0.0000000E+00  0.0000000E+00  0.0000000E+00  0.0000000E+00
        73      2 -0.6384087E-03 -0.2391203E-03  0.0000000E+00  0.0000000E+00 -0.1830125E-02 -0.3245164E-08
        73      3 -0.1373816E-02 -0.4313697E-03  0.0000000E+00  0.0000000E+00 -0.7323521E-02 -0.1299441E-07
        73      4 -0.4795735E-02 -0.1890683E-03  0.0000000E+00  0.0000000E+00 -0.4575563E-01 -0.8194978E-07

        74      0  0.0000000E+00  0.0000000E+00  0.0000000E+00  0.0000000E+00  0.0000000E+00  0.0000000E+00
        74      1  0.0000000E+00  0.0000000E+00  0.0000000E+00  0.0000000E+00  0.0000000E+00  0.0000000E+00
        74      2 -0.5526233E-03  0.4949655E-03  0.0000000E+00  0.0000000E+00 -0.1858058E-02 -0.3318345E-08
        74      3 -0.1001348E-02  0.9923318E-03  0.0000000E+00  0.0000000E+00 -0.7428740E-02 -0.1325573E-07
        74      4 -0.4995349E-03  0.2309850E-02  0.0000000E+00  0.0000000E+00 -0.4637992E-01 -0.8219216E-07

        75      0  0.0000000E+00  0.0000000E+00  0.0000000E+00  0.0000000E+00  0.0000000E+00  0.0000000E+00
        75      1  0.0000000E+00  0.0000000E+00  0.0000000E+00  0.0000000E+00  0.0000000E+00  0.0000000E+00
        75      2  0.1112811E-02 -0.1868359E-03  0.0000000E+00  0.0000000E+00 -0.1880359E-02 -0.3400696E-08
        75      3  0.2231999E-02 -0.4236373E-03  0.0000000E+00  0.0000000E+00 -0.7521346E-02 -0.1361297E-07
        75      4  0.5200841E-02 -0.1819094E-02  0.0000000E+00  0.0000000E+00 -0.4697824E-01 -0.8519416E-07

        76      0  0.0000000E+00  0.0000000E+00  0.0000000E+00  0.0000000E+00  0.0000000E+00  0.0000000E+00
        76      1  0.0000000E+00  0.0000000E+00  0.0000000E+00  0.0000000E+00  0.0000000E+00  0.0000000E+00
        76      2 -0.4074799E-03 -0.3337784E-03  0.0000000E+00  0.0000000E+00 -0.1902640E-02 -0.3370074E-08
        76      3 -0.9314828E-03 -0.6257385E-03  0.0000000E+00  0.0000000E+00 -0.7613951E-02 -0.1348595E-07
        76      4 -0.4081033E-02 -0.7183847E-03  0.0000000E+00  0.0000000E+00 -0.4756867E-01 -0.8486926E-07

        77      0  0.0000000E+00  0.0000000E+00  0.0000000E+00  0.0000000E+00  0.0000000E+00  0.0000000E+00
        77      1  0.0000000E+00  0.0000000E+00  0.0000000E+00  0.0000000E+00  0.0000000E+00  0.0000000E+00
        77      2 -0.7634022E-03  0.4744781E-03  0.0000000E+00  0.0000000E+00 -0.1930527E-02 -0.3472451E-08
        77      3 -0.1434526E-02  0.9644025E-03  0.0000000E+00  0.0000000E+00 -0.7719158E-02 -0.1387101E-07
        77      4 -0.1687865E-02  0.2454723E-02  0.0000000E+00  0.0000000E+00 -0.4819769E-01 -0.8589915E-07

        78      0  0.0000000E+00  0.0000000E+00  0.0000000E+00  0.0000000E+00  0.0000000E+00  0.0000000E+00
        78      1  0.0000000E+00  0.0000000E+00  0.0000000E+00  0.0000000E+00  0.0000000E+00  0.0000000E+00
        78      2  0.1063152E-02 -0.7452885E-04  0.0000000E+00  0.0000000E+00 -0.1953240E-02 -0.3520418E-08
        78      3  0.2162480E-02 -0.2051671E-03  0.0000000E+00  0.0000000E+00 -0.7811952E-02 -0.1409714E-07
        78      4  0.5521685E-02 -0.1417132E-02  0.0000000E+00  0.0000000E+00 -0.4879138E-01 -0.8857263E-07

        79      0  0.0000000E+00  0.0000000E+00  0.0000000E+00  0.0000000E+00  0.0000000E+00  0.0000000E+00
        79      1  0.0000000E+00  0.0000000E+00  0.0000000E+00  0.0000000E+00  0.0000000E+00  0.0000000E+00
        79      2 -0.1539145E-03 -0.4099391E-03  0.0000000E+00  0.0000000E+00 -0.1975100E-02 -0.3503905E-08
        79      3 -0.4383161E-03 -0.7860213E-03  0.0000000E+00  0.0000000E+00 -0.7903972E-02 -0.1401094E-07
        79      4 -0.3175285E-02 -0.1212305E-02  0.0000000E+00  0.0000000E+00 -0.4937940E-01 -0.8784157E-07

        80      0  0.0000000E+00  0.0000000E+00  0.0000000E+00  0.0000000E+00  0.0000000E+00  0.0000000E+00
        80      1  0.0000000E+00  0.0000000E+00  0.0000000E+00  0.0000000E+00  0.0000000E+00  0.0000000E+00
        80      2 -0.9318970E-03  0.4276812E-03  0.0000000E+00  0.0000000E+00 -0.2002651E-02 -0.3622977E-08
        80      3 -0.1789627E-02  0.8839135E-03  0.0000000E+00  0.0000000E+00 -0.8008367E-02 -0.1447606E-07
        80      4 -0.2792738E-02  0.2482455E-02  0.0000000E+00  0.0000000E+00 -0.5001048E-01 -0.8967845E-07

        81      0  0.0000000E+00  0.0000000E+00  0.0000000E+00  0.0000000E+00  0.0000000E+00  0.0000000E+00
        81      1  0.0000000E+00  0.0000000E+00  0.0000000E+00  0.0000000E+00  0.0000000E+00  0.0000000E+00
        81      2  0.9544243E-03  0.4195450E-04  0.0000000E+00  0.0000000E+00 -0.2025921E-02 -0.3635941E-08
        81      3  0.1974628E-02  0.2463945E-04  0.0000000E+00  0.0000000E+00 -0.8101780E-02 -0.1456142E-07
        81      4  0.5576631E-02 -0.9478794E-03  0.0000000E+00  0.0000000E+00 -0.5059974E-01 -0.9173531E-07

        82      0  0.0000000E+00  0.0000000E+00  0.0000000E+00  0.0000000E+00  0.0000000E+00  0.0000000E+00
        82      1  0.0000000E+00  0.0000000E+00  0.0000000E+00  0.0000000E+00  0.0000000E+00  0.0000000E+00
        82      2  0.1083062E-03 -0.4634087E-03  0.0000000E+00  0.0000000E+00 -0.2047487E-02 -0.3646980E-08
        82      3  0.7915224E-04 -0.9036007E-03  0.0000000E+00  0.0000000E+00 -0.8193502E-02 -0.1457322E-07
        82      4 -0.2119581E-02 -0.1647865E-02  0.0000000E+00  0.0000000E+00 -0.5118736E-01 -0.9094606E-07

        83      0  0.0000000E+00  0.0000000E+00  0.0000000E+00  0.0000000E+00  0.0000000E+00  0.0000000E+00
        83      1  0.0000000E+00  0.0000000E+00  0.0000000E+00  0.0000000E+00  0.0000000E+00  0.0000000E+00
        83      2 -0.1048865E-02  0.3571801E-03  0.0000000E+00  0.0000000E+00 -0.2074445E-02 -0.3766588E-08
        83      3 -0.2047691E-02  0.7552823E-03  0.0000000E+00  0.0000000E+00 -0.8296364E-02 -0.1505745E-07
        83      4 -0.3763281E-02  0.2391696E-02  0.0000000E+00  0.0000000E+00 -0.5181721E-01 -0.9345996E-07

        84      0  0.0000000E+00  0.0000000E+00  0.0000000E+00  0.0000000E+00  0.0000000E+00  0.0000000E+00
        84      1  0.0000000E+00  0.0000000E+00  0.0000000E+00  0.0000000E+00  0.0000000E+00  0.0000000E+00
        84      2  0.7927008E-03  0.1561694E-03  0.0000000E+00  0.0000000E+00 -0.2098400E-02 -0.3751562E-08
        84      3  0.1678819E-02  0.2533270E-03  0.0000000E+00  0.0000000E+00 -0.8390868E-02 -0.1502251E-07
        84      4  0.5362659E-02 -0.4329833E-03  0.0000000E+00  0.0000000E+00 -0.5240310E-01 -0.9472892E-07

        85      0  0.0000000E+00  0.0000000E+00  0.0000000E+00  0.0000000E+00  0.0000000E+00  0.0000000E+00
        85      1  0.0000000E+00  0.0000000E+00  0.0000000E+00  0.0000000E+00  0.0000000E+00  0.0000000E+00
        85      2  0.3646854E-03 -0.4912468E-03  0.0000000E+00  0.0000000E+00 -0.2119776E-02 -0.3797560E-08
        85      3  0.5929369E-03 -0.9721711E-03  0.0000000E+00  0.0000000E+00 -0.8482433E-02 -0.1516834E-07
        85      4 -0.9619244E-03 -0.2005018E-02  0.0000000E+00  0.0000000E+00 -0.5299164E-01 -0.9424089E-07

        86      0  0.0000000E+00  0.0000000E+00  0.0000000E+00  0.0000000E+00  0.0000000E+00  0.0000000E+00
        86      1  0.0000000E+00  0.0000000E+00  0.0000000E+00  0.0000000E+00  0.0000000E+00  0.0000000E+00
        86      2 -0.1107907E-02  0.2668987E-03  0.0000000E+00  0.0000000E+00 -0.2145944E-02 -0.3901405E-08
        86      3 -0.2195007E-02  0.5855703E-03  0.0000000E+00  0.0000000E+00 -0.8583221E-02 -0.1560649E-07
        86      4 -0.4555403E-02  0.2186790E-02  0.0000000E+00  0.0000000E+00 -0.5361688E-01 -0.9717558E-07

        87      0  0.0000000E+00  0.0000000E+00  0.0000000E+00  0.0000000E+00  0.0000000E+00  0.0000000E+00
        87      1  0.0000000E+00  0.0000000E+00  0.0000000E+00  0.0000000E+00  0.0000000E+00  0.0000000E+00
        87      2  0.5870149E-03  0.2617856E-03  0.0000000E+00  0.0000000E+00 -0.2170672E-02 -0.3871496E-08
        87      3  0.1291411E-02  0.4684554E-03  0.0000000E+00  0.0000000E+00 -0.8679240E-02 -0.1549735E-07
        87      4  0.4890037E-02  0.1036674E-03  0.0000000E+00  0.0000000E+00 -0.5420122E-01 -0.9763276E-07

        88      0  0.0000000E+00  0.0000000E+00  0.0000000E+00  0.0000000E+00  0.0000000E+00  0.0000000E+00
        88      1  0.0000000E+00  0.0000000E+00  0.0000000E+00  0.0000000E+00  0.0000000E+00  0.0000000E+00
        88      2  0.6010083E-03 -0.4919252E-03  0.0000000E+00  0.0000000E+00 -0.2191936E-02 -0.3952207E-08
        88      3  0.1075087E-02 -0.9880651E-03  0.0000000E+00  0.0000000E+00 -0.8770655E-02 -0.1578437E-07
        88      4  0.2445152E-03 -0.2267398E-02  0.0000000E+00  0.0000000E+00 -0.5479117E-01 -0.9774876E-07

        89      0  0.0000000E+00  0.0000000E+00  0.0000000E+00  0.0000000E+00  0.0000000E+00  0.0000000E+00
        89      1  0.0000000E+00  0.0000000E+00  0.0000000E+00  0.0000000E+00  0.0000000E+00  0.0000000E+00
        89      2 -0.1105807E-02  0.1618584E-03  0.0000000E+00  0.0000000E+00 -0.2217196E-02 -0.4027410E-08
        89      3 -0.2223797E-02  0.3840868E-03  0.0000000E+00  0.0000000E+00 -0.8869078E-02 -0.1612094E-07
        89      4 -0.5133381E-02  0.1877580E-02  0.0000000E+00  0.0000000E+00 -0.5540892E-01 -0.1007680E-06

        90      0  0.0000000E+00  0.0000000E+00  0.0000000E+00  0.0000000E+00  0.0000000E+00  0.0000000E+00
        90      1  0.0000000E+00  0.0000000E+00  0.0000000E+00  0.0000000E+00  0.0000000E+00  0.0000000E+00
        90      2  0.3488428E-03  0.3529397E-03  0.0000000E+00  0.0000000E+00 -0.2242721E-02 -0.3998959E-08
        90      3  0.8338005E-03  0.6582794E-03  0.0000000E+00  0.0000000E+00 -0.8966888E-02 -0.1599949E-07
        90      4  0.4181892E-02  0.6368959E-03  0.0000000E+00  0.0000000E+00 -0.5599407E-01 -0.1005404E-06

        91      0  0.0000000E+00  0.0000000E+00  0.0000000E+00  0.0000000E+00  0.0000000E+00  0.0000000E+00
        91      1  0.0000000E+00  0.0000000E+00  0.0000000E+00  0.0000000E+00  0.0000000E+00  0.0000000E+00
        91      2  0.8041336E-03 -0.4654100E-03  0.0000000E+00  0.0000000E+00 -0.2263938E-02 -0.4106543E-08
        91      3  0.1499214E-02 -0.9504423E-03  0.0000000E+00  0.0000000E+00 -0.9058079E-02 -0.1640445E-07
        91      4  0.1443411E-02 -0.2422972E-02  0.0000000E+00  0.0000000E+00 -0.5658511E-01 -0.1014490E-06

        92      0  0.0000000E+00  0.0000000E+00  0.0000000E+00  0.0000000E+00  0.0000000E+00  0.0000000E+00
        92      1  0.0000000E+00  0.0000000E+00  0.0000000E+00  0.0000000E+00  0.0000000E+00  0.0000000E+00
        92      2 -0.1042697E-02  0.4789514E-04  0.0000000E+00  0.0000000E+00 -0.2288259E-02 -0.4146469E-08
        92      3 -0.2132597E-02  0.1618648E-03  0.0000000E+00  0.0000000E+00 -0.9154116E-02 -0.1660559E-07
        92      4 -0.5471229E-02  0.1478996E-02  0.0000000E+00  0.0000000E+00 -0.5719348E-01 -0.1041983E-06

        93      0  0.0000000E+00  0.0000000E+00  0.0000000E+00  0.0000000E+00  0.0000000E+00  0.0000000E+00
        93      1  0.0000000E+00  0.0000000E+00  0.0000000E+00  0.0000000E+00  0.0000000E+00  0.0000000E+00
        93      2  0.9144911E-04  0.4245631E-03  0.0000000E+00  0.0000000E+00 -0.2314523E-02 -0.4135495E-08
        93      3  0.3311804E-03  0.8124009E-03  0.0000000E+00  0.0000000E+00 -0.9253771E-02 -0.1653629E-07
        93      4  0.3273155E-02  0.1141330E-02  0.0000000E+00  0.0000000E+00 -0.5778188E-01 -0.1035396E-06

        94      0  0.0000000E+00  0.0000000E+00  0.0000000E+00  0.0000000E+00  0.0000000E+00  0.0000000E+00
        94      1  0.0000000E+00  0.0000000E+00  0.0000000E+00  0.0000000E+00  0.0000000E+00  0.0000000E+00
        94      2  0.9627337E-03 -0.4131620E-03  0.0000000E+00  0.0000000E+00 -0.2335761E-02 -0.4256243E-08
        94      3  0.1841968E-02 -0.8613316E-03  0.0000000E+00  0.0000000E+00 -0.9344652E-02 -0.1701066E-07
        94      4  0.2577683E-02 -0.2464578E-02  0.0000000E+00  0.0000000E+00 -0.5837310E-01 -0.1052791E-06

        95      0  0.0000000E+00  0.0000000E+00  0.0000000E+00  0.0000000E+00  0.0000000E+00  0.0000000E+00
        95      1  0.0000000E+00  0.0000000E+00  0.0000000E+00  0.0000000E+00  0.0000000E+00  0.0000000E+00
        95      2 -0.9220469E-03 -0.6866856E-04  0.0000000E+00  0.0000000E+00 -0.2359187E-02 -0.4261963E-08
        95      3 -0.1926316E-02 -0.6895750E-04  0.0000000E+00  0.0000000E+00 -0.9438523E-02 -0.1707155E-07
        95      4 -0.5553829E-02  0.1010377E-02  0.0000000E+00  0.0000000E+00 -0.5897143E-01 -0.1074518E-06

        96      0  0.0000000E+00  0.0000000E+00  0.0000000E+00  0.0000000E+00  0.0000000E+00  0.0000000E+00
        96      1  0.0000000E+00  0.0000000E+00  0.0000000E+00  0.0000000E+00  0.0000000E+00  0.0000000E+00
        96      2 -0.1708650E-03  0.4726674E-03  0.0000000E+00  0.0000000E+00 -0.2386051E-02 -0.4280676E-08
        96      3 -0.1889013E-03  0.9223552E-03  0.0000000E+00  0.0000000E+00 -0.9539812E-02 -0.1710771E-07
        96      4  0.2208783E-02  0.1592642E-02  0.0000000E+00  0.0000000E+00 -0.5956516E-01 -0.1066952E-06

        97      0  0.0000000E+00  0.0000000E+00  0.0000000E+00  0.0000000E+00  0.0000000E+00  0.0000000E+00
        97      1  0.0000000E+00  0.0000000E+00  0.0000000E+00  0.0000000E+00  0.0000000E+00  0.0000000E+00
        97      2  0.1067940E-02 -0.3380581E-03  0.0000000E+00  0.0000000E+00 -0.2407390E-02 -0.4398020E-08
        97      3  0.2084380E-02 -0.7255236E-03  0.0000000E+00  0.0000000E+00 -0.9630352E-02 -0.1758815E-07
        97      4  0.3592306E-02 -0.2390316E-02  0.0000000E+00  0.0000000E+00 -0.6015522E-01 -0.1091467E-06

        98      0  0.0000000E+00  0.0000000E+00  0.0000000E+00  0.0000000E+00  0.0000000E+00  0.0000000E+00
        98      1  0.0000000E+00  0.0000000E+00  0.0000000E+00  0.0000000E+00  0.0000000E+00  0.0000000E+00
        98      2 -0.7504795E-03 -0.1813762E-03  0.0000000E+00  0.0000000E+00 -0.2430026E-02 -0.4378092E-08
        98      3 -0.1615982E-02 -0.2958132E-03  0.0000000E+00  0.0000000E+00 -0.9722453E-02 -0.1753413E-07
        98      4 -0.5377687E-02  0.4944957E-03  0.0000000E+00  0.0000000E+00 -0.6074412E-01 -0.1105426E-06

        99      0  0.0000000E+00  0.0000000E+00  0.0000000E+00  0.0000000E+00  0.0000000E+00  0.0000000E+00
        99      1  0.0000000E+00  0.0000000E+00  0.0000000E+00  0.0000000E+00  0.0000000E+00  0.0000000E+00
        99      2 -0.4235648E-03  0.4945706E-03  0.0000000E+00  0.0000000E+00 -0.2457274E-02 -0.4432237E-08
        99      3 -0.6980951E-03  0.9820900E-03  0.0000000E+00  0.0000000E+00 -0.9824904E-02 -0.1770658E-07
        99      4  0.1041273E-02  0.1968856E-02  0.0000000E+00  0.0000000E+00 -0.6134441E-01 -0.1100389E-06

       100      0  0.0000000E+00  0.0000000E+00  0.0000000E+00  0.0000000E+00  0.0000000E+00  0.0000000E+00
       100      1  0.0000000E+00  0.0000000E+00  0.0000000E+00  0.0000000E+00  0.0000000E+00  0.0000000E+00
       100      2  0.1113852E-02 -0.2442351E-03  0.0000000E+00  0.0000000E+00 -0.2478820E-02 -0.4530377E-08
       100      3  0.2212964E-02 -0.5503193E-03  0.0000000E+00  0.0000000E+00 -0.9915190E-02 -0.1812863E-07
       100      4  0.4437335E-02 -0.2203670E-02  0.0000000E+00  0.0000000E+00 -0.6193189E-01 -0.1129493E-06
