# number of rays:       5
# iteration   ray    X              A              Y              B              T              D
         0      0  0.0000000E+00  0.0000000E+00  0.0000000E+00  0.0000000E+00  0.0000000E+00  0.0000000E+00
         0      1  0.0000000E+00  0.0000000E+00  0.0000000E+00  0.0000000E+00  0.0000000E+00  0.0000000E+00
         0      2  0.1000000E-02  0.0000000E+00  0.0000000E+00  0.0000000E+00  0.0000000E+00  0.0000000E+00
         0      3  0.2000000E-02  0.0000000E+00  0.0000000E+00  0.0000000E+00  0.0000000E+00  0.0000000E+00
         0      4  0.5000000E-02  0.0000000E+00  0.0000000E+00  0.0000000E+00  0.0000000E+00  0.0000000E+00

         1      0  0.0000000E+00  0.0000000E+00  0.0000000E+00  0.0000000E+00  0.0000000E+00  0.0000000E+00
         1      1  0.0000000E+00  0.0000000E+00  0.0000000E+00  0.0000000E+00  0.0000000E+00  0.0000000E+00
         1      2  0.1435331E-04 -0.4470284E-03  0.0000000E+00  0.0000000E+00 -0.2251068E-04  0.5979230E-13
         1      3  0.2529413E-04 -0.8933794E-03  0.0000000E+00  0.0000000E+00 -0.9519179E-04  0.6055540E-12
         1      4  0.2012757E-04 -0.2225157E-02  0.0000000E+00  0.0000000E+00 -0.6138252E-03  0.1550922E-10

         2      0  0.0000000E+00  0.0000000E+00  0.0000000E+00  0.0000000E+00  0.0000000E+00  0.0000000E+00
         2      1  0.0000000E+00  0.0000000E+00  0.0000000E+00  0.0000000E+00  0.0000000E+00  0.0000000E+00
         2      2 -0.1012909E-02  0.3849599E-03  0.0000000E+00  0.0000000E+00 -0.5052808E-04 -0.1165866E-09
         2      3 -0.2024015E-02  0.7708151E-03  0.0000000E+00  0.0000000E+00 -0.2015497E-03 -0.4656733E-09
         2      4 -0.5031295E-02  0.1943491E-02  0.0000000E+00  0.0000000E+00 -0.1256112E-02 -0.2892971E-08

         3      0  0.0000000E+00  0.0000000E+00  0.0000000E+00  0.0000000E+00  0.0000000E+00  0.0000000E+00
         3      1  0.0000000E+00  0.0000000E+00  0.0000000E+00  0.0000000E+00  0.0000000E+00  0.0000000E+00
         3      2  0.8563925E-03  0.1157014E-03  0.0000000E+00  0.0000000E+00 -0.7521584E-04 -0.1111671E-09
         3      3  0.1714956E-02  0.2290381E-03  0.0000000E+00  0.0000000E+00 -0.2999143E-03 -0.4448791E-09
         3      4  0.4336513E-02  0.5321088E-03  0.0000000E+00  0.0000000E+00 -0.1868278E-02 -0.2800802E-08

         4      0  0.0000000E+00  0.0000000E+00  0.0000000E+00  0.0000000E+00  0.0000000E+00  0.0000000E+00
         4      1  0.0000000E+00  0.0000000E+00  0.0000000E+00  0.0000000E+00  0.0000000E+00  0.0000000E+00
         4      2  0.2743930E-03 -0.4842324E-03  0.0000000E+00  0.0000000E+00 -0.9745568E-04 -0.1428260E-09
         4      3  0.5401987E-03 -0.9669755E-03  0.0000000E+00  0.0000000E+00 -0.3947568E-03 -0.5701351E-09
         4      4  0.1217731E-02 -0.2399143E-02  0.0000000E+00  0.0000000E+00 -0.2482142E-02 -0.3517181E-08

         5      0  0.0000000E+00  0.0000000E+00  0.0000000E+00  0.0000000E+00  0.0000000E+00  0.0000000E+00
         5      1  0.0000000E+00  0.0000000E+00  0.0000000E+00  0.0000000E+00  0.0000000E+00  0.0000000E+00
         5      2 -0.1093189E-02  0.3012248E-03  0.0000000E+00  0.0000000E+00 -0.1247914E-03 -0.2499150E-09
         5      3 -0.2183077E-02  0.6049913E-03  0.0000000E+00  0.0000000E+00 -0.4992704E-03 -0.9992705E-09
         5      4 -0.5413175E-02  0.1561559E-02  0.0000000E+00  0.0000000E+00 -0.3116330E-02 -0.6235243E-08

         6      0  0.0000000E+00  0.0000000E+00  0.0000000E+00  0.0000000E+00  0.0000000E+00  0.0000000E+00
         6      1  0.0000000E+00  0.0000000E+00  0.0000000E+00  0.0000000E+00  0.0000000E+00  0.0000000E+00
         6      2  0.6652849E-03  0.2250702E-03  0.0000000E+00  0.0000000E+00 -0.1502070E-03 -0.2250779E-09
         6      3  0.1336459E-02  0.4459373E-03  0.0000000E+00  0.0000000E+00 -0.5990273E-03 -0.9014044E-09
         6      4  0.3466685E-02  0.1041184E-02  0.0000000E+00  0.0000000E+00 -0.3730729E-02 -0.5676341E-08

         7      0  0.0000000E+00  0.0000000E+00  0.0000000E+00  0.0000000E+00  0.0000000E+00  0.0000000E+00
         7      1  0.0000000E+00  0.0000000E+00  0.0000000E+00  0.0000000E+00  0.0000000E+00  0.0000000E+00
         7      2  0.5194230E-03 -0.4946830E-03  0.0000000E+00  0.0000000E+00 -0.1722794E-03 -0.2909984E-09
         7      3  0.1026511E-02 -0.9882957E-03  0.0000000E+00  0.0000000E+00 -0.6936064E-03 -0.1162696E-08
         7      4  0.2362922E-02 -0.2461595E-02  0.0000000E+00  0.0000000E+00 -0.4344162E-02 -0.7190789E-08

         8      0  0.0000000E+00  0.0000000E+00  0.0000000E+00  0.0000000E+00  0.0000000E+00  0.0000000E+00
         8      1  0.0000000E+00  0.0000000E+00  0.0000000E+00  0.0000000E+00  0.0000000E+00  0.0000000E+00
         8      2 -0.1113149E-02  0.2008172E-03  0.0000000E+00  0.0000000E+00 -0.1987888E-03 -0.3746048E-09
         8      3 -0.2224417E-02  0.4063345E-03  0.0000000E+00  0.0000000E+00 -0.7959685E-03 -0.1499804E-08
         8      4 -0.5544857E-02  0.1105966E-02  0.0000000E+00  0.0000000E+00 -0.4969467E-02 -0.9412807E-08

         9      0  0.0000000E+00  0.0000000E+00  0.0000000E+00  0.0000000E+00  0.0000000E+00  0.0000000E+00
         9      1  0.0000000E+00  0.0000000E+00  0.0000000E+00  0.0000000E+00  0.0000000E+00  0.0000000E+00
         9      2  0.4373496E-03  0.3220400E-03  0.0000000E+00  0.0000000E+00 -0.2249609E-03 -0.3452379E-09
         9      3  0.8854171E-03  0.6388751E-03  0.0000000E+00  0.0000000E+00 -0.8973355E-03 -0.1382891E-08
         9      4  0.2433314E-02  0.1502922E-02  0.0000000E+00  0.0000000E+00 -0.5587868E-02 -0.8691389E-08

        10      0  0.0000000E+00  0.0000000E+00  0.0000000E+00  0.0000000E+00  0.0000000E+00  0.0000000E+00
        10      1  0.0000000E+00  0.0000000E+00  0.0000000E+00  0.0000000E+00  0.0000000E+00  0.0000000E+00
        10      2  0.7358345E-03 -0.4778166E-03  0.0000000E+00  0.0000000E+00 -0.2469575E-03 -0.4404666E-09
        10      3  0.1457657E-02 -0.9562406E-03  0.0000000E+00  0.0000000E+00 -0.9916725E-03 -0.1761140E-08
        10      4  0.3400716E-02 -0.2409810E-02  0.0000000E+00  0.0000000E+00 -0.6200123E-02 -0.1092019E-07

        11      0  0.0000000E+00  0.0000000E+00  0.0000000E+00  0.0000000E+00  0.0000000E+00  0.0000000E+00
        11      1  0.0000000E+00  0.0000000E+00  0.0000000E+00  0.0000000E+00  0.0000000E+00  0.0000000E+00
        11      2 -0.1071719E-02  0.8932610E-04  0.0000000E+00  0.0000000E+00 -0.2725695E-03 -0.4917743E-09
        11      3 -0.2145921E-02  0.1857489E-03  0.0000000E+00  0.0000000E+00 -0.1091803E-02 -0.1970903E-08
        11      4 -0.5420688E-02  0.5988663E-03  0.0000000E+00  0.0000000E+00 -0.6816829E-02 -0.1243064E-07

        12      0  0.0000000E+00  0.0000000E+00  0.0000000E+00  0.0000000E+00  0.0000000E+00  0.0000000E+00
        12      1  0.0000000E+00  0.0000000E+00  0.0000000E+00  0.0000000E+00  0.0000000E+00  0.0000000E+00
        12      2  0.1852942E-03  0.4012188E-03  0.0000000E+00  0.0000000E+00 -0.2994595E-03 -0.4737450E-09
        12      3  0.3866727E-03  0.7972812E-03  0.0000000E+00  0.0000000E+00 -0.1194813E-02 -0.1896970E-08
        12      4  0.1287223E-02  0.1894941E-02  0.0000000E+00  0.0000000E+00 -0.7440400E-02 -0.1188025E-07

        13      0  0.0000000E+00  0.0000000E+00  0.0000000E+00  0.0000000E+00  0.0000000E+00  0.0000000E+00
        13      1  0.0000000E+00  0.0000000E+00  0.0000000E+00  0.0000000E+00  0.0000000E+00  0.0000000E+00
        13      2  0.9115691E-03 -0.4345676E-03  0.0000000E+00  0.0000000E+00 -0.3214687E-03 -0.5869272E-09
        13      3  0.1809923E-02 -0.8725545E-03  0.0000000E+00  0.0000000E+00 -0.1288912E-02 -0.2348039E-08
        13      4  0.4280398E-02 -0.2246308E-02  0.0000000E+00  0.0000000E+00 -0.8050627E-02 -0.1460626E-07

        14      0  0.0000000E+00  0.0000000E+00  0.0000000E+00  0.0000000E+00  0.0000000E+00  0.0000000E+00
        14      1  0.0000000E+00  0.0000000E+00  0.0000000E+00  0.0000000E+00  0.0000000E+00  0.0000000E+00
        14      2 -0.9711813E-03 -0.2705217E-04  0.0000000E+00  0.0000000E+00 -0.3461847E-03 -0.6041703E-09
        14      3 -0.1951822E-02 -0.4469087E-04  0.0000000E+00  0.0000000E+00 -0.1386941E-02 -0.2422384E-08
        14      4 -0.5046616E-02  0.6486778E-04  0.0000000E+00  0.0000000E+00 -0.8659925E-02 -0.1532145E-07

        15      0  0.0000000E+00  0.0000000E+00  0.0000000E+00  0.0000000E+00  0.0000000E+00  0.0000000E+00
        15      1  0.0000000E+00  0.0000000E+00  0.0000000E+00  0.0000000E+00  0.0000000E+00  0.0000000E+00
        15      2 -0.7686228E-04  0.4581930E-03  0.0000000E+00  0.0000000E+00 -0.3736806E-03 -0.6108757E-09
        15      3 -0.1324339E-03  0.9124373E-03  0.0000000E+00  0.0000000E+00 -0.1491408E-02 -0.2444290E-08
        15      4  0.8427932E-04  0.2198074E-02  0.0000000E+00  0.0000000E+00 -0.9288908E-02 -0.1524383E-07

        16      0  0.0000000E+00  0.0000000E+00  0.0000000E+00  0.0000000E+00  0.0000000E+00  0.0000000E+00
        16      1  0.0000000E+00  0.0000000E+00  0.0000000E+00  0.0000000E+00  0.0000000E+00  0.0000000E+00
        16      2  0.1036805E-02 -0.3673159E-03  0.0000000E+00  0.0000000E+00 -0.3957965E-03 -0.7267509E-09
        16      3  0.2063821E-02 -0.7417290E-03  0.0000000E+00  0.0000000E+00 -0.1585306E-02 -0.2908555E-08
        16      4  0.4958505E-02 -0.1978700E-02  0.0000000E+00  0.0000000E+00 -0.9896325E-02 -0.1815850E-07

        17      0  0.0000000E+00  0.0000000E+00  0.0000000E+00  0.0000000E+00  0.0000000E+00  0.0000000E+00
        17      1  0.0000000E+00  0.0000000E+00  0.0000000E+00  0.0000000E+00  0.0000000E+00  0.0000000E+00
        17      2 -0.8170526E-03 -0.1418624E-03  0.0000000E+00  0.0000000E+00 -0.4196796E-03 -0.7156140E-09
        17      3 -0.1652477E-02 -0.2724219E-03  0.0000000E+00  0.0000000E+00 -0.1681525E-02 -0.2868504E-08
        17      4 -0.4439849E-02 -0.4703842E-03  0.0000000E+00  0.0000000E+00 -0.1049998E-01 -0.1814350E-07

        18      0  0.0000000E+00  0.0000000E+00  0.0000000E+00  0.0000000E+00  0.0000000E+00  0.0000000E+00
        18      1  0.0000000E+00  0.0000000E+00  0.0000000E+00  0.0000000E+00  0.0000000E+00  0.0000000E+00
        18      2 -0.3345805E-03  0.4897784E-03  0.0000000E+00  0.0000000E+00 -0.4476004E-03 -0.7550687E-09
        18      3 -0.6436142E-03  0.9779767E-03  0.0000000E+00  0.0000000E+00 -0.1787040E-02 -0.3018722E-08
        18      4 -0.1117861E-02  0.2397471E-02  0.0000000E+00  0.0000000E+00 -0.1113354E-01 -0.1875348E-07

        19      0  0.0000000E+00  0.0000000E+00  0.0000000E+00  0.0000000E+00  0.0000000E+00  0.0000000E+00
        19      1  0.0000000E+00  0.0000000E+00  0.0000000E+00  0.0000000E+00  0.0000000E+00  0.0000000E+00
        19      2  0.1104521E-02 -0.2797581E-03  0.0000000E+00  0.0000000E+00 -0.4699298E-03 -0.8578131E-09
        19      3  0.2205221E-02 -0.5707672E-03  0.0000000E+00  0.0000000E+00 -0.1880854E-02 -0.3433925E-08
        19      4  0.5401363E-02 -0.1619266E-02  0.0000000E+00  0.0000000E+00 -0.1173762E-01 -0.2151570E-07

        20      0  0.0000000E+00  0.0000000E+00  0.0000000E+00  0.0000000E+00  0.0000000E+00  0.0000000E+00
        20      1  0.0000000E+00  0.0000000E+00  0.0000000E+00  0.0000000E+00  0.0000000E+00  0.0000000E+00
        20      2 -0.6177828E-03 -0.2487512E-03  0.0000000E+00  0.0000000E+00 -0.4930869E-03 -0.8301981E-09
        20      3 -0.1263827E-02 -0.4850896E-03  0.0000000E+00  0.0000000E+00 -0.1975642E-02 -0.3325151E-08
        20      4 -0.3627880E-02 -0.9816123E-03  0.0000000E+00  0.0000000E+00 -0.1233759E-01 -0.2097279E-07

        21      0  0.0000000E+00  0.0000000E+00  0.0000000E+00  0.0000000E+00  0.0000000E+00  0.0000000E+00
        21      1  0.0000000E+00  0.0000000E+00  0.0000000E+00  0.0000000E+00  0.0000000E+00  0.0000000E+00
        21      2 -0.5736118E-03  0.4942032E-03  0.0000000E+00  0.0000000E+00 -0.5211982E-03 -0.9032878E-09
        21      3 -0.1119194E-02  0.9902537E-03  0.0000000E+00  0.0000000E+00 -0.2081621E-02 -0.3608847E-08
        21      4 -0.2262837E-02  0.2483372E-02  0.0000000E+00  0.0000000E+00 -0.1297386E-01 -0.2235931E-07

        22      0  0.0000000E+00  0.0000000E+00  0.0000000E+00  0.0000000E+00  0.0000000E+00  0.0000000E+00
        22      1  0.0000000E+00  0.0000000E+00  0.0000000E+00  0.0000000E+00  0.0000000E+00  0.0000000E+00
        22      2  0.1110904E-02 -0.1767089E-03  0.0000000E+00  0.0000000E+00 -0.5438619E-03 -0.9799694E-09
        22      3  0.2226199E-02 -0.3688210E-03  0.0000000E+00  0.0000000E+00 -0.2175566E-02 -0.3923432E-08
        22      4  0.5586895E-02 -0.1184321E-02  0.0000000E+00  0.0000000E+00 -0.1357450E-01 -0.2465920E-07

        23      0  0.0000000E+00  0.0000000E+00  0.0000000E+00  0.0000000E+00  0.0000000E+00  0.0000000E+00
        23      1  0.0000000E+00  0.0000000E+00  0.0000000E+00  0.0000000E+00  0.0000000E+00  0.0000000E+00
        23      2 -0.3843065E-03 -0.3418182E-03  0.0000000E+00  0.0000000E+00 -0.5664237E-03 -0.9513942E-09
        23      3 -0.8065920E-03 -0.6712174E-03  0.0000000E+00  0.0000000E+00 -0.2269315E-02 -0.3806457E-08
        23      4 -0.2647114E-02 -0.1445140E-02  0.0000000E+00  0.0000000E+00 -0.1417252E-01 -0.2389002E-07

        24      0  0.0000000E+00  0.0000000E+00  0.0000000E+00  0.0000000E+00  0.0000000E+00  0.0000000E+00
        24      1  0.0000000E+00  0.0000000E+00  0.0000000E+00  0.0000000E+00  0.0000000E+00  0.0000000E+00
        24      2 -0.7807833E-03  0.4712110E-03  0.0000000E+00  0.0000000E+00 -0.5944615E-03 -0.1051675E-08
        24      3 -0.1533597E-02  0.9485561E-03  0.0000000E+00  0.0000000E+00 -0.2375069E-02 -0.4200339E-08
        24      4 -0.3298167E-02  0.2451530E-02  0.0000000E+00  0.0000000E+00 -0.1480893E-01 -0.2599992E-07

        25      0  0.0000000E+00  0.0000000E+00  0.0000000E+00  0.0000000E+00  0.0000000E+00  0.0000000E+00
        25      1  0.0000000E+00  0.0000000E+00  0.0000000E+00  0.0000000E+00  0.0000000E+00  0.0000000E+00
        25      2  0.1055576E-02 -0.6384090E-04  0.0000000E+00  0.0000000E+00 -0.6175886E-03 -0.1095066E-08
        25      3  0.2125508E-02 -0.1467209E-03  0.0000000E+00  0.0000000E+00 -0.2469457E-02 -0.4384406E-08
        25      4  0.5505669E-02 -0.6934961E-03  0.0000000E+00  0.0000000E+00 -0.1540659E-01 -0.2761543E-07

        26      0  0.0000000E+00  0.0000000E+00  0.0000000E+00  0.0000000E+00  0.0000000E+00  0.0000000E+00
        26      1  0.0000000E+00  0.0000000E+00  0.0000000E+00  0.0000000E+00  0.0000000E+00  0.0000000E+00
        26      2 -0.1294582E-03 -0.4159391E-03  0.0000000E+00  0.0000000E+00 -0.6396908E-03 -0.1081264E-08
        26      3 -0.3052220E-03 -0.8208133E-03  0.0000000E+00  0.0000000E+00 -0.2562510E-02 -0.4321565E-08
        26      4 -0.1541367E-02 -0.1839875E-02  0.0000000E+00  0.0000000E+00 -0.1600393E-01 -0.2696442E-07

        27      0  0.0000000E+00  0.0000000E+00  0.0000000E+00  0.0000000E+00  0.0000000E+00  0.0000000E+00
        27      1  0.0000000E+00  0.0000000E+00  0.0000000E+00  0.0000000E+00  0.0000000E+00  0.0000000E+00
        27      2 -0.9447134E-03  0.4220772E-03  0.0000000E+00  0.0000000E+00 -0.6673911E-03 -0.1196354E-08
        27      3 -0.1864674E-02  0.8551517E-03  0.0000000E+00  0.0000000E+00 -0.2667341E-02 -0.4778753E-08
        27      4 -0.4177252E-02  0.2303349E-02  0.0000000E+00  0.0000000E+00 -0.1663756E-01 -0.2961158E-07

        28      0  0.0000000E+00  0.0000000E+00  0.0000000E+00  0.0000000E+00  0.0000000E+00  0.0000000E+00
        28      1  0.0000000E+00  0.0000000E+00  0.0000000E+00  0.0000000E+00  0.0000000E+00  0.0000000E+00
        28      2  0.9416180E-03  0.5262228E-04  0.0000000E+00  0.0000000E+00 -0.6911061E-03 -0.1206494E-08
        28      3  0.1908668E-02  0.8358237E-04  0.0000000E+00  0.0000000E+00 -0.2762545E-02 -0.4830336E-08
        28      4  0.5161303E-02 -0.1689913E-03  0.0000000E+00  0.0000000E+00 -0.1723333E-01 -0.3044804E-07

        29      0  0.0000000E+00  0.0000000E+00  0.0000000E+00  0.0000000E+00  0.0000000E+00  0.0000000E+00
        29      1  0.0000000E+00  0.0000000E+00  0.0000000E+00  0.0000000E+00  0.0000000E+00  0.0000000E+00
        29      2  0.1327186E-03 -0.4670434E-03  0.0000000E+00  0.0000000E+00 -0.7128759E-03 -0.1219965E-08
        29      3  0.2133455E-03 -0.9258868E-03  0.0000000E+00  0.0000000E+00 -0.2855152E-02 -0.4872316E-08
        29      4 -0.3603260E-03 -0.2148064E-02  0.0000000E+00  0.0000000E+00 -0.1783070E-01 -0.3023785E-07

        30      0  0.0000000E+00  0.0000000E+00  0.0000000E+00  0.0000000E+00  0.0000000E+00  0.0000000E+00
        30      1  0.0000000E+00  0.0000000E+00  0.0000000E+00  0.0000000E+00  0.0000000E+00  0.0000000E+00
        30      2 -0.1056423E-02  0.3495377E-03  0.0000000E+00  0.0000000E+00 -0.7400035E-03 -0.1334232E-08
        30      3 -0.2094829E-02  0.7151650E-03  0.0000000E+00  0.0000000E+00 -0.2958451E-02 -0.5332253E-08
        30      4 -0.4860949E-02  0.2045810E-02  0.0000000E+00  0.0000000E+00 -0.1845882E-01 -0.3313599E-07

        31      0  0.0000000E+00  0.0000000E+00  0.0000000E+00  0.0000000E+00  0.0000000E+00  0.0000000E+00
        31      1  0.0000000E+00  0.0000000E+00  0.0000000E+00  0.0000000E+00  0.0000000E+00  0.0000000E+00
        31      2  0.7753975E-03  0.1662450E-03  0.0000000E+00  0.0000000E+00 -0.7644088E-03 -0.1318403E-08
        31      3  0.1587662E-02  0.3096413E-03  0.0000000E+00  0.0000000E+00 -0.3054847E-02 -0.5277635E-08
        31      4  0.4570334E-02  0.3652088E-03  0.0000000E+00  0.0000000E+00 -0.1905432E-01 -0.3324226E-07

        32      0  0.0000000E+00  0.0000000E+00  0.0000000E+00  0.0000000E+00  0.0000000E+00  0.0000000E+00
        32      1  0.0000000E+00  0.0000000E+00  0.0000000E+00  0.0000000E+00  0.0000000E+00  0.0000000E+00
        32      2  0.3877347E-03 -0.4923325E-03  0.0000000E+00  0.0000000E+00 -0.7859579E-03 -0.1365673E-08
        32      3  0.7210827E-03 -0.9808543E-03  0.0000000E+00  0.0000000E+00 -0.3147152E-02 -0.5452541E-08
        32      4  0.8421302E-03 -0.2355922E-02  0.0000000E+00  0.0000000E+00 -0.1965184E-01 -0.3371308E-07

        33      0  0.0000000E+00  0.0000000E+00  0.0000000E+00  0.0000000E+00  0.0000000E+00  0.0000000E+00
        33      1  0.0000000E+00  0.0000000E+00  0.0000000E+00  0.0000000E+00  0.0000000E+00  0.0000000E+00
        33      2 -0.1109814E-02  0.2576345E-03  0.0000000E+00  0.0000000E+00 -0.8123314E-03 -0.1463638E-08
        33      3 -0.2211896E-02  0.5362901E-03  0.0000000E+00  0.0000000E+00 -0.3248476E-02 -0.5853880E-08
        33      4 -0.5318919E-02  0.1691211E-02  0.0000000E+00  0.0000000E+00 -0.2027238E-01 -0.3652710E-07

        34      0  0.0000000E+00  0.0000000E+00  0.0000000E+00  0.0000000E+00  0.0000000E+00  0.0000000E+00
        34      1  0.0000000E+00  0.0000000E+00  0.0000000E+00  0.0000000E+00  0.0000000E+00  0.0000000E+00
        34      2  0.5662017E-03  0.2707335E-03  0.0000000E+00  0.0000000E+00 -0.8374867E-03 -0.1434772E-08
        34      3  0.1180238E-02  0.5191751E-03  0.0000000E+00  0.0000000E+00 -0.3346368E-02 -0.5741916E-08
        34      4  0.3761561E-02  0.8842446E-03  0.0000000E+00  0.0000000E+00 -0.2086954E-01 -0.3608589E-07

        35      0  0.0000000E+00  0.0000000E+00  0.0000000E+00  0.0000000E+00  0.0000000E+00  0.0000000E+00
        35      1  0.0000000E+00  0.0000000E+00  0.0000000E+00  0.0000000E+00  0.0000000E+00  0.0000000E+00
        35      2  0.6214516E-03 -0.4904282E-03  0.0000000E+00  0.0000000E+00 -0.8589124E-03 -0.1514966E-08
        35      3  0.1190364E-02 -0.9828192E-03  0.0000000E+00  0.0000000E+00 -0.3438430E-02 -0.6049239E-08
        35      4  0.2009952E-02 -0.2454169E-02  0.0000000E+00  0.0000000E+00 -0.2146686E-01 -0.3735004E-07

        36      0  0.0000000E+00  0.0000000E+00  0.0000000E+00  0.0000000E+00  0.0000000E+00  0.0000000E+00
        36      1  0.0000000E+00  0.0000000E+00  0.0000000E+00  0.0000000E+00  0.0000000E+00  0.0000000E+00
        36      2 -0.1101984E-02  0.1514860E-03  0.0000000E+00  0.0000000E+00 -0.8844199E-03 -0.1584687E-08
        36      3 -0.2209741E-02  0.3283557E-03  0.0000000E+00  0.0000000E+00 -0.3537554E-02 -0.6342984E-08
        36      4 -0.5530854E-02  0.1256661E-02  0.0000000E+00  0.0000000E+00 -0.2207869E-01 -0.3975740E-07

        37      0  0.0000000E+00  0.0000000E+00  0.0000000E+00  0.0000000E+00  0.0000000E+00  0.0000000E+00
        37      1  0.0000000E+00  0.0000000E+00  0.0000000E+00  0.0000000E+00  0.0000000E+00  0.0000000E+00
        37      2  0.3257053E-03  0.3602856E-03  0.0000000E+00  0.0000000E+00 -0.9103248E-03 -0.1558545E-08
        37      3  0.7088858E-03  0.7007411E-03  0.0000000E+00  0.0000000E+00 -0.3637098E-02 -0.6234679E-08
        37      4  0.2774722E-02  0.1363482E-02  0.0000000E+00  0.0000000E+00 -0.2267938E-01 -0.3905147E-07

        38      0  0.0000000E+00  0.0000000E+00  0.0000000E+00  0.0000000E+00  0.0000000E+00  0.0000000E+00
        38      1  0.0000000E+00  0.0000000E+00  0.0000000E+00  0.0000000E+00  0.0000000E+00  0.0000000E+00
        38      2  0.8208697E-03 -0.4614447E-03  0.0000000E+00  0.0000000E+00 -0.9317162E-03 -0.1663591E-08
        38      3  0.1595485E-02 -0.9317142E-03  0.0000000E+00  0.0000000E+00 -0.3728925E-02 -0.6645465E-08
        38      4  0.3087445E-02 -0.2438472E-02  0.0000000E+00  0.0000000E+00 -0.2327583E-01 -0.4107222E-07

        39      0  0.0000000E+00  0.0000000E+00  0.0000000E+00  0.0000000E+00  0.0000000E+00  0.0000000E+00
        39      1  0.0000000E+00  0.0000000E+00  0.0000000E+00  0.0000000E+00  0.0000000E+00  0.0000000E+00
        39      2 -0.1033383E-02  0.3699710E-04  0.0000000E+00  0.0000000E+00 -0.9563200E-03 -0.1699280E-08
        39      3 -0.2088555E-02  0.1027657E-03  0.0000000E+00  0.0000000E+00 -0.3825849E-02 -0.6805560E-08
        39      4 -0.5487473E-02  0.7632748E-03  0.0000000E+00  0.0000000E+00 -0.2387891E-01 -0.4282343E-07

        40      0  0.0000000E+00  0.0000000E+00  0.0000000E+00  0.0000000E+00  0.0000000E+00  0.0000000E+00
        40      1  0.0000000E+00  0.0000000E+00  0.0000000E+00  0.0000000E+00  0.0000000E+00  0.0000000E+00
        40      2  0.6730298E-04  0.4299161E-03  0.0000000E+00  0.0000000E+00 -0.9829030E-03 -0.1691026E-08
        40      3  0.1995247E-03  0.8443751E-03  0.0000000E+00  0.0000000E+00 -0.3927002E-02 -0.6761097E-08
        40      4  0.1658400E-02  0.1779788E-02  0.0000000E+00  0.0000000E+00 -0.2448453E-01 -0.4218363E-07

        41      0  0.0000000E+00  0.0000000E+00  0.0000000E+00  0.0000000E+00  0.0000000E+00  0.0000000E+00
        41      1  0.0000000E+00  0.0000000E+00  0.0000000E+00  0.0000000E+00  0.0000000E+00  0.0000000E+00
        41      2  0.9748621E-03 -0.4069801E-03  0.0000000E+00  0.0000000E+00 -0.1004350E-02 -0.1807430E-08
        41      3  0.1914114E-02 -0.8302972E-03  0.0000000E+00  0.0000000E+00 -0.4018605E-02 -0.7224264E-08
        41      4  0.4022211E-02 -0.2309699E-02  0.0000000E+00  0.0000000E+00 -0.2507927E-01 -0.4478254E-07

        42      0  0.0000000E+00  0.0000000E+00  0.0000000E+00  0.0000000E+00  0.0000000E+00  0.0000000E+00
        42      1  0.0000000E+00  0.0000000E+00  0.0000000E+00  0.0000000E+00  0.0000000E+00  0.0000000E+00
        42      2 -0.9077797E-03 -0.7947472E-04  0.0000000E+00  0.0000000E+00 -0.1028081E-02 -0.1810736E-08
        42      3 -0.1854833E-02 -0.1281479E-03  0.0000000E+00  0.0000000E+00 -0.4113524E-02 -0.7253298E-08
        42      4 -0.5191063E-02  0.2350295E-03  0.0000000E+00  0.0000000E+00 -0.2567453E-01 -0.4574910E-07

        43      0  0.0000000E+00  0.0000000E+00  0.0000000E+00  0.0000000E+00  0.0000000E+00  0.0000000E+00
        43      1  0.0000000E+00  0.0000000E+00  0.0000000E+00  0.0000000E+00  0.0000000E+00  0.0000000E+00
        43      2 -0.1946511E-03  0.4757392E-03  0.0000000E+00  0.0000000E+00 -0.1055198E-02 -0.1831639E-08
        43      3 -0.3199795E-03  0.9421590E-03  0.0000000E+00  0.0000000E+00 -0.4216017E-02 -0.7319266E-08
        43      4  0.4672157E-03  0.2112847E-02  0.0000000E+00  0.0000000E+00 -0.2628565E-01 -0.4549370E-07

        44      0  0.0000000E+00  0.0000000E+00  0.0000000E+00  0.0000000E+00  0.0000000E+00  0.0000000E+00
        44      1  0.0000000E+00  0.0000000E+00  0.0000000E+00  0.0000000E+00  0.0000000E+00  0.0000000E+00
        44      2  0.1074810E-02 -0.3300293E-03  0.0000000E+00  0.0000000E+00 -0.1076799E-02 -0.1943448E-08
        44      3  0.2128586E-02 -0.6840037E-03  0.0000000E+00  0.0000000E+00 -0.4307457E-02 -0.7772664E-08
        44      4  0.4768191E-02 -0.2073884E-02  0.0000000E+00  0.0000000E+00 -0.2687785E-01 -0.4838533E-07

        45      0  0.0000000E+00  0.0000000E+00  0.0000000E+00  0.0000000E+00  0.0000000E+00  0.0000000E+00
        45      1  0.0000000E+00  0.0000000E+00  0.0000000E+00  0.0000000E+00  0.0000000E+00  0.0000000E+00
        45      2 -0.7320608E-03 -0.1914756E-03  0.0000000E+00  0.0000000E+00 -0.1099744E-02 -0.1923108E-08
        45      3 -0.1521030E-02 -0.3518177E-03  0.0000000E+00  0.0000000E+00 -0.4400703E-02 -0.7701412E-08
        45      4 -0.4655350E-02 -0.3026009E-03  0.0000000E+00  0.0000000E+00 -0.2746692E-01 -0.4858518E-07

        46      0  0.0000000E+00  0.0000000E+00  0.0000000E+00  0.0000000E+00  0.0000000E+00  0.0000000E+00
        46      1  0.0000000E+00  0.0000000E+00  0.0000000E+00  0.0000000E+00  0.0000000E+00  0.0000000E+00
        46      2 -0.4456490E-03  0.4951906E-03  0.0000000E+00  0.0000000E+00 -0.1127186E-02 -0.1978093E-08
        46      3 -0.8213824E-03  0.9886768E-03  0.0000000E+00  0.0000000E+00 -0.4504057E-02 -0.7900909E-08
        46      4 -0.7413900E-03  0.2346344E-02  0.0000000E+00  0.0000000E+00 -0.2808304E-01 -0.4896161E-07

        47      0  0.0000000E+00  0.0000000E+00  0.0000000E+00  0.0000000E+00  0.0000000E+00  0.0000000E+00
        47      1  0.0000000E+00  0.0000000E+00  0.0000000E+00  0.0000000E+00  0.0000000E+00  0.0000000E+00
        47      2  0.1115101E-02 -0.2348224E-03  0.0000000E+00  0.0000000E+00 -0.1149056E-02 -0.2070382E-08
        47      3  0.2226941E-02 -0.5006632E-03  0.0000000E+00  0.0000000E+00 -0.4595485E-02 -0.8284683E-08
        47      4  0.5288383E-02 -0.1741893E-02  0.0000000E+00  0.0000000E+00 -0.2867207E-01 -0.5180825E-07

        48      0  0.0000000E+00  0.0000000E+00  0.0000000E+00  0.0000000E+00  0.0000000E+00  0.0000000E+00
        48      1  0.0000000E+00  0.0000000E+00  0.0000000E+00  0.0000000E+00  0.0000000E+00  0.0000000E+00
        48      2 -0.5158626E-03 -0.2928145E-03  0.0000000E+00  0.0000000E+00 -0.1171333E-02 -0.2040316E-08
        48      3 -0.1104925E-02 -0.5561324E-03  0.0000000E+00  0.0000000E+00 -0.4687452E-02 -0.8165555E-08
        48      4 -0.3904711E-02 -0.8240784E-03  0.0000000E+00  0.0000000E+00 -0.2925689E-01 -0.5140325E-07

        49      0  0.0000000E+00  0.0000000E+00  0.0000000E+00  0.0000000E+00  0.0000000E+00  0.0000000E+00
        49      1  0.0000000E+00  0.0000000E+00  0.0000000E+00  0.0000000E+00  0.0000000E+00  0.0000000E+00
        49      2 -0.6718338E-03  0.4871750E-03  0.0000000E+00  0.0000000E+00 -0.1198851E-02 -0.2126886E-08
        49      3 -0.1277605E-02  0.9813293E-03  0.0000000E+00  0.0000000E+00 -0.4791034E-02 -0.8493251E-08
        49      4 -0.1910340E-02  0.2468849E-02  0.0000000E+00  0.0000000E+00 -0.2987646E-01 -0.5254317E-07

        50      0  0.0000000E+00  0.0000000E+00  0.0000000E+00  0.0000000E+00  0.0000000E+00  0.0000000E+00
        50      1  0.0000000E+00  0.0000000E+00  0.0000000E+00  0.0000000E+00  0.0000000E+00  0.0000000E+00
        50      2  0.1093457E-02 -0.1265966E-03  0.0000000E+00  0.0000000E+00 -0.1221114E-02 -0.2189015E-08
        50      3  0.2203637E-02 -0.2900949E-03  0.0000000E+00  0.0000000E+00 -0.4882702E-02 -0.8762627E-08
        50      4  0.5556897E-02 -0.1328841E-02  0.0000000E+00  0.0000000E+00 -0.3046207E-01 -0.5501837E-07

        51      0  0.0000000E+00  0.0000000E+00  0.0000000E+00  0.0000000E+00  0.0000000E+00  0.0000000E+00
        51      1  0.0000000E+00  0.0000000E+00  0.0000000E+00  0.0000000E+00  0.0000000E+00  0.0000000E+00
        51      2 -0.2710574E-03 -0.3779038E-03  0.0000000E+00  0.0000000E+00 -0.1242859E-02 -0.2165280E-08
        51      3 -0.6287208E-03 -0.7300873E-03  0.0000000E+00  0.0000000E+00 -0.4973771E-02 -0.8658395E-08
        51      4 -0.2972893E-02 -0.1305103E-02  0.0000000E+00  0.0000000E+00 -0.3104447E-01 -0.5428416E-07

        52      0  0.0000000E+00  0.0000000E+00  0.0000000E+00  0.0000000E+00  0.0000000E+00  0.0000000E+00
        52      1  0.0000000E+00  0.0000000E+00  0.0000000E+00  0.0000000E+00  0.0000000E+00  0.0000000E+00
        52      2 -0.8607583E-03  0.4521308E-03  0.0000000E+00  0.0000000E+00 -0.1270184E-02 -0.2274050E-08
        52      3 -0.1664169E-02  0.9204873E-03  0.0000000E+00  0.0000000E+00 -0.5076876E-02 -0.9081592E-08
        52      4 -0.2985682E-02  0.2474345E-02  0.0000000E+00  0.0000000E+00 -0.3166509E-01 -0.5617956E-07

        53      0  0.0000000E+00  0.0000000E+00  0.0000000E+00  0.0000000E+00  0.0000000E+00  0.0000000E+00
        53      1  0.0000000E+00  0.0000000E+00  0.0000000E+00  0.0000000E+00  0.0000000E+00  0.0000000E+00
        53      2  0.1011071E-02 -0.1131377E-04  0.0000000E+00  0.0000000E+00 -0.1292970E-02 -0.2301968E-08
        53      3  0.2059890E-02 -0.6360336E-04  0.0000000E+00  0.0000000E+00 -0.5169125E-02 -0.9216362E-08
        53      4  0.5560233E-02 -0.8533911E-03  0.0000000E+00  0.0000000E+00 -0.3224757E-01 -0.5802825E-07

        54      0  0.0000000E+00  0.0000000E+00  0.0000000E+00  0.0000000E+00  0.0000000E+00  0.0000000E+00
        54      1  0.0000000E+00  0.0000000E+00  0.0000000E+00  0.0000000E+00  0.0000000E+00  0.0000000E+00
        54      2 -0.1111605E-04 -0.4420639E-03  0.0000000E+00  0.0000000E+00 -0.1314316E-02 -0.2299241E-08
        54      3 -0.1179221E-03 -0.8643613E-03  0.0000000E+00  0.0000000E+00 -0.5259606E-02 -0.9186622E-08
        54      4 -0.1901534E-02 -0.1723673E-02  0.0000000E+00  0.0000000E+00 -0.3282900E-01 -0.5730259E-07

        55      0  0.0000000E+00  0.0000000E+00  0.0000000E+00  0.0000000E+00  0.0000000E+00  0.0000000E+00
        55      1  0.0000000E+00  0.0000000E+00  0.0000000E+00  0.0000000E+00  0.0000000E+00  0.0000000E+00
        55      2 -0.1002058E-02  0.3920068E-03  0.0000000E+00  0.0000000E+00 -0.1341194E-02 -0.2415968E-08
        55      3 -0.1960456E-02  0.8094764E-03  0.0000000E+00  0.0000000E+00 -0.5361560E-02 -0.9652134E-08
        55      4 -0.3918774E-02  0.2362448E-02  0.0000000E+00  0.0000000E+00 -0.3344781E-01 -0.5980687E-07

        56      0  0.0000000E+00  0.0000000E+00  0.0000000E+00  0.0000000E+00  0.0000000E+00  0.0000000E+00
        56      1  0.0000000E+00  0.0000000E+00  0.0000000E+00  0.0000000E+00  0.0000000E+00  0.0000000E+00
        56      2  0.8725406E-03  0.1046634E-03  0.0000000E+00  0.0000000E+00 -0.1364620E-02 -0.2413088E-08
        56      3  0.1803616E-02  0.1666059E-03  0.0000000E+00  0.0000000E+00 -0.5454772E-02 -0.9660853E-08
        56      4  0.5297873E-02 -0.3370113E-03  0.0000000E+00  0.0000000E+00 -0.3402802E-01 -0.6089117E-07

        57      0  0.0000000E+00  0.0000000E+00  0.0000000E+00  0.0000000E+00  0.0000000E+00  0.0000000E+00
        57      1  0.0000000E+00  0.0000000E+00  0.0000000E+00  0.0000000E+00  0.0000000E+00  0.0000000E+00
        57      2  0.2496191E-03 -0.4817757E-03  0.0000000E+00  0.0000000E+00 -0.1385688E-02 -0.2441441E-08
        57      3  0.3999716E-03 -0.9517949E-03  0.0000000E+00  0.0000000E+00 -0.5544877E-02 -0.9749164E-08
        57      4 -0.7386354E-03 -0.2060909E-02  0.0000000E+00  0.0000000E+00 -0.3460937E-01 -0.6051058E-07

        58      0  0.0000000E+00  0.0000000E+00  0.0000000E+00  0.0000000E+00  0.0000000E+00  0.0000000E+00
        58      1  0.0000000E+00  0.0000000E+00  0.0000000E+00  0.0000000E+00  0.0000000E+00  0.0000000E+00
        58      2 -0.1088003E-02  0.3101528E-03  0.0000000E+00  0.0000000E+00 -0.1411904E-02 -0.2550124E-08
        58      3 -0.2150749E-02  0.6543930E-03  0.0000000E+00  0.0000000E+00 -0.5645122E-02 -0.1019458E-07
        58      4 -0.4667963E-02  0.2138396E-02  0.0000000E+00  0.0000000E+00 -0.3522354E-01 -0.6336432E-07

        59      0  0.0000000E+00  0.0000000E+00  0.0000000E+00  0.0000000E+00  0.0000000E+00  0.0000000E+00
        59      1  0.0000000E+00  0.0000000E+00  0.0000000E+00  0.0000000E+00  0.0000000E+00  0.0000000E+00
        59      2  0.6856079E-03  0.2149195E-03  0.0000000E+00  0.0000000E+00 -0.1436056E-02 -0.2526562E-08
        59      3  0.1448985E-02  0.3880681E-03  0.0000000E+00  0.0000000E+00 -0.5739655E-02 -0.1011265E-07
        59      4  0.4782313E-02  0.1967871E-03  0.0000000E+00  0.0000000E+00 -0.3580297E-01 -0.6368754E-07

        60      0  0.0000000E+00  0.0000000E+00  0.0000000E+00  0.0000000E+00  0.0000000E+00  0.0000000E+00
        60      1  0.0000000E+00  0.0000000E+00  0.0000000E+00  0.0000000E+00  0.0000000E+00  0.0000000E+00
        60      2  0.4967181E-03 -0.4948679E-03  0.0000000E+00  0.0000000E+00 -0.1456950E-02 -0.2589262E-08
        60      3  0.8969027E-03 -0.9877526E-03  0.0000000E+00  0.0000000E+00 -0.5829494E-02 -0.1033714E-07
        60      4  0.4630514E-03 -0.2301710E-02  0.0000000E+00  0.0000000E+00 -0.3638453E-01 -0.6392411E-07

        61      0  0.0000000E+00  0.0000000E+00  0.0000000E+00  0.0000000E+00  0.0000000E+00  0.0000000E+00
        61      1  0.0000000E+00  0.0000000E+00  0.0000000E+00  0.0000000E+00  0.0000000E+00  0.0000000E+00
        61      2 -0.1113910E-02  0.2111291E-03  0.0000000E+00  0.0000000E+00 -0.1482354E-02 -0.2675631E-08
        61      3 -0.2225014E-02  0.4637618E-03  0.0000000E+00  0.0000000E+00 -0.5927664E-02 -0.1070415E-07
        61      4 -0.5199987E-02  0.1812847E-02  0.0000000E+00  0.0000000E+00 -0.3699172E-01 -0.6680129E-07

        62      0  0.0000000E+00  0.0000000E+00  0.0000000E+00  0.0000000E+00  0.0000000E+00  0.0000000E+00
        62      1  0.0000000E+00  0.0000000E+00  0.0000000E+00  0.0000000E+00  0.0000000E+00  0.0000000E+00
        62      2  0.4607133E-03  0.3133403E-03  0.0000000E+00  0.0000000E+00 -0.1507265E-02 -0.2645998E-08
        62      3  0.1015599E-02  0.5887292E-03  0.0000000E+00  0.0000000E+00 -0.6023776E-02 -0.1058622E-07
        62      4  0.4038585E-02  0.7233119E-03  0.0000000E+00  0.0000000E+00 -0.3757223E-01 -0.6650640E-07

        63      0  0.0000000E+00  0.0000000E+00  0.0000000E+00  0.0000000E+00  0.0000000E+00  0.0000000E+00
        63      1  0.0000000E+00  0.0000000E+00  0.0000000E+00  0.0000000E+00  0.0000000E+00  0.0000000E+00
        63      2  0.7164614E-03 -0.4806321E-03  0.0000000E+00  0.0000000E+00 -0.1528078E-02 -0.2738796E-08
        63      3  0.1345767E-02 -0.9703536E-03  0.0000000E+00  0.0000000E+00 -0.6113384E-02 -0.1093571E-07
        63      4  0.1647915E-02 -0.2435317E-02  0.0000000E+00  0.0000000E+00 -0.3815379E-01 -0.6751647E-07

        64      0  0.0000000E+00  0.0000000E+00  0.0000000E+00  0.0000000E+00  0.0000000E+00  0.0000000E+00
        64      1  0.0000000E+00  0.0000000E+00  0.0000000E+00  0.0000000E+00  0.0000000E+00  0.0000000E+00
        64      2 -0.1078383E-02  0.1004482E-03  0.0000000E+00  0.0000000E+00 -0.1552592E-02 -0.2793432E-08
        64      3 -0.2179389E-02  0.2480522E-03  0.0000000E+00  0.0000000E+00 -0.6209335E-02 -0.1118262E-07
        64      4 -0.5491245E-02  0.1401461E-02  0.0000000E+00  0.0000000E+00 -0.3875256E-01 -0.7008376E-07

        65      0  0.0000000E+00  0.0000000E+00  0.0000000E+00  0.0000000E+00  0.0000000E+00  0.0000000E+00
        65      1  0.0000000E+00  0.0000000E+00  0.0000000E+00  0.0000000E+00  0.0000000E+00  0.0000000E+00
        65      2  0.2103973E-03  0.3944543E-03  0.0000000E+00  0.0000000E+00 -0.1578232E-02 -0.2773653E-08
        65      3  0.5273506E-03  0.7576109E-03  0.0000000E+00  0.0000000E+00 -0.6307115E-02 -0.1109094E-07
        65      4  0.3103158E-02  0.1217727E-02  0.0000000E+00  0.0000000E+00 -0.3933609E-01 -0.6942680E-07

        66      0  0.0000000E+00  0.0000000E+00  0.0000000E+00  0.0000000E+00  0.0000000E+00  0.0000000E+00
        66      1  0.0000000E+00  0.0000000E+00  0.0000000E+00  0.0000000E+00  0.0000000E+00  0.0000000E+00
        66      2  0.8966090E-03 -0.4398584E-03  0.0000000E+00  0.0000000E+00 -0.1599052E-02 -0.2885724E-08
        66      3  0.1721921E-02 -0.9005619E-03  0.0000000E+00  0.0000000E+00 -0.6396497E-02 -0.1152745E-07
        66      4  0.2759847E-02 -0.2455796E-02  0.0000000E+00  0.0000000E+00 -0.3991706E-01 -0.7122133E-07

        67      0  0.0000000E+00  0.0000000E+00  0.0000000E+00  0.0000000E+00  0.0000000E+00  0.0000000E+00
        67      1  0.0000000E+00  0.0000000E+00  0.0000000E+00  0.0000000E+00  0.0000000E+00  0.0000000E+00
        67      2 -0.9833830E-03 -0.1573742E-04  0.0000000E+00  0.0000000E+00 -0.1622670E-02 -0.2906135E-08
        67      3 -0.2016370E-02  0.1908240E-04  0.0000000E+00  0.0000000E+00 -0.6490304E-02 -0.1163823E-07
        67      4 -0.5528886E-02  0.9241950E-03  0.0000000E+00  0.0000000E+00 -0.4050702E-01 -0.7320015E-07

        68      0  0.0000000E+00  0.0000000E+00  0.0000000E+00  0.0000000E+00  0.0000000E+00  0.0000000E+00
        68      1  0.0000000E+00  0.0000000E+00  0.0000000E+00  0.0000000E+00  0.0000000E+00  0.0000000E+00
        68      2 -0.5141436E-04  0.4537413E-03  0.0000000E+00  0.0000000E+00 -0.1648932E-02 -0.2909989E-08
        68      3  0.1104340E-04  0.8854297E-03  0.0000000E+00  0.0000000E+00 -0.6589629E-02 -0.1162944E-07
        68      4  0.2022091E-02  0.1656281E-02  0.0000000E+00  0.0000000E+00 -0.4109517E-01 -0.7250314E-07

        69      0  0.0000000E+00  0.0000000E+00  0.0000000E+00  0.0000000E+00  0.0000000E+00  0.0000000E+00
        69      1  0.0000000E+00  0.0000000E+00  0.0000000E+00  0.0000000E+00  0.0000000E+00  0.0000000E+00
        69      2  0.1027095E-02 -0.3747911E-03  0.0000000E+00  0.0000000E+00 -0.1669853E-02 -0.3026313E-08
        69      3  0.2004585E-02 -0.7821299E-03  0.0000000E+00  0.0000000E+00 -0.6678807E-02 -0.1209642E-07
        69      4  0.3745074E-02 -0.2362358E-02  0.0000000E+00  0.0000000E+00 -0.4167474E-01 -0.7494594E-07

        70      0  0.0000000E+00  0.0000000E+00  0.0000000E+00  0.0000000E+00  0.0000000E+00  0.0000000E+00
        70      1  0.0000000E+00  0.0000000E+00  0.0000000E+00  0.0000000E+00  0.0000000E+00  0.0000000E+00
        70      2 -0.8341228E-03 -0.1309820E-03  0.0000000E+00  0.0000000E+00 -0.1692633E-02 -0.3017490E-08
        70      3 -0.1744664E-02 -0.2106496E-03  0.0000000E+00  0.0000000E+00 -0.6770724E-02 -0.1208424E-07
        70      4 -0.5311519E-02  0.4042603E-03  0.0000000E+00  0.0000000E+00 -0.4225654E-01 -0.7616557E-07

        71      0  0.0000000E+00  0.0000000E+00  0.0000000E+00  0.0000000E+00  0.0000000E+00  0.0000000E+00
        71      1  0.0000000E+00  0.0000000E+00  0.0000000E+00  0.0000000E+00  0.0000000E+00  0.0000000E+00
        71      2 -0.3101971E-03  0.4878886E-03  0.0000000E+00  0.0000000E+00 -0.1719344E-02 -0.3053610E-08
        71      3 -0.5051381E-03  0.9651280E-03  0.0000000E+00  0.0000000E+00 -0.6871243E-02 -0.1219735E-07
        71      4  0.8484334E-03  0.2017629E-02  0.0000000E+00  0.0000000E+00 -0.4285016E-01 -0.7575737E-07

        72      0  0.0000000E+00  0.0000000E+00  0.0000000E+00  0.0000000E+00  0.0000000E+00  0.0000000E+00
        72      1  0.0000000E+00  0.0000000E+00  0.0000000E+00  0.0000000E+00  0.0000000E+00  0.0000000E+00
        72      2  0.1100606E-02 -0.2890069E-03  0.0000000E+00  0.0000000E+00 -0.1740470E-02 -0.3158264E-08
        72      3  0.2178056E-02 -0.6213997E-03  0.0000000E+00  0.0000000E+00 -0.6960308E-02 -0.1263191E-07
        72      4  0.4555215E-02 -0.2159429E-02  0.0000000E+00  0.0000000E+00 -0.4342749E-01 -0.7859168E-07

        73      0  0.0000000E+00  0.0000000E+00  0.0000000E+00  0.0000000E+00  0.0000000E+00  0.0000000E+00
        73      1  0.0000000E+00  0.0000000E+00  0.0000000E+00  0.0000000E+00  0.0000000E+00  0.0000000E+00
        73      2 -0.6387854E-03 -0.2389066E-03  0.0000000E+00  0.0000000E+00 -0.1762516E-02 -0.3131601E-08
        73      3 -0.1378744E-02 -0.4286631E-03  0.0000000E+00  0.0000000E+00 -0.7050699E-02 -0.1253644E-07
        73      4 -0.4849310E-02 -0.1331861E-03  0.0000000E+00  0.0000000E+00 -0.4400258E-01 -0.7902266E-07

        74      0  0.0000000E+00  0.0000000E+00  0.0000000E+00  0.0000000E+00  0.0000000E+00  0.0000000E+00
        74      1  0.0000000E+00  0.0000000E+00  0.0000000E+00  0.0000000E+00  0.0000000E+00  0.0000000E+00
        74      2 -0.5516391E-03  0.4949818E-03  0.0000000E+00  0.0000000E+00 -0.1789445E-02 -0.3201601E-08
        74      3 -0.9931974E-03  0.9922818E-03  0.0000000E+00  0.0000000E+00 -0.7151870E-02 -0.1278451E-07
        74      4 -0.3609112E-03  0.2284082E-02  0.0000000E+00  0.0000000E+00 -0.4460152E-01 -0.7917879E-07

        75      0  0.0000000E+00  0.0000000E+00  0.0000000E+00  0.0000000E+00  0.0000000E+00  0.0000000E+00
        75      1  0.0000000E+00  0.0000000E+00  0.0000000E+00  0.0000000E+00  0.0000000E+00  0.0000000E+00
        75      2  0.1113007E-02 -0.1872225E-03  0.0000000E+00  0.0000000E+00 -0.1810896E-02 -0.3281233E-08
        75      3  0.2232636E-02 -0.4269736E-03  0.0000000E+00  0.0000000E+00 -0.7241009E-02 -0.1313088E-07
        75      4  0.5150149E-02 -0.1856399E-02  0.0000000E+00  0.0000000E+00 -0.4517589E-01 -0.8207671E-07

        76      0  0.0000000E+00  0.0000000E+00  0.0000000E+00  0.0000000E+00  0.0000000E+00  0.0000000E+00
        76      1  0.0000000E+00  0.0000000E+00  0.0000000E+00  0.0000000E+00  0.0000000E+00  0.0000000E+00
        76      2 -0.4080882E-03 -0.3335522E-03  0.0000000E+00  0.0000000E+00 -0.1832337E-02 -0.3252038E-08
        76      3 -0.9381075E-03 -0.6231756E-03  0.0000000E+00  0.0000000E+00 -0.7330270E-02 -0.1300977E-07
        76      4 -0.4163389E-02 -0.6624766E-03  0.0000000E+00  0.0000000E+00 -0.4574615E-01 -0.8183743E-07

        77      0  0.0000000E+00  0.0000000E+00  0.0000000E+00  0.0000000E+00  0.0000000E+00  0.0000000E+00
        77      1  0.0000000E+00  0.0000000E+00  0.0000000E+00  0.0000000E+00  0.0000000E+00  0.0000000E+00
        77      2 -0.7624303E-03  0.4746154E-03  0.0000000E+00  0.0000000E+00 -0.1859222E-02 -0.3350147E-08
        77      3 -0.1426840E-02  0.9653588E-03  0.0000000E+00  0.0000000E+00 -0.7431423E-02 -0.1337711E-07
        77      4 -0.1548426E-02  0.2442589E-02  0.0000000E+00  0.0000000E+00 -0.4634919E-01 -0.8272983E-07

        78      0  0.0000000E+00  0.0000000E+00  0.0000000E+00  0.0000000E+00  0.0000000E+00  0.0000000E+00
        78      1  0.0000000E+00  0.0000000E+00  0.0000000E+00  0.0000000E+00  0.0000000E+00  0.0000000E+00
        78      2  0.1063580E-02 -0.7504006E-04  0.0000000E+00  0.0000000E+00 -0.1881127E-02 -0.3396885E-08
        78      3  0.2165210E-02 -0.2092718E-03  0.0000000E+00  0.0000000E+00 -0.7520924E-02 -0.1359858E-07
        78      4  0.5500296E-02 -0.1467112E-02  0.0000000E+00  0.0000000E+00 -0.4692022E-01 -0.8535445E-07

        79      0  0.0000000E+00  0.0000000E+00  0.0000000E+00  0.0000000E+00  0.0000000E+00  0.0000000E+00
        79      1  0.0000000E+00  0.0000000E+00  0.0000000E+00  0.0000000E+00  0.0000000E+00  0.0000000E+00
        79      2 -0.1547105E-03 -0.4097063E-03  0.0000000E+00  0.0000000E+00 -0.1902099E-02 -0.3381028E-08
        79      3 -0.4462934E-03 -0.7837305E-03  0.0000000E+00  0.0000000E+00 -0.7609416E-02 -0.1351504E-07
        79      4 -0.3284695E-02 -0.1158793E-02  0.0000000E+00  0.0000000E+00 -0.4748756E-01 -0.8468933E-07

        80      0  0.0000000E+00  0.0000000E+00  0.0000000E+00  0.0000000E+00  0.0000000E+00  0.0000000E+00
        80      1  0.0000000E+00  0.0000000E+00  0.0000000E+00  0.0000000E+00  0.0000000E+00  0.0000000E+00
        80      2 -0.9309871E-03  0.4279180E-03  0.0000000E+00  0.0000000E+00 -0.1928674E-02 -0.3495339E-08
        80      3 -0.1782850E-02  0.8858107E-03  0.0000000E+00  0.0000000E+00 -0.7709847E-02 -0.1396046E-07
        80      4 -0.2658908E-02  0.2485386E-02  0.0000000E+00  0.0000000E+00 -0.4809252E-01 -0.8635524E-07

        81      0  0.0000000E+00  0.0000000E+00  0.0000000E+00  0.0000000E+00  0.0000000E+00  0.0000000E+00
        81      1  0.0000000E+00  0.0000000E+00  0.0000000E+00  0.0000000E+00  0.0000000E+00  0.0000000E+00
        81      2  0.9550762E-03  0.4135556E-04  0.0000000E+00  0.0000000E+00 -0.1951159E-02 -0.3508492E-08
        81      3  0.1979450E-02  0.2000369E-04  0.0000000E+00  0.0000000E+00 -0.7800071E-02 -0.1404707E-07
        81      4  0.5588146E-02 -0.1009189E-02  0.0000000E+00  0.0000000E+00 -0.4866030E-01 -0.8842311E-07

        82      0  0.0000000E+00  0.0000000E+00  0.0000000E+00  0.0000000E+00  0.0000000E+00  0.0000000E+00
        82      1  0.0000000E+00  0.0000000E+00  0.0000000E+00  0.0000000E+00  0.0000000E+00  0.0000000E+00
        82      2  0.1073890E-03 -0.4631856E-03  0.0000000E+00  0.0000000E+00 -0.1971790E-02 -0.3518923E-08
        82      3  0.7031257E-04 -0.9017399E-03  0.0000000E+00  0.0000000E+00 -0.7888070E-02 -0.1405624E-07
        82      4 -0.2252537E-02 -0.1599308E-02  0.0000000E+00  0.0000000E+00 -0.4922632E-01 -0.8765678E-07

        83      0  0.0000000E+00  0.0000000E+00  0.0000000E+00  0.0000000E+00  0.0000000E+00  0.0000000E+00
        83      1  0.0000000E+00  0.0000000E+00  0.0000000E+00  0.0000000E+00  0.0000000E+00  0.0000000E+00
        83      2 -0.1048074E-02  0.3574895E-03  0.0000000E+00  0.0000000E+00 -0.1997816E-02 -0.3633976E-08
        83      3 -0.2042277E-02  0.7579964E-03  0.0000000E+00  0.0000000E+00 -0.7987136E-02 -0.1452176E-07
        83      4 -0.3641836E-02  0.2410301E-02  0.0000000E+00  0.0000000E+00 -0.4983043E-01 -0.8999177E-07

        84      0  0.0000000E+00  0.0000000E+00  0.0000000E+00  0.0000000E+00  0.0000000E+00  0.0000000E+00
        84      1  0.0000000E+00  0.0000000E+00  0.0000000E+00  0.0000000E+00  0.0000000E+00  0.0000000E+00
        84      2  0.7935579E-03  0.1555339E-03  0.0000000E+00  0.0000000E+00 -0.2020987E-02 -0.3620170E-08
        84      3  0.1685609E-02  0.2484773E-03  0.0000000E+00  0.0000000E+00 -0.8078466E-02 -0.1449233E-07
        84      4  0.5409049E-02 -0.5032908E-03  0.0000000E+00  0.0000000E+00 -0.5039566E-01 -0.9132421E-07

        85      0  0.0000000E+00  0.0000000E+00  0.0000000E+00  0.0000000E+00  0.0000000E+00  0.0000000E+00
        85      1  0.0000000E+00  0.0000000E+00  0.0000000E+00  0.0000000E+00  0.0000000E+00  0.0000000E+00
        85      2  0.3637295E-03 -0.4910606E-03  0.0000000E+00  0.0000000E+00 -0.2041389E-02 -0.3664080E-08
        85      3  0.5838371E-03 -0.9709234E-03  0.0000000E+00  0.0000000E+00 -0.8166147E-02 -0.1462939E-07
        85      4 -0.1113070E-02 -0.1964079E-02  0.0000000E+00  0.0000000E+00 -0.5096143E-01 -0.9080067E-07

        86      0  0.0000000E+00  0.0000000E+00  0.0000000E+00  0.0000000E+00  0.0000000E+00  0.0000000E+00
        86      1  0.0000000E+00  0.0000000E+00  0.0000000E+00  0.0000000E+00  0.0000000E+00  0.0000000E+00
        86      2 -0.1107297E-02  0.2672543E-03  0.0000000E+00  0.0000000E+00 -0.2066680E-02 -0.3764227E-08
        86      3 -0.2191388E-02  0.5889395E-03  0.0000000E+00  0.0000000E+00 -0.8263353E-02 -0.1505252E-07
        86      4 -0.4453185E-02  0.2220805E-02  0.0000000E+00  0.0000000E+00 -0.5156180E-01 -0.9357682E-07

        87      0  0.0000000E+00  0.0000000E+00  0.0000000E+00  0.0000000E+00  0.0000000E+00  0.0000000E+00
        87      1  0.0000000E+00  0.0000000E+00  0.0000000E+00  0.0000000E+00  0.0000000E+00  0.0000000E+00
        87      2  0.5880500E-03  0.2611721E-03  0.0000000E+00  0.0000000E+00 -0.2090600E-02 -0.3735955E-08
        87      3  0.1299937E-02  0.4637551E-03  0.0000000E+00  0.0000000E+00 -0.8356119E-02 -0.1495056E-07
        87      4  0.4971414E-02  0.2762962E-04  0.0000000E+00  0.0000000E+00 -0.5212577E-01 -0.9413143E-07

        88      0  0.0000000E+00  0.0000000E+00  0.0000000E+00  0.0000000E+00  0.0000000E+00  0.0000000E+00
        88      1  0.0000000E+00  0.0000000E+00  0.0000000E+00  0.0000000E+00  0.0000000E+00  0.0000000E+00
        88      2  0.6001038E-03 -0.4918111E-03  0.0000000E+00  0.0000000E+00 -0.2110874E-02 -0.3813206E-08
        88      3  0.1066392E-02 -0.9876238E-03  0.0000000E+00  0.0000000E+00 -0.8443560E-02 -0.1522313E-07
        88      4  0.8226951E-04 -0.2236745E-02  0.0000000E+00  0.0000000E+00 -0.5269176E-01 -0.9414948E-07

        89      0  0.0000000E+00  0.0000000E+00  0.0000000E+00  0.0000000E+00  0.0000000E+00  0.0000000E+00
        89      1  0.0000000E+00  0.0000000E+00  0.0000000E+00  0.0000000E+00  0.0000000E+00  0.0000000E+00
        89      2 -0.1105435E-02  0.1622384E-03  0.0000000E+00  0.0000000E+00 -0.2135309E-02 -0.3886030E-08
        89      3 -0.2222343E-02  0.3879314E-03  0.0000000E+00  0.0000000E+00 -0.8538618E-02 -0.1555026E-07
        89      4 -0.5056900E-02  0.1925879E-02  0.0000000E+00  0.0000000E+00 -0.5328586E-01 -0.9705586E-07

        90      0  0.0000000E+00  0.0000000E+00  0.0000000E+00  0.0000000E+00  0.0000000E+00  0.0000000E+00
        90      1  0.0000000E+00  0.0000000E+00  0.0000000E+00  0.0000000E+00  0.0000000E+00  0.0000000E+00
        90      2  0.3500232E-03  0.3524054E-03  0.0000000E+00  0.0000000E+00 -0.2159985E-02 -0.3858924E-08
        90      3  0.8437361E-03  0.6540974E-03  0.0000000E+00  0.0000000E+00 -0.8633025E-02 -0.1543465E-07
        90      4  0.4296395E-02  0.5591517E-03  0.0000000E+00  0.0000000E+00 -0.5385035E-01 -0.9693318E-07

        91      0  0.0000000E+00  0.0000000E+00  0.0000000E+00  0.0000000E+00  0.0000000E+00  0.0000000E+00
        91      1  0.0000000E+00  0.0000000E+00  0.0000000E+00  0.0000000E+00  0.0000000E+00  0.0000000E+00
        91      2  0.8033685E-03 -0.4654056E-03  0.0000000E+00  0.0000000E+00 -0.2180219E-02 -0.3962085E-08
        91      3  0.1491593E-02 -0.9509881E-03  0.0000000E+00  0.0000000E+00 -0.8720244E-02 -0.1582125E-07
        91      4  0.1278545E-02 -0.2405118E-02  0.0000000E+00  0.0000000E+00 -0.5441649E-01 -0.9769014E-07

        92      0  0.0000000E+00  0.0000000E+00  0.0000000E+00  0.0000000E+00  0.0000000E+00  0.0000000E+00
        92      1  0.0000000E+00  0.0000000E+00  0.0000000E+00  0.0000000E+00  0.0000000E+00  0.0000000E+00
        92      2 -0.1042612E-02  0.4828420E-04  0.0000000E+00  0.0000000E+00 -0.2203754E-02 -0.4001122E-08
        92      3 -0.2133578E-02  0.1660036E-03  0.0000000E+00  0.0000000E+00 -0.8813093E-02 -0.1601918E-07
        92      4 -0.5426196E-02  0.1539662E-02  0.0000000E+00  0.0000000E+00 -0.5500257E-01 -0.1003889E-06

        93      0  0.0000000E+00  0.0000000E+00  0.0000000E+00  0.0000000E+00  0.0000000E+00  0.0000000E+00
        93      1  0.0000000E+00  0.0000000E+00  0.0000000E+00  0.0000000E+00  0.0000000E+00  0.0000000E+00
        93      2  0.9273749E-04  0.4241563E-03  0.0000000E+00  0.0000000E+00 -0.2229122E-02 -0.3990556E-08
        93      3  0.3421229E-03  0.8090720E-03  0.0000000E+00  0.0000000E+00 -0.8909156E-02 -0.1595168E-07
        93      4  0.3417007E-02  0.1066361E-02  0.0000000E+00  0.0000000E+00 -0.5556952E-01 -0.9981352E-07

        94      0  0.0000000E+00  0.0000000E+00  0.0000000E+00  0.0000000E+00  0.0000000E+00  0.0000000E+00
        94      1  0.0000000E+00  0.0000000E+00  0.0000000E+00  0.0000000E+00  0.0000000E+00  0.0000000E+00
        94      2  0.9621854E-03 -0.4133010E-03  0.0000000E+00  0.0000000E+00 -0.2249405E-02 -0.4106545E-08
        94      3  0.1836043E-02 -0.8630042E-03  0.0000000E+00  0.0000000E+00 -0.8996157E-02 -0.1640638E-07
        94      4  0.2419518E-02 -0.2461696E-02  0.0000000E+00  0.0000000E+00 -0.5613533E-01 -0.1013679E-06

        95      0  0.0000000E+00  0.0000000E+00  0.0000000E+00  0.0000000E+00  0.0000000E+00  0.0000000E+00
        95      1  0.0000000E+00  0.0000000E+00  0.0000000E+00  0.0000000E+00  0.0000000E+00  0.0000000E+00
        95      2 -0.9222798E-03 -0.6827905E-04  0.0000000E+00  0.0000000E+00 -0.2272065E-02 -0.4112710E-08
        95      3 -0.1929872E-02 -0.6469985E-04  0.0000000E+00  0.0000000E+00 -0.9086944E-02 -0.1646959E-07
        95      4 -0.5544725E-02  0.1080847E-02  0.0000000E+00  0.0000000E+00 -0.5671265E-01 -0.1035568E-06

        96      0  0.0000000E+00  0.0000000E+00  0.0000000E+00  0.0000000E+00  0.0000000E+00  0.0000000E+00
        96      1  0.0000000E+00  0.0000000E+00  0.0000000E+00  0.0000000E+00  0.0000000E+00  0.0000000E+00
        96      2 -0.1695110E-03  0.4724217E-03  0.0000000E+00  0.0000000E+00 -0.2297987E-02 -0.4130457E-08
        96      3 -0.1774178E-03  0.9201459E-03  0.0000000E+00  0.0000000E+00 -0.9184456E-02 -0.1650168E-07
        96      4  0.2376526E-02  0.1525021E-02  0.0000000E+00  0.0000000E+00 -0.5728382E-01 -0.1028358E-06

        97      0  0.0000000E+00  0.0000000E+00  0.0000000E+00  0.0000000E+00  0.0000000E+00  0.0000000E+00
        97      1  0.0000000E+00  0.0000000E+00  0.0000000E+00  0.0000000E+00  0.0000000E+00  0.0000000E+00
        97      2  0.1067668E-02 -0.3383628E-03  0.0000000E+00  0.0000000E+00 -0.2318418E-02 -0.4243408E-08
        97      3  0.2080673E-02 -0.7283927E-03  0.0000000E+00  0.0000000E+00 -0.9271283E-02 -0.1696409E-07
        97      4  0.3450350E-02 -0.2404041E-02  0.0000000E+00  0.0000000E+00 -0.5784855E-01 -0.1050964E-06

        98      0  0.0000000E+00  0.0000000E+00  0.0000000E+00  0.0000000E+00  0.0000000E+00  0.0000000E+00
        98      1  0.0000000E+00  0.0000000E+00  0.0000000E+00  0.0000000E+00  0.0000000E+00  0.0000000E+00
        98      2 -0.7510371E-03 -0.1809911E-03  0.0000000E+00  0.0000000E+00 -0.2340284E-02 -0.4224812E-08
        98      3 -0.1622089E-02 -0.2916065E-03  0.0000000E+00  0.0000000E+00 -0.9360309E-02 -0.1691599E-07
        98      4 -0.5407427E-02  0.5717494E-03  0.0000000E+00  0.0000000E+00 -0.5841745E-01 -0.1065659E-06

        99      0  0.0000000E+00  0.0000000E+00  0.0000000E+00  0.0000000E+00  0.0000000E+00  0.0000000E+00
        99      1  0.0000000E+00  0.0000000E+00  0.0000000E+00  0.0000000E+00  0.0000000E+00  0.0000000E+00
        99      2 -0.4221936E-03  0.4945014E-03  0.0000000E+00  0.0000000E+00 -0.2366557E-02 -0.4276484E-08
        99      3 -0.6865893E-03  0.9811759E-03  0.0000000E+00  0.0000000E+00 -0.9458845E-02 -0.1707797E-07
        99      4  0.1226110E-02  0.1912885E-02  0.0000000E+00  0.0000000E+00 -0.5899397E-01 -0.1060327E-06

       100      0  0.0000000E+00  0.0000000E+00  0.0000000E+00  0.0000000E+00  0.0000000E+00  0.0000000E+00
       100      1  0.0000000E+00  0.0000000E+00  0.0000000E+00  0.0000000E+00  0.0000000E+00  0.0000000E+00
       100      2  0.1113896E-02 -0.2447103E-03  0.0000000E+00  0.0000000E+00 -0.2387248E-02 -0.4371221E-08
       100      3  0.2211866E-02 -0.5543585E-03  0.0000000E+00  0.0000000E+00 -0.9545621E-02 -0.1748626E-07
       100      4  0.4320629E-02 -0.2234941E-02  0.0000000E+00  0.0000000E+00 -0.5955676E-01 -0.1087763E-06
