# number of rays:       5
# iteration   ray    X              A              Y              B              T              D
         0      0  0.0000000E+00  0.0000000E+00  0.0000000E+00  0.0000000E+00  0.0000000E+00  0.0000000E+00
         0      1  0.0000000E+00  0.0000000E+00  0.0000000E+00  0.0000000E+00  0.0000000E+00  0.0000000E+00
         0      2  0.1000000E-02  0.0000000E+00  0.0000000E+00  0.0000000E+00  0.0000000E+00  0.0000000E+00
         0      3  0.2000000E-02  0.0000000E+00  0.0000000E+00  0.0000000E+00  0.0000000E+00  0.0000000E+00
         0      4  0.5000000E-02  0.0000000E+00  0.0000000E+00  0.0000000E+00  0.0000000E+00  0.0000000E+00

         1      0  0.0000000E+00  0.0000000E+00  0.0000000E+00  0.0000000E+00  0.0000000E+00  0.0000000E+00
         1      1  0.0000000E+00  0.0000000E+00  0.0000000E+00  0.0000000E+00  0.0000000E+00  0.0000000E+00
         1      2 -0.2832003E-03 -0.3768872E-03  0.0000000E+00  0.0000000E+00 -0.3175939E-04  0.1402103E-12
         1      3 -0.5713299E-03 -0.7530061E-03  0.0000000E+00  0.0000000E+00 -0.1215220E-03  0.1136862E-11
         1      4 -0.1466961E-02 -0.1876222E-02  0.0000000E+00  0.0000000E+00 -0.7397056E-03  0.1847538E-10

         2      0  0.0000000E+00  0.0000000E+00  0.0000000E+00  0.0000000E+00  0.0000000E+00  0.0000000E+00
         2      1  0.0000000E+00  0.0000000E+00  0.0000000E+00  0.0000000E+00  0.0000000E+00  0.0000000E+00
         2      2 -0.6349225E-03  0.4928669E-03  0.0000000E+00  0.0000000E+00 -0.5752392E-04 -0.1264200E-09
         2      3 -0.1272671E-02  0.9864984E-03  0.0000000E+00  0.0000000E+00 -0.2324038E-03 -0.5053400E-09
         2      4 -0.3200668E-02  0.2472207E-02  0.0000000E+00  0.0000000E+00 -0.1463677E-02 -0.3150554E-08

         3      0  0.0000000E+00  0.0000000E+00  0.0000000E+00  0.0000000E+00  0.0000000E+00  0.0000000E+00
         3      1  0.0000000E+00  0.0000000E+00  0.0000000E+00  0.0000000E+00  0.0000000E+00  0.0000000E+00
         3      2  0.1107734E-02 -0.2659458E-03  0.0000000E+00  0.0000000E+00 -0.8847027E-04 -0.2055904E-09
         3      3  0.2215455E-02 -0.5325394E-03  0.0000000E+00  0.0000000E+00 -0.3517621E-03 -0.8220216E-09
         3      4  0.5537902E-02 -0.1337892E-02  0.0000000E+00  0.0000000E+00 -0.2194056E-02 -0.5132432E-08

         4      0  0.0000000E+00  0.0000000E+00  0.0000000E+00  0.0000000E+00  0.0000000E+00  0.0000000E+00
         4      1  0.0000000E+00  0.0000000E+00  0.0000000E+00  0.0000000E+00  0.0000000E+00  0.0000000E+00
         4      2 -0.8143232E-03 -0.1452157E-03  0.0000000E+00  0.0000000E+00 -0.1176615E-03 -0.1722654E-09
         4      3 -0.1632248E-02 -0.2893826E-03  0.0000000E+00  0.0000000E+00 -0.4667523E-03 -0.6887081E-09
         4      4 -0.4111587E-02 -0.7131389E-03  0.0000000E+00  0.0000000E+00 -0.2907162E-02 -0.4299869E-08

         5      0  0.0000000E+00  0.0000000E+00  0.0000000E+00  0.0000000E+00  0.0000000E+00  0.0000000E+00
         5      1  0.0000000E+00  0.0000000E+00  0.0000000E+00  0.0000000E+00  0.0000000E+00  0.0000000E+00
         5      2 -0.4839068E-04  0.4562611E-03  0.0000000E+00  0.0000000E+00 -0.1434675E-03 -0.2195491E-09
         5      3 -0.9943258E-04  0.9132941E-03  0.0000000E+00  0.0000000E+00 -0.5769945E-03 -0.8777824E-09
         5      4 -0.2612592E-03  0.2287664E-02  0.0000000E+00  0.0000000E+00 -0.3624117E-02 -0.5475444E-08

         6      0  0.0000000E+00  0.0000000E+00  0.0000000E+00  0.0000000E+00  0.0000000E+00  0.0000000E+00
         6      1  0.0000000E+00  0.0000000E+00  0.0000000E+00  0.0000000E+00  0.0000000E+00  0.0000000E+00
         6      2  0.8726873E-03 -0.4496365E-03  0.0000000E+00  0.0000000E+00 -0.1763826E-03 -0.3555689E-09
         6      3  0.1742817E-02 -0.8998347E-03  0.0000000E+00  0.0000000E+00 -0.7015616E-03 -0.1422211E-08
         6      4  0.4332350E-02 -0.2255481E-02  0.0000000E+00  0.0000000E+00 -0.4377182E-02 -0.8885259E-08

         7      0  0.0000000E+00  0.0000000E+00  0.0000000E+00  0.0000000E+00  0.0000000E+00  0.0000000E+00
         7      1  0.0000000E+00  0.0000000E+00  0.0000000E+00  0.0000000E+00  0.0000000E+00  0.0000000E+00
         7      2 -0.1094739E-02  0.1312378E-03  0.0000000E+00  0.0000000E+00 -0.2034271E-03 -0.3849502E-09
         7      3 -0.2191330E-02  0.2635125E-03  0.0000000E+00  0.0000000E+00 -0.8122995E-03 -0.1540929E-08
         7      4 -0.5493945E-02  0.6708422E-03  0.0000000E+00  0.0000000E+00 -0.5080554E-02 -0.9656745E-08

         8      0  0.0000000E+00  0.0000000E+00  0.0000000E+00  0.0000000E+00  0.0000000E+00  0.0000000E+00
         8      1  0.0000000E+00  0.0000000E+00  0.0000000E+00  0.0000000E+00  0.0000000E+00  0.0000000E+00
         8      2  0.5534287E-03  0.2788341E-03  0.0000000E+00  0.0000000E+00 -0.2298925E-03 -0.3570118E-09
         8      3  0.1105934E-02  0.5579003E-03  0.0000000E+00  0.0000000E+00 -0.9222416E-03 -0.1429144E-08
         8      4  0.2768080E-02  0.1392201E-02  0.0000000E+00  0.0000000E+00 -0.5784622E-02 -0.8954271E-08

         9      0  0.0000000E+00  0.0000000E+00  0.0000000E+00  0.0000000E+00  0.0000000E+00  0.0000000E+00
         9      1  0.0000000E+00  0.0000000E+00  0.0000000E+00  0.0000000E+00  0.0000000E+00  0.0000000E+00
         9      2  0.3679786E-03 -0.4944371E-03  0.0000000E+00  0.0000000E+00 -0.2631006E-03 -0.4527312E-09
         9      3  0.7304038E-03 -0.9886304E-03  0.0000000E+00  0.0000000E+00 -0.1047516E-02 -0.1811736E-08
         9      4  0.1772052E-02 -0.2468941E-02  0.0000000E+00  0.0000000E+00 -0.6540282E-02 -0.1133194E-07

        10      0  0.0000000E+00  0.0000000E+00  0.0000000E+00  0.0000000E+00  0.0000000E+00  0.0000000E+00
        10      1  0.0000000E+00  0.0000000E+00  0.0000000E+00  0.0000000E+00  0.0000000E+00  0.0000000E+00
        10      2 -0.1038506E-02  0.3673592E-03  0.0000000E+00  0.0000000E+00 -0.2889868E-03 -0.5692166E-09
        10      3 -0.2078276E-02  0.7356857E-03  0.0000000E+00  0.0000000E+00 -0.1157176E-02 -0.2278848E-08
        10      4 -0.5200058E-02  0.1850821E-02  0.0000000E+00  0.0000000E+00 -0.7250443E-02 -0.1427982E-07

        11      0  0.0000000E+00  0.0000000E+00  0.0000000E+00  0.0000000E+00  0.0000000E+00  0.0000000E+00
        11      1  0.0000000E+00  0.0000000E+00  0.0000000E+00  0.0000000E+00  0.0000000E+00  0.0000000E+00
        11      2  0.9844244E-03  0.1530382E-04  0.0000000E+00  0.0000000E+00 -0.3171029E-03 -0.5556713E-09
        11      3  0.1969510E-02  0.2994958E-04  0.0000000E+00  0.0000000E+00 -0.1269537E-02 -0.2224749E-08
        11      4  0.4936092E-02  0.6291980E-04  0.0000000E+00  0.0000000E+00 -0.7953675E-02 -0.1395085E-07

        12      0  0.0000000E+00  0.0000000E+00  0.0000000E+00  0.0000000E+00  0.0000000E+00  0.0000000E+00
        12      1  0.0000000E+00  0.0000000E+00  0.0000000E+00  0.0000000E+00  0.0000000E+00  0.0000000E+00
        12      2 -0.2499966E-03 -0.3866964E-03  0.0000000E+00  0.0000000E+00 -0.3486938E-03 -0.5598603E-09
        12      3 -0.5064747E-03 -0.7722068E-03  0.0000000E+00  0.0000000E+00 -0.1390214E-02 -0.2240536E-08
        12      4 -0.1331557E-02 -0.1916659E-02  0.0000000E+00  0.0000000E+00 -0.8687263E-02 -0.1402074E-07

        13      0  0.0000000E+00  0.0000000E+00  0.0000000E+00  0.0000000E+00  0.0000000E+00  0.0000000E+00
        13      1  0.0000000E+00  0.0000000E+00  0.0000000E+00  0.0000000E+00  0.0000000E+00  0.0000000E+00
        13      2 -0.6627253E-03  0.4903679E-03  0.0000000E+00  0.0000000E+00 -0.3741713E-03 -0.6887409E-09
        13      3 -0.1326976E-02  0.9816141E-03  0.0000000E+00  0.0000000E+00 -0.1499922E-02 -0.2756125E-08
        13      4 -0.3314259E-02  0.2462106E-02  0.0000000E+00  0.0000000E+00 -0.9403815E-02 -0.1723842E-07

        14      0  0.0000000E+00  0.0000000E+00  0.0000000E+00  0.0000000E+00  0.0000000E+00  0.0000000E+00
        14      1  0.0000000E+00  0.0000000E+00  0.0000000E+00  0.0000000E+00  0.0000000E+00  0.0000000E+00
        14      2  0.1110875E-02 -0.2528857E-03  0.0000000E+00  0.0000000E+00 -0.4046886E-03 -0.7628941E-09
        14      3  0.2221690E-02 -0.5070054E-03  0.0000000E+00  0.0000000E+00 -0.1617767E-02 -0.3053175E-08
        14      4  0.5551867E-02 -0.1284473E-02  0.0000000E+00  0.0000000E+00 -0.1012568E-01 -0.1911741E-07

        15      0  0.0000000E+00  0.0000000E+00  0.0000000E+00  0.0000000E+00  0.0000000E+00  0.0000000E+00
        15      1  0.0000000E+00  0.0000000E+00  0.0000000E+00  0.0000000E+00  0.0000000E+00  0.0000000E+00
        15      2 -0.7906047E-03 -0.1597619E-03  0.0000000E+00  0.0000000E+00 -0.4337232E-03 -0.7287229E-09
        15      3 -0.1586019E-02 -0.3178152E-03  0.0000000E+00  0.0000000E+00 -0.1731891E-02 -0.2916476E-08
        15      4 -0.4015911E-02 -0.7726963E-03  0.0000000E+00  0.0000000E+00 -0.1083231E-01 -0.1826542E-07

        16      0  0.0000000E+00  0.0000000E+00  0.0000000E+00  0.0000000E+00  0.0000000E+00  0.0000000E+00
        16      1  0.0000000E+00  0.0000000E+00  0.0000000E+00  0.0000000E+00  0.0000000E+00  0.0000000E+00
        16      2 -0.8255046E-04  0.4622015E-03  0.0000000E+00  0.0000000E+00 -0.4592197E-03 -0.7812631E-09
        16      3 -0.1662380E-03  0.9249237E-03  0.0000000E+00  0.0000000E+00 -0.1840998E-02 -0.3126097E-08
        16      4 -0.4013555E-03  0.2312279E-02  0.0000000E+00  0.0000000E+00 -0.1154244E-01 -0.1954846E-07

        17      0  0.0000000E+00  0.0000000E+00  0.0000000E+00  0.0000000E+00  0.0000000E+00  0.0000000E+00
        17      1  0.0000000E+00  0.0000000E+00  0.0000000E+00  0.0000000E+00  0.0000000E+00  0.0000000E+00
        17      2  0.8935626E-03 -0.4428530E-03  0.0000000E+00  0.0000000E+00 -0.4917672E-03 -0.9165583E-09
        17      3  0.1783799E-02 -0.8866148E-03  0.0000000E+00  0.0000000E+00 -0.1964192E-02 -0.3667710E-08
        17      4  0.4419580E-02 -0.2228225E-02  0.0000000E+00  0.0000000E+00 -0.1228740E-01 -0.2294440E-07

        18      0  0.0000000E+00  0.0000000E+00  0.0000000E+00  0.0000000E+00  0.0000000E+00  0.0000000E+00
        18      1  0.0000000E+00  0.0000000E+00  0.0000000E+00  0.0000000E+00  0.0000000E+00  0.0000000E+00
        18      2 -0.1087778E-02  0.1164335E-03  0.0000000E+00  0.0000000E+00 -0.5186094E-03 -0.9408869E-09
        18      3 -0.2177823E-02  0.2345908E-03  0.0000000E+00  0.0000000E+00 -0.2073888E-02 -0.3766633E-08
        18      4 -0.5466727E-02  0.6104458E-03  0.0000000E+00  0.0000000E+00 -0.1298340E-01 -0.2361147E-07

        19      0  0.0000000E+00  0.0000000E+00  0.0000000E+00  0.0000000E+00  0.0000000E+00  0.0000000E+00
        19      1  0.0000000E+00  0.0000000E+00  0.0000000E+00  0.0000000E+00  0.0000000E+00  0.0000000E+00
        19      2  0.5234514E-03  0.2913874E-03  0.0000000E+00  0.0000000E+00 -0.5447207E-03 -0.9151647E-09
        19      3  0.1047259E-02  0.5824778E-03  0.0000000E+00  0.0000000E+00 -0.2182617E-02 -0.3663493E-08
        19      4  0.2644996E-02  0.1444019E-02  0.0000000E+00  0.0000000E+00 -0.1368055E-01 -0.2295328E-07

        20      0  0.0000000E+00  0.0000000E+00  0.0000000E+00  0.0000000E+00  0.0000000E+00  0.0000000E+00
        20      1  0.0000000E+00  0.0000000E+00  0.0000000E+00  0.0000000E+00  0.0000000E+00  0.0000000E+00
        20      2  0.4001038E-03 -0.4960163E-03  0.0000000E+00  0.0000000E+00 -0.5776719E-03 -0.1015283E-08
        20      3  0.7933102E-03 -0.9917791E-03  0.0000000E+00  0.0000000E+00 -0.2306824E-02 -0.4063337E-08
        20      4  0.1904608E-02 -0.2476154E-02  0.0000000E+00  0.0000000E+00 -0.1442933E-01 -0.2542252E-07

        21      0  0.0000000E+00  0.0000000E+00  0.0000000E+00  0.0000000E+00  0.0000000E+00  0.0000000E+00
        21      1  0.0000000E+00  0.0000000E+00  0.0000000E+00  0.0000000E+00  0.0000000E+00  0.0000000E+00
        21      2 -0.1050438E-02  0.3568557E-03  0.0000000E+00  0.0000000E+00 -0.6033038E-03 -0.1128264E-08
        21      3 -0.2101612E-02  0.7151720E-03  0.0000000E+00  0.0000000E+00 -0.2415313E-02 -0.4516806E-08
        21      4 -0.5249493E-02  0.1808161E-02  0.0000000E+00  0.0000000E+00 -0.1513170E-01 -0.2830053E-07

        22      0  0.0000000E+00  0.0000000E+00  0.0000000E+00  0.0000000E+00  0.0000000E+00  0.0000000E+00
        22      1  0.0000000E+00  0.0000000E+00  0.0000000E+00  0.0000000E+00  0.0000000E+00  0.0000000E+00
        22      2  0.9679182E-03  0.3059340E-04  0.0000000E+00  0.0000000E+00 -0.6310104E-03 -0.1111371E-08
        22      3  0.1937237E-02  0.5987285E-04  0.0000000E+00  0.0000000E+00 -0.2526280E-02 -0.4449600E-08
        22      4  0.4869023E-02  0.1258019E-03  0.0000000E+00  0.0000000E+00 -0.1582719E-01 -0.2790197E-07

        23      0  0.0000000E+00  0.0000000E+00  0.0000000E+00  0.0000000E+00  0.0000000E+00  0.0000000E+00
        23      1  0.0000000E+00  0.0000000E+00  0.0000000E+00  0.0000000E+00  0.0000000E+00  0.0000000E+00
        23      2 -0.2165564E-03 -0.3961414E-03  0.0000000E+00  0.0000000E+00 -0.6624328E-03 -0.1120065E-08
        23      3 -0.4411597E-03 -0.7907137E-03  0.0000000E+00  0.0000000E+00 -0.2646119E-02 -0.4482988E-08
        23      4 -0.1195296E-02 -0.1955893E-02  0.0000000E+00  0.0000000E+00 -0.1655473E-01 -0.2806327E-07

        24      0  0.0000000E+00  0.0000000E+00  0.0000000E+00  0.0000000E+00  0.0000000E+00  0.0000000E+00
        24      1  0.0000000E+00  0.0000000E+00  0.0000000E+00  0.0000000E+00  0.0000000E+00  0.0000000E+00
        24      2 -0.6899034E-03  0.4874071E-03  0.0000000E+00  0.0000000E+00 -0.6876273E-03 -0.1250972E-08
        24      3 -0.1380088E-02  0.9758474E-03  0.0000000E+00  0.0000000E+00 -0.2754661E-02 -0.5006569E-08
        24      4 -0.3425757E-02  0.2450456E-02  0.0000000E+00  0.0000000E+00 -0.1726390E-01 -0.3132477E-07

        25      0  0.0000000E+00  0.0000000E+00  0.0000000E+00  0.0000000E+00  0.0000000E+00  0.0000000E+00
        25      1  0.0000000E+00  0.0000000E+00  0.0000000E+00  0.0000000E+00  0.0000000E+00  0.0000000E+00
        25      2  0.1112966E-02 -0.2395865E-03  0.0000000E+00  0.0000000E+00 -0.7177174E-03 -0.1320021E-08
        25      3  0.2225912E-02 -0.4810125E-03  0.0000000E+00  0.0000000E+00 -0.2871005E-02 -0.5283652E-08
        25      4  0.5562269E-02 -0.1230233E-02  0.0000000E+00  0.0000000E+00 -0.1797734E-01 -0.3309932E-07

        26      0  0.0000000E+00  0.0000000E+00  0.0000000E+00  0.0000000E+00  0.0000000E+00  0.0000000E+00
        26      1  0.0000000E+00  0.0000000E+00  0.0000000E+00  0.0000000E+00  0.0000000E+00  0.0000000E+00
        26      2 -0.7661424E-03 -0.1741575E-03  0.0000000E+00  0.0000000E+00 -0.7465996E-03 -0.1285324E-08
        26      3 -0.1538367E-02 -0.3459621E-03  0.0000000E+00  0.0000000E+00 -0.2984282E-02 -0.5144795E-08
        26      4 -0.3917725E-02 -0.8317665E-03  0.0000000E+00  0.0000000E+00 -0.1867761E-01 -0.3223330E-07

        27      0  0.0000000E+00  0.0000000E+00  0.0000000E+00  0.0000000E+00  0.0000000E+00  0.0000000E+00
        27      1  0.0000000E+00  0.0000000E+00  0.0000000E+00  0.0000000E+00  0.0000000E+00  0.0000000E+00
        27      2 -0.1166311E-03  0.4677060E-03  0.0000000E+00  0.0000000E+00 -0.7717911E-03 -0.1343114E-08
        27      3 -0.2328885E-03  0.9357198E-03  0.0000000E+00  0.0000000E+00 -0.3092264E-02 -0.5374940E-08
        27      4 -0.5411748E-03  0.2335430E-02  0.0000000E+00  0.0000000E+00 -0.1938097E-01 -0.3362378E-07

        28      0  0.0000000E+00  0.0000000E+00  0.0000000E+00  0.0000000E+00  0.0000000E+00  0.0000000E+00
        28      1  0.0000000E+00  0.0000000E+00  0.0000000E+00  0.0000000E+00  0.0000000E+00  0.0000000E+00
        28      2  0.9135941E-03 -0.4356516E-03  0.0000000E+00  0.0000000E+00 -0.8039690E-03 -0.1477366E-08
        28      3  0.1823170E-02 -0.8725945E-03  0.0000000E+00  0.0000000E+00 -0.3214084E-02 -0.5912515E-08
        28      4  0.4503994E-02 -0.2199552E-02  0.0000000E+00  0.0000000E+00 -0.2011786E-01 -0.3700043E-07

        29      0  0.0000000E+00  0.0000000E+00  0.0000000E+00  0.0000000E+00  0.0000000E+00  0.0000000E+00
        29      1  0.0000000E+00  0.0000000E+00  0.0000000E+00  0.0000000E+00  0.0000000E+00  0.0000000E+00
        29      2 -0.1079796E-02  0.1015199E-03  0.0000000E+00  0.0000000E+00 -0.8306148E-03 -0.1496741E-08
        29      3 -0.2162369E-02  0.2054598E-03  0.0000000E+00  0.0000000E+00 -0.3322760E-02 -0.5992019E-08
        29      4 -0.5436119E-02  0.5496735E-03  0.0000000E+00  0.0000000E+00 -0.2080659E-01 -0.3756460E-07

        30      0  0.0000000E+00  0.0000000E+00  0.0000000E+00  0.0000000E+00  0.0000000E+00  0.0000000E+00
        30      1  0.0000000E+00  0.0000000E+00  0.0000000E+00  0.0000000E+00  0.0000000E+00  0.0000000E+00
        30      2  0.4929807E-03  0.3036657E-03  0.0000000E+00  0.0000000E+00 -0.8563782E-03 -0.1473524E-08
        30      3  0.9876407E-03  0.6065297E-03  0.0000000E+00  0.0000000E+00 -0.3430296E-02 -0.5898626E-08
        30      4  0.2520240E-02  0.1494920E-02  0.0000000E+00  0.0000000E+00 -0.2149692E-01 -0.3695554E-07

        31      0  0.0000000E+00  0.0000000E+00  0.0000000E+00  0.0000000E+00  0.0000000E+00  0.0000000E+00
        31      1  0.0000000E+00  0.0000000E+00  0.0000000E+00  0.0000000E+00  0.0000000E+00  0.0000000E+00
        31      2  0.4318529E-03 -0.4971279E-03  0.0000000E+00  0.0000000E+00 -0.8890692E-03 -0.1577854E-08
        31      3  0.8555058E-03 -0.9940348E-03  0.0000000E+00  0.0000000E+00 -0.3553431E-02 -0.6315010E-08
        31      4  0.2035976E-02 -0.2481803E-02  0.0000000E+00  0.0000000E+00 -0.2223885E-01 -0.3951327E-07

        32      0  0.0000000E+00  0.0000000E+00  0.0000000E+00  0.0000000E+00  0.0000000E+00  0.0000000E+00
        32      1  0.0000000E+00  0.0000000E+00  0.0000000E+00  0.0000000E+00  0.0000000E+00  0.0000000E+00
        32      2 -0.1061383E-02  0.3460167E-03  0.0000000E+00  0.0000000E+00 -0.9144522E-03 -0.1687097E-08
        32      3 -0.2123068E-02  0.6940172E-03  0.0000000E+00  0.0000000E+00 -0.3660764E-02 -0.6753939E-08
        32      4 -0.5295660E-02  0.1764373E-02  0.0000000E+00  0.0000000E+00 -0.2293351E-01 -0.4231740E-07

        33      0  0.0000000E+00  0.0000000E+00  0.0000000E+00  0.0000000E+00  0.0000000E+00  0.0000000E+00
        33      1  0.0000000E+00  0.0000000E+00  0.0000000E+00  0.0000000E+00  0.0000000E+00  0.0000000E+00
        33      2  0.9504970E-03  0.4585429E-04  0.0000000E+00  0.0000000E+00 -0.9417547E-03 -0.1667111E-08
        33      3  0.1903210E-02  0.8974271E-04  0.0000000E+00  0.0000000E+00 -0.3770358E-02 -0.6674599E-08
        33      4  0.4798836E-02  0.1886058E-03  0.0000000E+00  0.0000000E+00 -0.2362137E-01 -0.4185344E-07

        34      0  0.0000000E+00  0.0000000E+00  0.0000000E+00  0.0000000E+00  0.0000000E+00  0.0000000E+00
        34      1  0.0000000E+00  0.0000000E+00  0.0000000E+00  0.0000000E+00  0.0000000E+00  0.0000000E+00
        34      2 -0.1829110E-03 -0.4052134E-03  0.0000000E+00  0.0000000E+00 -0.9730083E-03 -0.1680470E-08
        34      3 -0.3754437E-03 -0.8085101E-03  0.0000000E+00  0.0000000E+00 -0.3889363E-02 -0.6726203E-08
        34      4 -0.1058264E-02 -0.1993898E-02  0.0000000E+00  0.0000000E+00 -0.2434291E-01 -0.4210898E-07

        35      0  0.0000000E+00  0.0000000E+00  0.0000000E+00  0.0000000E+00  0.0000000E+00  0.0000000E+00
        35      1  0.0000000E+00  0.0000000E+00  0.0000000E+00  0.0000000E+00  0.0000000E+00  0.0000000E+00
        35      2 -0.7164315E-03  0.4839872E-03  0.0000000E+00  0.0000000E+00 -0.9979239E-03 -0.1813103E-08
        35      3 -0.1431957E-02  0.9692035E-03  0.0000000E+00  0.0000000E+00 -0.3996750E-02 -0.7256629E-08
        35      4 -0.3535093E-02  0.2437266E-02  0.0000000E+00  0.0000000E+00 -0.2504477E-01 -0.4540932E-07

        36      0  0.0000000E+00  0.0000000E+00  0.0000000E+00  0.0000000E+00  0.0000000E+00  0.0000000E+00
        36      1  0.0000000E+00  0.0000000E+00  0.0000000E+00  0.0000000E+00  0.0000000E+00  0.0000000E+00
        36      2  0.1114004E-02 -0.2260609E-03  0.0000000E+00  0.0000000E+00 -0.1027589E-02 -0.1876977E-08
        36      3  0.2228117E-02 -0.4545839E-03  0.0000000E+00  0.0000000E+00 -0.4111605E-02 -0.7513479E-08
        36      4  0.5569103E-02 -0.1175206E-02  0.0000000E+00  0.0000000E+00 -0.2574986E-01 -0.4707815E-07

        37      0  0.0000000E+00  0.0000000E+00  0.0000000E+00  0.0000000E+00  0.0000000E+00  0.0000000E+00
        37      1  0.0000000E+00  0.0000000E+00  0.0000000E+00  0.0000000E+00  0.0000000E+00  0.0000000E+00
        37      2 -0.7409594E-03 -0.1883892E-03  0.0000000E+00  0.0000000E+00 -0.1056323E-02 -0.1842077E-08
        37      3 -0.1489336E-02 -0.3737979E-03  0.0000000E+00  0.0000000E+00 -0.4224052E-02 -0.7373698E-08
        37      4 -0.3817090E-02 -0.8903122E-03  0.0000000E+00  0.0000000E+00 -0.2644387E-01 -0.4620352E-07

        38      0  0.0000000E+00  0.0000000E+00  0.0000000E+00  0.0000000E+00  0.0000000E+00  0.0000000E+00
        38      1  0.0000000E+00  0.0000000E+00  0.0000000E+00  0.0000000E+00  0.0000000E+00  0.0000000E+00
        38      2 -0.1506004E-03  0.4727695E-03  0.0000000E+00  0.0000000E+00 -0.1081214E-02 -0.1905092E-08
        38      3 -0.2993241E-03  0.9456727E-03  0.0000000E+00  0.0000000E+00 -0.4330922E-02 -0.7624273E-08
        38      4 -0.6806279E-03  0.2357104E-02  0.0000000E+00  0.0000000E+00 -0.2714052E-01 -0.4770115E-07

        39      0  0.0000000E+00  0.0000000E+00  0.0000000E+00  0.0000000E+00  0.0000000E+00  0.0000000E+00
        39      1  0.0000000E+00  0.0000000E+00  0.0000000E+00  0.0000000E+00  0.0000000E+00  0.0000000E+00
        39      2  0.9327629E-03 -0.4280389E-03  0.0000000E+00  0.0000000E+00 -0.1113020E-02 -0.2037985E-08
        39      3  0.1860892E-02 -0.8577861E-03  0.0000000E+00  0.0000000E+00 -0.4451366E-02 -0.8156605E-08
        39      4  0.4585537E-02 -0.2169481E-02  0.0000000E+00  0.0000000E+00 -0.2786938E-01 -0.5105313E-07

        40      0  0.0000000E+00  0.0000000E+00  0.0000000E+00  0.0000000E+00  0.0000000E+00  0.0000000E+00
        40      1  0.0000000E+00  0.0000000E+00  0.0000000E+00  0.0000000E+00  0.0000000E+00  0.0000000E+00
        40      2 -0.1070799E-02  0.8651114E-04  0.0000000E+00  0.0000000E+00 -0.1139475E-02 -0.2052526E-08
        40      3 -0.2144982E-02  0.1761457E-03  0.0000000E+00  0.0000000E+00 -0.4559043E-02 -0.8217134E-08
        40      4 -0.5402140E-02  0.4885638E-03  0.0000000E+00  0.0000000E+00 -0.2855096E-01 -0.5151619E-07

        41      0  0.0000000E+00  0.0000000E+00  0.0000000E+00  0.0000000E+00  0.0000000E+00  0.0000000E+00
        41      1  0.0000000E+00  0.0000000E+00  0.0000000E+00  0.0000000E+00  0.0000000E+00  0.0000000E+00
        41      2  0.4620455E-03  0.3156576E-03  0.0000000E+00  0.0000000E+00 -0.1164897E-02 -0.2032092E-08
        41      3  0.9271338E-03  0.6300342E-03  0.0000000E+00  0.0000000E+00 -0.4665406E-02 -0.8134552E-08
        41      4  0.2393896E-02  0.1544871E-02  0.0000000E+00  0.0000000E+00 -0.2923457E-01 -0.5096096E-07

        42      0  0.0000000E+00  0.0000000E+00  0.0000000E+00  0.0000000E+00  0.0000000E+00  0.0000000E+00
        42      1  0.0000000E+00  0.0000000E+00  0.0000000E+00  0.0000000E+00  0.0000000E+00  0.0000000E+00
        42      2  0.4631958E-03 -0.4977710E-03  0.0000000E+00  0.0000000E+00 -0.1197324E-02 -0.2140432E-08
        42      3  0.9169342E-03 -0.9953953E-03  0.0000000E+00  0.0000000E+00 -0.4787463E-02 -0.8566708E-08
        42      4  0.2166070E-02 -0.2485885E-02  0.0000000E+00  0.0000000E+00 -0.2996966E-01 -0.5360388E-07

        43      0  0.0000000E+00  0.0000000E+00  0.0000000E+00  0.0000000E+00  0.0000000E+00  0.0000000E+00
        43      1  0.0000000E+00  0.0000000E+00  0.0000000E+00  0.0000000E+00  0.0000000E+00  0.0000000E+00
        43      2 -0.1071331E-02  0.3348522E-03  0.0000000E+00  0.0000000E+00 -0.1222464E-02 -0.2245717E-08
        43      3 -0.2142624E-02  0.6722404E-03  0.0000000E+00  0.0000000E+00 -0.4893656E-02 -0.8990249E-08
        43      4 -0.5338533E-02  0.1719484E-02  0.0000000E+00  0.0000000E+00 -0.3065669E-01 -0.5633026E-07

        44      0  0.0000000E+00  0.0000000E+00  0.0000000E+00  0.0000000E+00  0.0000000E+00  0.0000000E+00
        44      1  0.0000000E+00  0.0000000E+00  0.0000000E+00  0.0000000E+00  0.0000000E+00  0.0000000E+00
        44      2  0.9321776E-03  0.6107207E-04  0.0000000E+00  0.0000000E+00 -0.1249368E-02 -0.2222905E-08
        44      3  0.1867460E-02  0.1195321E-03  0.0000000E+00  0.0000000E+00 -0.5001899E-02 -0.8899794E-08
        44      4  0.4725578E-02  0.2512909E-03  0.0000000E+00  0.0000000E+00 -0.3133704E-01 -0.5580529E-07

        45      0  0.0000000E+00  0.0000000E+00  0.0000000E+00  0.0000000E+00  0.0000000E+00  0.0000000E+00
        45      1  0.0000000E+00  0.0000000E+00  0.0000000E+00  0.0000000E+00  0.0000000E+00  0.0000000E+00
        45      2 -0.1490922E-03 -0.4139039E-03  0.0000000E+00  0.0000000E+00 -0.1280452E-02 -0.2241069E-08
        45      3 -0.3093856E-03 -0.8255799E-03  0.0000000E+00  0.0000000E+00 -0.5120075E-02 -0.8970161E-08
        45      4 -0.9205484E-03 -0.2030650E-02  0.0000000E+00  0.0000000E+00 -0.3205266E-01 -0.5615762E-07

        46      0  0.0000000E+00  0.0000000E+00  0.0000000E+00  0.0000000E+00  0.0000000E+00  0.0000000E+00
        46      1  0.0000000E+00  0.0000000E+00  0.0000000E+00  0.0000000E+00  0.0000000E+00  0.0000000E+00
        46      2 -0.7422848E-03  0.4801116E-03  0.0000000E+00  0.0000000E+00 -0.1305093E-02 -0.2375120E-08
        46      3 -0.1482538E-02  0.9616885E-03  0.0000000E+00  0.0000000E+00 -0.5226315E-02 -0.9506259E-08
        46      4 -0.3642198E-02  0.2422543E-02  0.0000000E+00  0.0000000E+00 -0.3274723E-01 -0.5949173E-07

        47      0  0.0000000E+00  0.0000000E+00  0.0000000E+00  0.0000000E+00  0.0000000E+00  0.0000000E+00
        47      1  0.0000000E+00  0.0000000E+00  0.0000000E+00  0.0000000E+00  0.0000000E+00  0.0000000E+00
        47      2  0.1113989E-02 -0.2123216E-03  0.0000000E+00  0.0000000E+00 -0.1334335E-02 -0.2433772E-08
        47      3  0.2228302E-02 -0.4277438E-03  0.0000000E+00  0.0000000E+00 -0.5339694E-02 -0.9742685E-08
        47      4  0.5572363E-02 -0.1119427E-02  0.0000000E+00  0.0000000E+00 -0.3344406E-01 -0.6105384E-07

        48      0  0.0000000E+00  0.0000000E+00  0.0000000E+00  0.0000000E+00  0.0000000E+00  0.0000000E+00
        48      1  0.0000000E+00  0.0000000E+00  0.0000000E+00  0.0000000E+00  0.0000000E+00  0.0000000E+00
        48      2 -0.7150793E-03 -0.2024434E-03  0.0000000E+00  0.0000000E+00 -0.1362924E-02 -0.2398993E-08
        48      3 -0.1438969E-02 -0.4012977E-03  0.0000000E+00  0.0000000E+00 -0.5451328E-02 -0.9603218E-08
        48      4 -0.3714069E-02 -0.9482965E-03  0.0000000E+00  0.0000000E+00 -0.3413194E-01 -0.6017603E-07

        49      0  0.0000000E+00  0.0000000E+00  0.0000000E+00  0.0000000E+00  0.0000000E+00  0.0000000E+00
        49      1  0.0000000E+00  0.0000000E+00  0.0000000E+00  0.0000000E+00  0.0000000E+00  0.0000000E+00
        49      2 -0.1844264E-03  0.4773872E-03  0.0000000E+00  0.0000000E+00 -0.1387519E-02 -0.2467186E-08
        49      3 -0.3654849E-03  0.9547736E-03  0.0000000E+00  0.0000000E+00 -0.5557097E-02 -0.9874055E-08
        49      4 -0.8196258E-03  0.2377286E-02  0.0000000E+00  0.0000000E+00 -0.3482194E-01 -0.6178025E-07

        50      0  0.0000000E+00  0.0000000E+00  0.0000000E+00  0.0000000E+00  0.0000000E+00  0.0000000E+00
        50      1  0.0000000E+00  0.0000000E+00  0.0000000E+00  0.0000000E+00  0.0000000E+00  0.0000000E+00
        50      2  0.9510508E-03 -0.4200221E-03  0.0000000E+00  0.0000000E+00 -0.1418952E-02 -0.2598410E-08
        50      3  0.1896933E-02 -0.8422031E-03  0.0000000E+00  0.0000000E+00 -0.5676165E-02 -0.1039996E-07
        50      4  0.4664154E-02 -0.2138029E-02  0.0000000E+00  0.0000000E+00 -0.3554280E-01 -0.6510225E-07

        51      0  0.0000000E+00  0.0000000E+00  0.0000000E+00  0.0000000E+00  0.0000000E+00  0.0000000E+00
        51      1  0.0000000E+00  0.0000000E+00  0.0000000E+00  0.0000000E+00  0.0000000E+00  0.0000000E+00
        51      2 -0.1060797E-02  0.7142126E-04  0.0000000E+00  0.0000000E+00 -0.1445223E-02 -0.2608254E-08
        51      3 -0.2125676E-02  0.1466747E-03  0.0000000E+00  0.0000000E+00 -0.5782866E-02 -0.1044202E-07
        51      4 -0.5364810E-02  0.4271554E-03  0.0000000E+00  0.0000000E+00 -0.3621734E-01 -0.6546621E-07

        52      0  0.0000000E+00  0.0000000E+00  0.0000000E+00  0.0000000E+00  0.0000000E+00  0.0000000E+00
        52      1  0.0000000E+00  0.0000000E+00  0.0000000E+00  0.0000000E+00  0.0000000E+00  0.0000000E+00
        52      2  0.4306751E-03  0.3273515E-03  0.0000000E+00  0.0000000E+00 -0.1470308E-02 -0.2590871E-08
        52      3  0.8657930E-03  0.6529701E-03  0.0000000E+00  0.0000000E+00 -0.5888072E-02 -0.1037128E-07
        52      4  0.2266044E-02  0.1593839E-02  0.0000000E+00  0.0000000E+00 -0.3689433E-01 -0.6496938E-07

        53      0  0.0000000E+00  0.0000000E+00  0.0000000E+00  0.0000000E+00  0.0000000E+00  0.0000000E+00
        53      1  0.0000000E+00  0.0000000E+00  0.0000000E+00  0.0000000E+00  0.0000000E+00  0.0000000E+00
        53      2  0.4941027E-03 -0.4979448E-03  0.0000000E+00  0.0000000E+00 -0.1502469E-02 -0.2703004E-08
        53      3  0.9775396E-03 -0.9958593E-03  0.0000000E+00  0.0000000E+00 -0.6009047E-02 -0.1081838E-07
        53      4  0.2294806E-02 -0.2488397E-02  0.0000000E+00  0.0000000E+00 -0.3762260E-01 -0.6769397E-07

        54      0  0.0000000E+00  0.0000000E+00  0.0000000E+00  0.0000000E+00  0.0000000E+00  0.0000000E+00
        54      1  0.0000000E+00  0.0000000E+00  0.0000000E+00  0.0000000E+00  0.0000000E+00  0.0000000E+00
        54      2 -0.1080272E-02  0.3233729E-03  0.0000000E+00  0.0000000E+00 -0.1527370E-02 -0.2804126E-08
        54      3 -0.2160262E-02  0.6498613E-03  0.0000000E+00  0.0000000E+00 -0.6114116E-02 -0.1122574E-07
        54      4 -0.5378084E-02  0.1673523E-02  0.0000000E+00  0.0000000E+00 -0.3830207E-01 -0.7033895E-07

        55      0  0.0000000E+00  0.0000000E+00  0.0000000E+00  0.0000000E+00  0.0000000E+00  0.0000000E+00
        55      1  0.0000000E+00  0.0000000E+00  0.0000000E+00  0.0000000E+00  0.0000000E+00  0.0000000E+00
        55      2  0.9129771E-03  0.7623237E-04  0.0000000E+00  0.0000000E+00 -0.1553881E-02 -0.2778766E-08
        55      3  0.1830019E-02  0.1492141E-03  0.0000000E+00  0.0000000E+00 -0.6221029E-02 -0.1112523E-07
        55      4  0.4649298E-02  0.3138167E-03  0.0000000E+00  0.0000000E+00 -0.3897503E-01 -0.6975746E-07

        56      0  0.0000000E+00  0.0000000E+00  0.0000000E+00  0.0000000E+00  0.0000000E+00  0.0000000E+00
        56      1  0.0000000E+00  0.0000000E+00  0.0000000E+00  0.0000000E+00  0.0000000E+00  0.0000000E+00
        56      2 -0.1151316E-03 -0.4222046E-03  0.0000000E+00  0.0000000E+00 -0.1584796E-02 -0.2801858E-08
        56      3 -0.2430447E-03 -0.8419078E-03  0.0000000E+00  0.0000000E+00 -0.6338379E-02 -0.1121484E-07
        56      4 -0.7822358E-03 -0.2066125E-02  0.0000000E+00  0.0000000E+00 -0.3968478E-01 -0.7020892E-07

        57      0  0.0000000E+00  0.0000000E+00  0.0000000E+00  0.0000000E+00  0.0000000E+00  0.0000000E+00
        57      1  0.0000000E+00  0.0000000E+00  0.0000000E+00  0.0000000E+00  0.0000000E+00  0.0000000E+00
        57      2 -0.7674388E-03  0.4757839E-03  0.0000000E+00  0.0000000E+00 -0.1609165E-02 -0.2937014E-08
        57      3 -0.1531787E-02  0.9533094E-03  0.0000000E+00  0.0000000E+00 -0.6443482E-02 -0.1175542E-07
        57      4 -0.3747006E-02  0.2406298E-02  0.0000000E+00  0.0000000E+00 -0.4037211E-01 -0.7357164E-07

        58      0  0.0000000E+00  0.0000000E+00  0.0000000E+00  0.0000000E+00  0.0000000E+00  0.0000000E+00
        58      1  0.0000000E+00  0.0000000E+00  0.0000000E+00  0.0000000E+00  0.0000000E+00  0.0000000E+00
        58      2  0.1112920E-02 -0.1983815E-03  0.0000000E+00  0.0000000E+00 -0.1637987E-02 -0.2990414E-08
        58      3  0.2226468E-02 -0.4005162E-03  0.0000000E+00  0.0000000E+00 -0.6555398E-02 -0.1197130E-07
        58      4  0.5572048E-02 -0.1062932E-02  0.0000000E+00  0.0000000E+00 -0.4106079E-01 -0.7502627E-07

        59      0  0.0000000E+00  0.0000000E+00  0.0000000E+00  0.0000000E+00  0.0000000E+00  0.0000000E+00
        59      1  0.0000000E+00  0.0000000E+00  0.0000000E+00  0.0000000E+00  0.0000000E+00  0.0000000E+00
        59      2 -0.6885261E-03 -0.2163070E-03  0.0000000E+00  0.0000000E+00 -0.1666435E-02 -0.2956078E-08
        59      3 -0.1387310E-02 -0.4284368E-03  0.0000000E+00  0.0000000E+00 -0.6666237E-02 -0.1183339E-07
        59      4 -0.3608724E-02 -0.1005683E-02  0.0000000E+00  0.0000000E+00 -0.4174263E-01 -0.7415072E-07

        60      0  0.0000000E+00  0.0000000E+00  0.0000000E+00  0.0000000E+00  0.0000000E+00  0.0000000E+00
        60      1  0.0000000E+00  0.0000000E+00  0.0000000E+00  0.0000000E+00  0.0000000E+00  0.0000000E+00
        60      2 -0.2180773E-03  0.4815548E-03  0.0000000E+00  0.0000000E+00 -0.1690739E-02 -0.3029384E-08
        60      3 -0.4313113E-03  0.9630143E-03  0.0000000E+00  0.0000000E+00 -0.6770914E-02 -0.1212424E-07
        60      4 -0.9580800E-03  0.2395965E-02  0.0000000E+00  0.0000000E+00 -0.4242603E-01 -0.7586068E-07

        61      0  0.0000000E+00  0.0000000E+00  0.0000000E+00  0.0000000E+00  0.0000000E+00  0.0000000E+00
        61      1  0.0000000E+00  0.0000000E+00  0.0000000E+00  0.0000000E+00  0.0000000E+00  0.0000000E+00
        61      2  0.9684403E-03 -0.4116088E-03  0.0000000E+00  0.0000000E+00 -0.1721796E-02 -0.3158637E-08
        61      3  0.1931258E-02 -0.8258593E-03  0.0000000E+00  0.0000000E+00 -0.6888607E-02 -0.1264255E-07
        61      4  0.4739795E-02 -0.2105218E-02  0.0000000E+00  0.0000000E+00 -0.4313894E-01 -0.7914746E-07

        62      0  0.0000000E+00  0.0000000E+00  0.0000000E+00  0.0000000E+00  0.0000000E+00  0.0000000E+00
        62      1  0.0000000E+00  0.0000000E+00  0.0000000E+00  0.0000000E+00  0.0000000E+00  0.0000000E+00
        62      2 -0.1049798E-02  0.5626446E-04  0.0000000E+00  0.0000000E+00 -0.1747889E-02 -0.3163937E-08
        62      3 -0.2104470E-02  0.1170734E-03  0.0000000E+00  0.0000000E+00 -0.6994352E-02 -0.1266674E-07
        62      4 -0.5324154E-02  0.3654869E-03  0.0000000E+00  0.0000000E+00 -0.4380656E-01 -0.7941462E-07

        63      0  0.0000000E+00  0.0000000E+00  0.0000000E+00  0.0000000E+00  0.0000000E+00  0.0000000E+00
        63      1  0.0000000E+00  0.0000000E+00  0.0000000E+00  0.0000000E+00  0.0000000E+00  0.0000000E+00
        63      2  0.3988991E-03  0.3387366E-03  0.0000000E+00  0.0000000E+00 -0.1772643E-02 -0.3149862E-08
        63      3  0.8036743E-03  0.6753168E-03  0.0000000E+00  0.0000000E+00 -0.7098422E-02 -0.1260882E-07
        63      4  0.2136769E-02  0.1641794E-02  0.0000000E+00  0.0000000E+00 -0.4447702E-01 -0.7898060E-07

        64      0  0.0000000E+00  0.0000000E+00  0.0000000E+00  0.0000000E+00  0.0000000E+00  0.0000000E+00
        64      1  0.0000000E+00  0.0000000E+00  0.0000000E+00  0.0000000E+00  0.0000000E+00  0.0000000E+00
        64      2  0.5245446E-03 -0.4976491E-03  0.0000000E+00  0.0000000E+00 -0.1804534E-02 -0.3265557E-08
        64      3  0.1037267E-02 -0.9954263E-03  0.0000000E+00  0.0000000E+00 -0.7218308E-02 -0.1306998E-07
        64      4  0.2422102E-02 -0.2489336E-02  0.0000000E+00  0.0000000E+00 -0.4519849E-01 -0.8178310E-07

        65      0  0.0000000E+00  0.0000000E+00  0.0000000E+00  0.0000000E+00  0.0000000E+00  0.0000000E+00
        65      1  0.0000000E+00  0.0000000E+00  0.0000000E+00  0.0000000E+00  0.0000000E+00  0.0000000E+00
        65      2 -0.1088198E-02  0.3115895E-03  0.0000000E+00  0.0000000E+00 -0.1829202E-02 -0.3362326E-08
        65      3 -0.2175967E-02  0.6269000E-03  0.0000000E+00  0.0000000E+00 -0.7322269E-02 -0.1346043E-07
        65      4 -0.5414292E-02  0.1626520E-02  0.0000000E+00  0.0000000E+00 -0.4587048E-01 -0.8434323E-07

        66      0  0.0000000E+00  0.0000000E+00  0.0000000E+00  0.0000000E+00  0.0000000E+00  0.0000000E+00
        66      1  0.0000000E+00  0.0000000E+00  0.0000000E+00  0.0000000E+00  0.0000000E+00  0.0000000E+00
        66      2  0.8929139E-03  0.9132085E-04  0.0000000E+00  0.0000000E+00 -0.1855326E-02 -0.3334704E-08
        66      3  0.1790922E-02  0.1787618E-03  0.0000000E+00  0.0000000E+00 -0.7427874E-02 -0.1335095E-07
        66      4  0.4570046E-02  0.3761429E-03  0.0000000E+00  0.0000000E+00 -0.4653617E-01 -0.8370987E-07

        67      0  0.0000000E+00  0.0000000E+00  0.0000000E+00  0.0000000E+00  0.0000000E+00  0.0000000E+00
        67      1  0.0000000E+00  0.0000000E+00  0.0000000E+00  0.0000000E+00  0.0000000E+00  0.0000000E+00
        67      2 -0.8106143E-04 -0.4301076E-03  0.0000000E+00  0.0000000E+00 -0.1886070E-02 -0.3362831E-08
        67      3 -0.1764806E-03 -0.8574789E-03  0.0000000E+00  0.0000000E+00 -0.7544401E-02 -0.1346022E-07
        67      4 -0.6434138E-03 -0.2100302E-02  0.0000000E+00  0.0000000E+00 -0.4724010E-01 -0.8426250E-07

        68      0  0.0000000E+00  0.0000000E+00  0.0000000E+00  0.0000000E+00  0.0000000E+00  0.0000000E+00
        68      1  0.0000000E+00  0.0000000E+00  0.0000000E+00  0.0000000E+00  0.0000000E+00  0.0000000E+00
        68      2 -0.7918702E-03  0.4710083E-03  0.0000000E+00  0.0000000E+00 -0.1910172E-02 -0.3498774E-08
        68      3 -0.1579658E-02  0.9440737E-03  0.0000000E+00  0.0000000E+00 -0.7648375E-02 -0.1400406E-07
        68      4 -0.3849454E-02  0.2388542E-02  0.0000000E+00  0.0000000E+00 -0.4792025E-01 -0.8764860E-07

        69      0  0.0000000E+00  0.0000000E+00  0.0000000E+00  0.0000000E+00  0.0000000E+00  0.0000000E+00
        69      1  0.0000000E+00  0.0000000E+00  0.0000000E+00  0.0000000E+00  0.0000000E+00  0.0000000E+00
        69      2  0.1110799E-02 -0.1842539E-03  0.0000000E+00  0.0000000E+00 -0.1938577E-02 -0.3546912E-08
        69      3  0.2222616E-02 -0.3729259E-03  0.0000000E+00  0.0000000E+00 -0.7758843E-02 -0.1419936E-07
        69      4  0.5568157E-02 -0.1005759E-02  0.0000000E+00  0.0000000E+00 -0.4860087E-01 -0.8899528E-07

        70      0  0.0000000E+00  0.0000000E+00  0.0000000E+00  0.0000000E+00  0.0000000E+00  0.0000000E+00
        70      1  0.0000000E+00  0.0000000E+00  0.0000000E+00  0.0000000E+00  0.0000000E+00  0.0000000E+00
        70      2 -0.6613250E-03 -0.2299669E-03  0.0000000E+00  0.0000000E+00 -0.1966887E-02 -0.3513341E-08
        70      3 -0.1334405E-02 -0.4551908E-03  0.0000000E+00  0.0000000E+00 -0.7868902E-02 -0.1406423E-07
        70      4 -0.3501122E-02 -0.1062435E-02  0.0000000E+00  0.0000000E+00 -0.4927678E-01 -0.8812741E-07

        71      0  0.0000000E+00  0.0000000E+00  0.0000000E+00  0.0000000E+00  0.0000000E+00  0.0000000E+00
        71      1  0.0000000E+00  0.0000000E+00  0.0000000E+00  0.0000000E+00  0.0000000E+00  0.0000000E+00
        71      2 -0.2515213E-03  0.4852685E-03  0.0000000E+00  0.0000000E+00 -0.1990903E-02 -0.3591675E-08
        71      3 -0.4967443E-03  0.9703875E-03  0.0000000E+00  0.0000000E+00 -0.7972499E-02 -0.1437479E-07
        71      4 -0.1095903E-02  0.2413129E-02  0.0000000E+00  0.0000000E+00 -0.4995364E-01 -0.8994201E-07

        72      0  0.0000000E+00  0.0000000E+00  0.0000000E+00  0.0000000E+00  0.0000000E+00  0.0000000E+00
        72      1  0.0000000E+00  0.0000000E+00  0.0000000E+00  0.0000000E+00  0.0000000E+00  0.0000000E+00
        72      2  0.9849149E-03 -0.4028069E-03  0.0000000E+00  0.0000000E+00 -0.2021583E-02 -0.3718661E-08
        72      3  0.1963836E-02 -0.8087696E-03  0.0000000E+00  0.0000000E+00 -0.8088815E-02 -0.1488437E-07
        72      4  0.4812408E-02 -0.2071068E-02  0.0000000E+00  0.0000000E+00 -0.5065863E-01 -0.9318842E-07

        73      0  0.0000000E+00  0.0000000E+00  0.0000000E+00  0.0000000E+00  0.0000000E+00  0.0000000E+00
        73      1  0.0000000E+00  0.0000000E+00  0.0000000E+00  0.0000000E+00  0.0000000E+00  0.0000000E+00
        73      2 -0.1037813E-02  0.4105502E-04  0.0000000E+00  0.0000000E+00 -0.2047503E-02 -0.3719589E-08
        73      3 -0.2081382E-02  0.8736825E-04  0.0000000E+00  0.0000000E+00 -0.8193627E-02 -0.1489132E-07
        73      4 -0.5280195E-02  0.3035975E-03  0.0000000E+00  0.0000000E+00 -0.5131945E-01 -0.9336127E-07

        74      0  0.0000000E+00  0.0000000E+00  0.0000000E+00  0.0000000E+00  0.0000000E+00  0.0000000E+00
        74      1  0.0000000E+00  0.0000000E+00  0.0000000E+00  0.0000000E+00  0.0000000E+00  0.0000000E+00
        74      2  0.3667477E-03  0.3498020E-03  0.0000000E+00  0.0000000E+00 -0.2071933E-02 -0.3709066E-08
        74      3  0.7408340E-03  0.6970540E-03  0.0000000E+00  0.0000000E+00 -0.8296577E-02 -0.1484716E-07
        74      4  0.2006155E-02  0.1688706E-02  0.0000000E+00  0.0000000E+00 -0.5198346E-01 -0.9299433E-07

        75      0  0.0000000E+00  0.0000000E+00  0.0000000E+00  0.0000000E+00  0.0000000E+00  0.0000000E+00
        75      1  0.0000000E+00  0.0000000E+00  0.0000000E+00  0.0000000E+00  0.0000000E+00  0.0000000E+00
        75      2  0.5544926E-03 -0.4968842E-03  0.0000000E+00  0.0000000E+00 -0.2103550E-02 -0.3828078E-08
        75      3  0.1096062E-02 -0.9940964E-03  0.0000000E+00  0.0000000E+00 -0.8415369E-02 -0.1532145E-07
        75      4  0.2547873E-02 -0.2488702E-02  0.0000000E+00  0.0000000E+00 -0.5269815E-01 -0.9587080E-07

        76      0  0.0000000E+00  0.0000000E+00  0.0000000E+00  0.0000000E+00  0.0000000E+00  0.0000000E+00
        76      1  0.0000000E+00  0.0000000E+00  0.0000000E+00  0.0000000E+00  0.0000000E+00  0.0000000E+00
        76      2 -0.1095101E-02  0.2995132E-03  0.0000000E+00  0.0000000E+00 -0.2127990E-02 -0.3920320E-08
        76      3 -0.2189725E-02  0.6033772E-03  0.0000000E+00  0.0000000E+00 -0.8518238E-02 -0.1569432E-07
        76      4 -0.5447134E-02  0.1578504E-02  0.0000000E+00  0.0000000E+00 -0.5336275E-01 -0.9834282E-07

        77      0  0.0000000E+00  0.0000000E+00  0.0000000E+00  0.0000000E+00  0.0000000E+00  0.0000000E+00
        77      1  0.0000000E+00  0.0000000E+00  0.0000000E+00  0.0000000E+00  0.0000000E+00  0.0000000E+00
        77      2  0.8720070E-03  0.1063233E-03  0.0000000E+00  0.0000000E+00 -0.2153733E-02 -0.3890733E-08
        77      3  0.1750205E-02  0.2081485E-03  0.0000000E+00  0.0000000E+00 -0.8622557E-02 -0.1557700E-07
        77      4  0.4487875E-02  0.4382294E-03  0.0000000E+00  0.0000000E+00 -0.5402130E-01 -0.9766237E-07

        78      0  0.0000000E+00  0.0000000E+00  0.0000000E+00  0.0000000E+00  0.0000000E+00  0.0000000E+00
        78      1  0.0000000E+00  0.0000000E+00  0.0000000E+00  0.0000000E+00  0.0000000E+00  0.0000000E+00
        78      2 -0.4691358E-04 -0.4376057E-03  0.0000000E+00  0.0000000E+00 -0.2184305E-02 -0.3923979E-08
        78      3 -0.1097531E-03 -0.8722793E-03  0.0000000E+00  0.0000000E+00 -0.8738264E-02 -0.1570626E-07
        78      4 -0.5041702E-03 -0.2133157E-02  0.0000000E+00  0.0000000E+00 -0.5471946E-01 -0.9831796E-07

        79      0  0.0000000E+00  0.0000000E+00  0.0000000E+00  0.0000000E+00  0.0000000E+00  0.0000000E+00
        79      1  0.0000000E+00  0.0000000E+00  0.0000000E+00  0.0000000E+00  0.0000000E+00  0.0000000E+00
        79      2 -0.8155560E-03  0.4657892E-03  0.0000000E+00  0.0000000E+00 -0.2208145E-02 -0.4060389E-08
        79      3 -0.1626109E-02  0.9339900E-03  0.0000000E+00  0.0000000E+00 -0.8841119E-02 -0.1625216E-07
        79      4 -0.3949477E-02  0.2369286E-02  0.0000000E+00  0.0000000E+00 -0.5539248E-01 -0.1017221E-06

        80      0  0.0000000E+00  0.0000000E+00  0.0000000E+00  0.0000000E+00  0.0000000E+00  0.0000000E+00
        80      1  0.0000000E+00  0.0000000E+00  0.0000000E+00  0.0000000E+00  0.0000000E+00  0.0000000E+00
        80      2  0.1107627E-02 -0.1699520E-03  0.0000000E+00  0.0000000E+00 -0.2236135E-02 -0.4103276E-08
        80      3  0.2216749E-02 -0.3449978E-03  0.0000000E+00  0.0000000E+00 -0.8950153E-02 -0.1642690E-07
        80      4  0.5560693E-02 -0.9479430E-03  0.0000000E+00  0.0000000E+00 -0.5606513E-01 -0.1029607E-06

        81      0  0.0000000E+00  0.0000000E+00  0.0000000E+00  0.0000000E+00  0.0000000E+00  0.0000000E+00
        81      1  0.0000000E+00  0.0000000E+00  0.0000000E+00  0.0000000E+00  0.0000000E+00  0.0000000E+00
        81      2 -0.6335012E-03 -0.2434103E-03  0.0000000E+00  0.0000000E+00 -0.2264310E-02 -0.4070788E-08
        81      3 -0.1280303E-02 -0.4815357E-03  0.0000000E+00  0.0000000E+00 -0.9059447E-02 -0.1629577E-07
        81      4 -0.3391329E-02 -0.1118517E-02  0.0000000E+00  0.0000000E+00 -0.5673521E-01 -0.1021059E-06

        82      0  0.0000000E+00  0.0000000E+00  0.0000000E+00  0.0000000E+00  0.0000000E+00  0.0000000E+00
        82      1  0.0000000E+00  0.0000000E+00  0.0000000E+00  0.0000000E+00  0.0000000E+00  0.0000000E+00
        82      2 -0.2847269E-03  0.4885246E-03  0.0000000E+00  0.0000000E+00 -0.2288043E-02 -0.4154048E-08
        82      3 -0.5617249E-03  0.9768867E-03  0.0000000E+00  0.0000000E+00 -0.9161973E-02 -0.1662566E-07
        82      4 -0.1233006E-02  0.2428767E-02  0.0000000E+00  0.0000000E+00 -0.5740558E-01 -0.1040237E-06

        83      0  0.0000000E+00  0.0000000E+00  0.0000000E+00  0.0000000E+00  0.0000000E+00  0.0000000E+00
        83      1  0.0000000E+00  0.0000000E+00  0.0000000E+00  0.0000000E+00  0.0000000E+00  0.0000000E+00
        83      2  0.1000459E-02 -0.3936247E-03  0.0000000E+00  0.0000000E+00 -0.2318345E-02 -0.4278478E-08
        83      3  0.1994638E-02 -0.7909491E-03  0.0000000E+00  0.0000000E+00 -0.9276915E-02 -0.1712540E-07
        83      4  0.4881946E-02 -0.2035601E-02  0.0000000E+00  0.0000000E+00 -0.5810270E-01 -0.1072247E-06

        84      0  0.0000000E+00  0.0000000E+00  0.0000000E+00  0.0000000E+00  0.0000000E+00  0.0000000E+00
        84      1  0.0000000E+00  0.0000000E+00  0.0000000E+00  0.0000000E+00  0.0000000E+00  0.0000000E+00
        84      2 -0.1024853E-02  0.2580724E-04  0.0000000E+00  0.0000000E+00 -0.2344098E-02 -0.4275222E-08
        84      3 -0.2056432E-02  0.5758595E-04  0.0000000E+00  0.0000000E+00 -0.9380815E-02 -0.1711582E-07
        84      4 -0.5232962E-02  0.2415261E-03  0.0000000E+00  0.0000000E+00 -0.5875683E-01 -0.1073060E-06

        85      0  0.0000000E+00  0.0000000E+00  0.0000000E+00  0.0000000E+00  0.0000000E+00  0.0000000E+00
        85      1  0.0000000E+00  0.0000000E+00  0.0000000E+00  0.0000000E+00  0.0000000E+00  0.0000000E+00
        85      2  0.3342512E-03  0.3605374E-03  0.0000000E+00  0.0000000E+00 -0.2368208E-02 -0.4268483E-08
        85      3  0.6773291E-03  0.7181622E-03  0.0000000E+00  0.0000000E+00 -0.9482662E-02 -0.1708631E-07
        85      4  0.1874287E-02  0.1734544E-02  0.0000000E+00  0.0000000E+00 -0.5941450E-01 -0.1070102E-06

        86      0  0.0000000E+00  0.0000000E+00  0.0000000E+00  0.0000000E+00  0.0000000E+00  0.0000000E+00
        86      1  0.0000000E+00  0.0000000E+00  0.0000000E+00  0.0000000E+00  0.0000000E+00  0.0000000E+00
        86      2  0.5839183E-03 -0.4956508E-03  0.0000000E+00  0.0000000E+00 -0.2399548E-02 -0.4390553E-08
        86      3  0.1153872E-02 -0.9918708E-03  0.0000000E+00  0.0000000E+00 -0.9600354E-02 -0.1757275E-07
        86      4  0.2672039E-02 -0.2486495E-02  0.0000000E+00  0.0000000E+00 -0.6012242E-01 -0.1099565E-06

        87      0  0.0000000E+00  0.0000000E+00  0.0000000E+00  0.0000000E+00  0.0000000E+00  0.0000000E+00
        87      1  0.0000000E+00  0.0000000E+00  0.0000000E+00  0.0000000E+00  0.0000000E+00  0.0000000E+00
        87      2 -0.1100976E-02  0.2871554E-03  0.0000000E+00  0.0000000E+00 -0.2423767E-02 -0.4478114E-08
        87      3 -0.2201524E-02  0.5793141E-03  0.0000000E+00  0.0000000E+00 -0.9702148E-02 -0.1792742E-07
        87      4 -0.5476592E-02  0.1529506E-02  0.0000000E+00  0.0000000E+00 -0.6077972E-01 -0.1123374E-06

        88      0  0.0000000E+00  0.0000000E+00  0.0000000E+00  0.0000000E+00  0.0000000E+00  0.0000000E+00
        88      1  0.0000000E+00  0.0000000E+00  0.0000000E+00  0.0000000E+00  0.0000000E+00  0.0000000E+00
        88      2  0.8502763E-03  0.1212254E-03  0.0000000E+00  0.0000000E+00 -0.2449134E-02 -0.4446864E-08
        88      3  0.1707905E-02  0.2373475E-03  0.0000000E+00  0.0000000E+00 -0.9805202E-02 -0.1780342E-07
        88      4  0.4402839E-02  0.5000362E-03  0.0000000E+00  0.0000000E+00 -0.6143123E-01 -0.1116147E-06

        89      0  0.0000000E+00  0.0000000E+00  0.0000000E+00  0.0000000E+00  0.0000000E+00  0.0000000E+00
        89      1  0.0000000E+00  0.0000000E+00  0.0000000E+00  0.0000000E+00  0.0000000E+00  0.0000000E+00
        89      2 -0.1272027E-04 -0.4446915E-03  0.0000000E+00  0.0000000E+00 -0.2479532E-02 -0.4485295E-08
        89      3 -0.4292227E-04 -0.8862955E-03  0.0000000E+00  0.0000000E+00 -0.9920089E-02 -0.1795294E-07
        89      4 -0.3645933E-03 -0.2164671E-02  0.0000000E+00  0.0000000E+00 -0.6212368E-01 -0.1123748E-06

        90      0  0.0000000E+00  0.0000000E+00  0.0000000E+00  0.0000000E+00  0.0000000E+00  0.0000000E+00
        90      1  0.0000000E+00  0.0000000E+00  0.0000000E+00  0.0000000E+00  0.0000000E+00  0.0000000E+00
        90      2 -0.8384740E-03  0.4601316E-03  0.0000000E+00  0.0000000E+00 -0.2503114E-02 -0.4621851E-08
        90      3 -0.1671100E-02  0.9230674E-03  0.0000000E+00  0.0000000E+00 -0.1002183E-01 -0.1849966E-07
        90      4 -0.4047016E-02  0.2348543E-02  0.0000000E+00  0.0000000E+00 -0.6278961E-01 -0.1157917E-06

        91      0  0.0000000E+00  0.0000000E+00  0.0000000E+00  0.0000000E+00  0.0000000E+00  0.0000000E+00
        91      1  0.0000000E+00  0.0000000E+00  0.0000000E+00  0.0000000E+00  0.0000000E+00  0.0000000E+00
        91      2  0.1103408E-02 -0.1554895E-03  0.0000000E+00  0.0000000E+00 -0.2530692E-02 -0.4659517E-08
        91      3  0.2208873E-02 -0.3167571E-03  0.0000000E+00  0.0000000E+00 -0.1012945E-01 -0.1865395E-07
        91      4  0.5549663E-02 -0.8895222E-03  0.0000000E+00  0.0000000E+00 -0.6345439E-01 -0.1169221E-06

        92      0  0.0000000E+00  0.0000000E+00  0.0000000E+00  0.0000000E+00  0.0000000E+00  0.0000000E+00
        92      1  0.0000000E+00  0.0000000E+00  0.0000000E+00  0.0000000E+00  0.0000000E+00  0.0000000E+00
        92      2 -0.6050810E-03 -0.2566246E-03  0.0000000E+00  0.0000000E+00 -0.2558735E-02 -0.4628426E-08
        92      3 -0.1225050E-02 -0.5074479E-03  0.0000000E+00  0.0000000E+00 -0.1023799E-01 -0.1852804E-07
        92      4 -0.3279414E-02 -0.1173895E-02  0.0000000E+00  0.0000000E+00 -0.6411876E-01 -0.1160858E-06

        93      0  0.0000000E+00  0.0000000E+00  0.0000000E+00  0.0000000E+00  0.0000000E+00  0.0000000E+00
        93      1  0.0000000E+00  0.0000000E+00  0.0000000E+00  0.0000000E+00  0.0000000E+00  0.0000000E+00
        93      2 -0.3176630E-03  0.4913203E-03  0.0000000E+00  0.0000000E+00 -0.2582188E-02 -0.4716489E-08
        93      3 -0.6261947E-03  0.9825062E-03  0.0000000E+00  0.0000000E+00 -0.1033946E-01 -0.1887679E-07
        93      4 -0.1369303E-02  0.2442871E-02  0.0000000E+00  0.0000000E+00 -0.6478269E-01 -0.1181053E-06

        94      0  0.0000000E+00  0.0000000E+00  0.0000000E+00  0.0000000E+00  0.0000000E+00  0.0000000E+00
        94      1  0.0000000E+00  0.0000000E+00  0.0000000E+00  0.0000000E+00  0.0000000E+00  0.0000000E+00
        94      2  0.1015058E-02 -0.3840708E-03  0.0000000E+00  0.0000000E+00 -0.2612111E-02 -0.4838087E-08
        94      3  0.2023634E-02 -0.7724140E-03  0.0000000E+00  0.0000000E+00 -0.1045303E-01 -0.1936562E-07
        94      4  0.4948364E-02 -0.1998839E-02  0.0000000E+00  0.0000000E+00 -0.6547199E-01 -0.1212559E-06

        95      0  0.0000000E+00  0.0000000E+00  0.0000000E+00  0.0000000E+00  0.0000000E+00  0.0000000E+00
        95      1  0.0000000E+00  0.0000000E+00  0.0000000E+00  0.0000000E+00  0.0000000E+00  0.0000000E+00
        95      2 -0.1010930E-02  0.1053545E-04  0.0000000E+00  0.0000000E+00 -0.2637703E-02 -0.4830851E-08
        95      3 -0.2029643E-02  0.2775322E-04  0.0000000E+00  0.0000000E+00 -0.1055604E-01 -0.1934028E-07
        95      4 -0.5182485E-02  0.1793120E-03  0.0000000E+00  0.0000000E+00 -0.6611954E-01 -0.1212486E-06

        96      0  0.0000000E+00  0.0000000E+00  0.0000000E+00  0.0000000E+00  0.0000000E+00  0.0000000E+00
        96      1  0.0000000E+00  0.0000000E+00  0.0000000E+00  0.0000000E+00  0.0000000E+00  0.0000000E+00
        96      2  0.3014405E-03  0.3709325E-03  0.0000000E+00  0.0000000E+00 -0.2661499E-02 -0.4828111E-08
        96      3  0.6132175E-03  0.7386223E-03  0.0000000E+00  0.0000000E+00 -0.1065680E-01 -0.1932626E-07
        96      4  0.1741250E-02  0.1779279E-02  0.0000000E+00  0.0000000E+00 -0.6677095E-01 -0.1210279E-06

        97      0  0.0000000E+00  0.0000000E+00  0.0000000E+00  0.0000000E+00  0.0000000E+00  0.0000000E+00
        97      1  0.0000000E+00  0.0000000E+00  0.0000000E+00  0.0000000E+00  0.0000000E+00  0.0000000E+00
        97      2  0.6127939E-03 -0.4939500E-03  0.0000000E+00  0.0000000E+00 -0.2692559E-02 -0.4952971E-08
        97      3  0.1210644E-02 -0.9887514E-03  0.0000000E+00  0.0000000E+00 -0.1077338E-01 -0.1982383E-07
        97      4  0.2794519E-02 -0.2482716E-02  0.0000000E+00  0.0000000E+00 -0.6747213E-01 -0.1240397E-06

        98      0  0.0000000E+00  0.0000000E+00  0.0000000E+00  0.0000000E+00  0.0000000E+00  0.0000000E+00
        98      1  0.0000000E+00  0.0000000E+00  0.0000000E+00  0.0000000E+00  0.0000000E+00  0.0000000E+00
        98      2 -0.1105816E-02  0.2745276E-03  0.0000000E+00  0.0000000E+00 -0.2716560E-02 -0.5035711E-08
        98      3 -0.2211355E-02  0.5547325E-03  0.0000000E+00  0.0000000E+00 -0.1087412E-01 -0.2015976E-07
        98      4 -0.5502648E-02  0.1479558E-02  0.0000000E+00  0.0000000E+00 -0.6812221E-01 -0.1263266E-06

        99      0  0.0000000E+00  0.0000000E+00  0.0000000E+00  0.0000000E+00  0.0000000E+00  0.0000000E+00
        99      1  0.0000000E+00  0.0000000E+00  0.0000000E+00  0.0000000E+00  0.0000000E+00  0.0000000E+00
        99      2  0.8277424E-03  0.1360133E-03  0.0000000E+00  0.0000000E+00 -0.2741558E-02 -0.5003107E-08
        99      3  0.1664060E-02  0.2663325E-03  0.0000000E+00  0.0000000E+00 -0.1097593E-01 -0.2003025E-07
        99      4  0.4314995E-02  0.5615235E-03  0.0000000E+00  0.0000000E+00 -0.6876680E-01 -0.1255667E-06

       100      0  0.0000000E+00  0.0000000E+00  0.0000000E+00  0.0000000E+00  0.0000000E+00  0.0000000E+00
       100      1  0.0000000E+00  0.0000000E+00  0.0000000E+00  0.0000000E+00  0.0000000E+00  0.0000000E+00
       100      2  0.2148631E-04 -0.4513586E-03  0.0000000E+00  0.0000000E+00 -0.2771781E-02 -0.5046771E-08
       100      3  0.2395187E-04 -0.8995149E-03  0.0000000E+00  0.0000000E+00 -0.1109000E-01 -0.2020023E-07
       100      4 -0.2247718E-03 -0.2194823E-02  0.0000000E+00  0.0000000E+00 -0.6945359E-01 -0.1264326E-06
