# number of spin vectors:       5
# iteration vector   S_X            S_Y            S_Z
         0      0  0.0000000E+00  0.0000000E+00  0.0000000E+00
         0      1  0.0000000E+00  0.0000000E+00  0.1000000E+01
         0      2  0.0000000E+00  0.0000000E+00  0.1000000E+01
         0      3  0.0000000E+00  0.0000000E+00  0.1000000E+01
         0      4  0.0000000E+00  0.0000000E+00  0.1000000E+01

         1      0  0.0000000E+00  0.0000000E+00  0.0000000E+00
         1      1 -0.8730182E-04  0.0000000E+00  0.1000000E+01
         1      2 -0.4015723E-03  0.0000000E+00  0.9999999E+00
         1      3 -0.7153017E-03  0.0000000E+00  0.9999997E+00
         1      4 -0.1653010E-02  0.0000000E+00  0.9999986E+00

         2      0  0.0000000E+00  0.0000000E+00  0.0000000E+00
         2      1 -0.1746036E-03  0.0000000E+00  0.1000000E+01
         2      2  0.2369501E-03  0.0000000E+00  0.1000000E+01
         2      3  0.6485167E-03  0.0000000E+00  0.9999998E+00
         2      4  0.1883335E-02  0.0000000E+00  0.9999982E+00

         3      0  0.0000000E+00  0.0000000E+00  0.0000000E+00
         3      1 -0.2619055E-03  0.0000000E+00  0.1000000E+01
         3      2 -0.4845120E-03  0.0000000E+00  0.9999999E+00
         3      3 -0.7087798E-03  0.0000000E+00  0.9999997E+00
         3      4 -0.1392084E-02  0.0000000E+00  0.9999990E+00

         4      0  0.0000000E+00  0.0000000E+00  0.0000000E+00
         4      1 -0.3492073E-03  0.0000000E+00  0.9999999E+00
         4      2 -0.4702888E-03  0.0000000E+00  0.9999999E+00
         4      3 -0.5913533E-03  0.0000000E+00  0.9999998E+00
         4      4 -0.9538141E-03  0.0000000E+00  0.9999995E+00

         5      0  0.0000000E+00  0.0000000E+00  0.0000000E+00
         5      1 -0.4365091E-03  0.0000000E+00  0.9999999E+00
         5      2 -0.5607879E-04  0.0000000E+00  0.1000000E+01
         5      3  0.3236198E-03  0.0000000E+00  0.9999999E+00
         5      4  0.1457863E-02  0.0000000E+00  0.9999989E+00

         6      0  0.0000000E+00  0.0000000E+00  0.0000000E+00
         6      1 -0.5238109E-03  0.0000000E+00  0.9999999E+00
         6      2 -0.9002024E-03  0.0000000E+00  0.9999996E+00
         6      3 -0.1279231E-02  0.0000000E+00  0.9999992E+00
         6      4 -0.2432691E-02  0.0000000E+00  0.9999970E+00

         7      0  0.0000000E+00  0.0000000E+00  0.0000000E+00
         7      1 -0.6111127E-03  0.0000000E+00  0.9999998E+00
         7      2 -0.5018667E-03  0.0000000E+00  0.9999999E+00
         7      3 -0.3937065E-03  0.0000000E+00  0.9999999E+00
         7      4 -0.7469217E-04  0.0000000E+00  0.1000000E+01

         8      0  0.0000000E+00  0.0000000E+00  0.0000000E+00
         8      1 -0.6984145E-03  0.0000000E+00  0.9999998E+00
         8      2 -0.4666373E-03  0.0000000E+00  0.9999999E+00
         8      3 -0.2367006E-03  0.0000000E+00  0.1000000E+01
         8      4  0.4407957E-03  0.0000000E+00  0.9999999E+00

         9      0  0.0000000E+00  0.0000000E+00  0.0000000E+00
         9      1 -0.7857163E-03  0.0000000E+00  0.9999997E+00
         9      2 -0.1199725E-02  0.0000000E+00  0.9999993E+00
         9      3 -0.1616514E-02  0.0000000E+00  0.9999987E+00
         9      4 -0.2883392E-02  0.0000000E+00  0.9999958E+00

        10      0  0.0000000E+00  0.0000000E+00  0.0000000E+00
        10      1 -0.8730181E-03  0.0000000E+00  0.9999996E+00
        10      2 -0.5672791E-03  0.0000000E+00  0.9999998E+00
        10      3 -0.2638534E-03  0.0000000E+00  0.1000000E+01
        10      4  0.6336028E-03  0.0000000E+00  0.9999998E+00

        11      0  0.0000000E+00  0.0000000E+00  0.0000000E+00
        11      1 -0.9603198E-03  0.0000000E+00  0.9999995E+00
        11      2 -0.9491259E-03  0.0000000E+00  0.9999995E+00
        11      3 -0.9413965E-03  0.0000000E+00  0.9999996E+00
        11      4 -0.9410317E-03  0.0000000E+00  0.9999996E+00

        12      0  0.0000000E+00  0.0000000E+00  0.0000000E+00
        12      1 -0.1047622E-02  0.0000000E+00  0.9999995E+00
        12      2 -0.1371796E-02  0.0000000E+00  0.9999991E+00
        12      3 -0.1698667E-02  0.0000000E+00  0.9999986E+00
        12      4 -0.2694173E-02  0.0000000E+00  0.9999964E+00

        13      0  0.0000000E+00  0.0000000E+00  0.0000000E+00
        13      1 -0.1134923E-02  0.0000000E+00  0.9999994E+00
        13      2 -0.7271108E-03  0.0000000E+00  0.9999997E+00
        13      3 -0.3225734E-03  0.0000000E+00  0.9999999E+00
        13      4  0.8716285E-03  0.0000000E+00  0.9999996E+00

        14      0  0.0000000E+00  0.0000000E+00  0.0000000E+00
        14      1 -0.1222225E-02  0.0000000E+00  0.9999993E+00
        14      2 -0.1435515E-02  0.0000000E+00  0.9999990E+00
        14      3 -0.1653907E-02  0.0000000E+00  0.9999986E+00
        14      4 -0.2341992E-02  0.0000000E+00  0.9999973E+00

        15      0  0.0000000E+00  0.0000000E+00  0.0000000E+00
        15      1 -0.1309527E-02  0.0000000E+00  0.9999991E+00
        15      2 -0.1444467E-02  0.0000000E+00  0.9999990E+00
        15      3 -0.1582517E-02  0.0000000E+00  0.9999987E+00
        15      4 -0.2013065E-02  0.0000000E+00  0.9999980E+00

        16      0  0.0000000E+00  0.0000000E+00  0.0000000E+00
        16      1 -0.1396829E-02  0.0000000E+00  0.9999990E+00
        16      2 -0.1013053E-02  0.0000000E+00  0.9999995E+00
        16      3 -0.6333790E-03  0.0000000E+00  0.9999998E+00
        16      4  0.4797555E-03  0.0000000E+00  0.9999999E+00

        17      0  0.0000000E+00  0.0000000E+00  0.0000000E+00
        17      1 -0.1484130E-02  0.0000000E+00  0.9999989E+00
        17      2 -0.1856475E-02  0.0000000E+00  0.9999983E+00
        17      3 -0.2234852E-02  0.0000000E+00  0.9999975E+00
        17      4 -0.3407742E-02  0.0000000E+00  0.9999942E+00

        18      0  0.0000000E+00  0.0000000E+00  0.0000000E+00
        18      1 -0.1571432E-02  0.0000000E+00  0.9999988E+00
        18      2 -0.1476241E-02  0.0000000E+00  0.9999989E+00
        18      3 -0.1385218E-02  0.0000000E+00  0.9999990E+00
        18      4 -0.1134443E-02  0.0000000E+00  0.9999994E+00

        19      0  0.0000000E+00  0.0000000E+00  0.0000000E+00
        19      1 -0.1658734E-02  0.0000000E+00  0.9999986E+00
        19      2 -0.1418053E-02  0.0000000E+00  0.9999990E+00
        19      3 -0.1182617E-02  0.0000000E+00  0.9999993E+00
        19      4 -0.5107082E-03  0.0000000E+00  0.9999999E+00

        20      0  0.0000000E+00  0.0000000E+00  0.0000000E+00
        20      1 -0.1746035E-02  0.0000000E+00  0.9999985E+00
        20      2 -0.2163017E-02  0.0000000E+00  0.9999977E+00
        20      3 -0.2586089E-02  0.0000000E+00  0.9999967E+00
        20      4 -0.3891672E-02  0.0000000E+00  0.9999924E+00

        21      0  0.0000000E+00  0.0000000E+00  0.0000000E+00
        21      1 -0.1833337E-02  0.0000000E+00  0.9999983E+00
        21      2 -0.1538032E-02  0.0000000E+00  0.9999988E+00
        21      3 -0.1248163E-02  0.0000000E+00  0.9999992E+00
        21      4 -0.4089382E-03  0.0000000E+00  0.9999999E+00

        22      0  0.0000000E+00  0.0000000E+00  0.0000000E+00
        22      1 -0.1920639E-02  0.0000000E+00  0.9999982E+00
        22      2 -0.1898232E-02  0.0000000E+00  0.9999982E+00
        22      3 -0.1882693E-02  0.0000000E+00  0.9999982E+00
        22      4 -0.1881344E-02  0.0000000E+00  0.9999982E+00

        23      0  0.0000000E+00  0.0000000E+00  0.0000000E+00
        23      1 -0.2007940E-02  0.0000000E+00  0.9999980E+00
        23      2 -0.2341681E-02  0.0000000E+00  0.9999973E+00
        23      3 -0.2681304E-02  0.0000000E+00  0.9999964E+00
        23      4 -0.3733217E-02  0.0000000E+00  0.9999930E+00

        24      0  0.0000000E+00  0.0000000E+00  0.0000000E+00
        24      1 -0.2095242E-02  0.0000000E+00  0.9999978E+00
        24      2 -0.1691530E-02  0.0000000E+00  0.9999986E+00
        24      3 -0.1294307E-02  0.0000000E+00  0.9999992E+00
        24      4 -0.1410293E-03  0.0000000E+00  0.1000000E+01

        25      0  0.0000000E+00  0.0000000E+00  0.0000000E+00
        25      1 -0.2182544E-02  0.0000000E+00  0.9999976E+00
        25      2 -0.2386285E-02  0.0000000E+00  0.9999972E+00
        25      3 -0.2598510E-02  0.0000000E+00  0.9999966E+00
        25      4 -0.3290212E-02  0.0000000E+00  0.9999946E+00

        26      0  0.0000000E+00  0.0000000E+00  0.0000000E+00
        26      1 -0.2269845E-02  0.0000000E+00  0.9999974E+00
        26      2 -0.2418488E-02  0.0000000E+00  0.9999971E+00
        26      3 -0.2573310E-02  0.0000000E+00  0.9999967E+00
        26      4 -0.3071005E-02  0.0000000E+00  0.9999953E+00

        27      0  0.0000000E+00  0.0000000E+00  0.0000000E+00
        27      1 -0.2357147E-02  0.0000000E+00  0.9999972E+00
        27      2 -0.1970364E-02  0.0000000E+00  0.9999981E+00
        27      3 -0.1590980E-02  0.0000000E+00  0.9999987E+00
        27      4 -0.4992224E-03  0.0000000E+00  0.9999999E+00

        28      0  0.0000000E+00  0.0000000E+00  0.0000000E+00
        28      1 -0.2444448E-02  0.0000000E+00  0.9999970E+00
        28      2 -0.2812362E-02  0.0000000E+00  0.9999960E+00
        28      3 -0.3189650E-02  0.0000000E+00  0.9999949E+00
        28      4 -0.4380430E-02  0.0000000E+00  0.9999904E+00

        29      0  0.0000000E+00  0.0000000E+00  0.0000000E+00
        29      1 -0.2531750E-02  0.0000000E+00  0.9999968E+00
        29      2 -0.2450676E-02  0.0000000E+00  0.9999970E+00
        29      3 -0.2376788E-02  0.0000000E+00  0.9999972E+00
        29      4 -0.2193843E-02  0.0000000E+00  0.9999976E+00

        30      0  0.0000000E+00  0.0000000E+00  0.0000000E+00
        30      1 -0.2619052E-02  0.0000000E+00  0.9999966E+00
        30      2 -0.2369668E-02  0.0000000E+00  0.9999972E+00
        30      3 -0.2128869E-02  0.0000000E+00  0.9999977E+00
        30      4 -0.1462488E-02  0.0000000E+00  0.9999989E+00

        31      0  0.0000000E+00  0.0000000E+00  0.0000000E+00
        31      1 -0.2706353E-02  0.0000000E+00  0.9999963E+00
        31      2 -0.3125882E-02  0.0000000E+00  0.9999951E+00
        31      3 -0.3554761E-02  0.0000000E+00  0.9999937E+00
        31      4 -0.4897427E-02  0.0000000E+00  0.9999880E+00

        32      0  0.0000000E+00  0.0000000E+00  0.0000000E+00
        32      1 -0.2793655E-02  0.0000000E+00  0.9999961E+00
        32      2 -0.2509035E-02  0.0000000E+00  0.9999969E+00
        32      3 -0.2232906E-02  0.0000000E+00  0.9999975E+00
        32      4 -0.1451964E-02  0.0000000E+00  0.9999989E+00

        33      0  0.0000000E+00  0.0000000E+00  0.0000000E+00
        33      1 -0.2880956E-02  0.0000000E+00  0.9999959E+00
        33      2 -0.2847331E-02  0.0000000E+00  0.9999959E+00
        33      3 -0.2823914E-02  0.0000000E+00  0.9999960E+00
        33      4 -0.2820998E-02  0.0000000E+00  0.9999960E+00

        34      0  0.0000000E+00  0.0000000E+00  0.0000000E+00
        34      1 -0.2968257E-02  0.0000000E+00  0.9999956E+00
        34      2 -0.3311218E-02  0.0000000E+00  0.9999945E+00
        34      3 -0.3663199E-02  0.0000000E+00  0.9999933E+00
        34      4 -0.4770118E-02  0.0000000E+00  0.9999886E+00

        35      0  0.0000000E+00  0.0000000E+00  0.0000000E+00
        35      1 -0.3055559E-02  0.0000000E+00  0.9999953E+00
        35      2 -0.2656304E-02  0.0000000E+00  0.9999965E+00
        35      3 -0.2266680E-02  0.0000000E+00  0.9999974E+00
        35      4 -0.1154637E-02  0.0000000E+00  0.9999993E+00

        36      0  0.0000000E+00  0.0000000E+00  0.0000000E+00
        36      1 -0.3142860E-02  0.0000000E+00  0.9999951E+00
        36      2 -0.3336831E-02  0.0000000E+00  0.9999944E+00
        36      3 -0.3542609E-02  0.0000000E+00  0.9999937E+00
        36      4 -0.4236797E-02  0.0000000E+00  0.9999910E+00

        37      0  0.0000000E+00  0.0000000E+00  0.0000000E+00
        37      1 -0.3230162E-02  0.0000000E+00  0.9999948E+00
        37      2 -0.3392338E-02  0.0000000E+00  0.9999942E+00
        37      3 -0.3563710E-02  0.0000000E+00  0.9999936E+00
        37      4 -0.4127595E-02  0.0000000E+00  0.9999915E+00

        38      0  0.0000000E+00  0.0000000E+00  0.0000000E+00
        38      1 -0.3317463E-02  0.0000000E+00  0.9999945E+00
        38      2 -0.2928015E-02  0.0000000E+00  0.9999957E+00
        38      3 -0.2549193E-02  0.0000000E+00  0.9999968E+00
        38      4 -0.1479097E-02  0.0000000E+00  0.9999989E+00

        39      0  0.0000000E+00  0.0000000E+00  0.0000000E+00
        39      1 -0.3404764E-02  0.0000000E+00  0.9999942E+00
        39      2 -0.3767869E-02  0.0000000E+00  0.9999929E+00
        39      3 -0.4143636E-02  0.0000000E+00  0.9999914E+00
        39      4 -0.5350788E-02  0.0000000E+00  0.9999857E+00

        40      0  0.0000000E+00  0.0000000E+00  0.0000000E+00
        40      1 -0.3492066E-02  0.0000000E+00  0.9999939E+00
        40      2 -0.3425159E-02  0.0000000E+00  0.9999941E+00
        40      3 -0.3368396E-02  0.0000000E+00  0.9999943E+00
        40      4 -0.3252853E-02  0.0000000E+00  0.9999947E+00

        41      0  0.0000000E+00  0.0000000E+00  0.0000000E+00
        41      1 -0.3579367E-02  0.0000000E+00  0.9999936E+00
        41      2 -0.3321493E-02  0.0000000E+00  0.9999945E+00
        41      3 -0.3075477E-02  0.0000000E+00  0.9999953E+00
        41      4 -0.2414596E-02  0.0000000E+00  0.9999971E+00

        42      0  0.0000000E+00  0.0000000E+00  0.0000000E+00
        42      1 -0.3666668E-02  0.0000000E+00  0.9999933E+00
        42      2 -0.4088318E-02  0.0000000E+00  0.9999916E+00
        42      3 -0.4522529E-02  0.0000000E+00  0.9999898E+00
        42      4 -0.5900660E-02  0.0000000E+00  0.9999826E+00

        43      0  0.0000000E+00  0.0000000E+00  0.0000000E+00
        43      1 -0.3753969E-02  0.0000000E+00  0.9999930E+00
        43      2 -0.3480281E-02  0.0000000E+00  0.9999939E+00
        43      3 -0.3218067E-02  0.0000000E+00  0.9999948E+00
        43      4 -0.2495449E-02  0.0000000E+00  0.9999969E+00

        44      0  0.0000000E+00  0.0000000E+00  0.0000000E+00
        44      1 -0.3841271E-02  0.0000000E+00  0.9999926E+00
        44      2 -0.3796434E-02  0.0000000E+00  0.9999928E+00
        44      3 -0.3765085E-02  0.0000000E+00  0.9999929E+00
        44      4 -0.3760057E-02  0.0000000E+00  0.9999929E+00

        45      0  0.0000000E+00  0.0000000E+00  0.0000000E+00
        45      1 -0.3928572E-02  0.0000000E+00  0.9999923E+00
        45      2 -0.4280402E-02  0.0000000E+00  0.9999908E+00
        45      3 -0.4644339E-02  0.0000000E+00  0.9999892E+00
        45      4 -0.5804855E-02  0.0000000E+00  0.9999832E+00

        46      0  0.0000000E+00  0.0000000E+00  0.0000000E+00
        46      1 -0.4015873E-02  0.0000000E+00  0.9999919E+00
        46      2 -0.3621429E-02  0.0000000E+00  0.9999934E+00
        46      3 -0.3239687E-02  0.0000000E+00  0.9999948E+00
        46      4 -0.2169192E-02  0.0000000E+00  0.9999976E+00

        47      0  0.0000000E+00  0.0000000E+00  0.0000000E+00
        47      1 -0.4103174E-02  0.0000000E+00  0.9999916E+00
        47      2 -0.4287163E-02  0.0000000E+00  0.9999908E+00
        47      3 -0.4486228E-02  0.0000000E+00  0.9999899E+00
        47      4 -0.5181804E-02  0.0000000E+00  0.9999866E+00

        48      0  0.0000000E+00  0.0000000E+00  0.0000000E+00
        48      1 -0.4190475E-02  0.0000000E+00  0.9999912E+00
        48      2 -0.4366006E-02  0.0000000E+00  0.9999905E+00
        48      3 -0.4553695E-02  0.0000000E+00  0.9999896E+00
        48      4 -0.5182796E-02  0.0000000E+00  0.9999866E+00

        49      0  0.0000000E+00  0.0000000E+00  0.0000000E+00
        49      1 -0.4277776E-02  0.0000000E+00  0.9999909E+00
        49      2 -0.3886009E-02  0.0000000E+00  0.9999924E+00
        49      3 -0.3508026E-02  0.0000000E+00  0.9999938E+00
        49      4 -0.2459895E-02  0.0000000E+00  0.9999970E+00

        50      0  0.0000000E+00  0.0000000E+00  0.0000000E+00
        50      1 -0.4365077E-02  0.0000000E+00  0.9999905E+00
        50      2 -0.4723002E-02  0.0000000E+00  0.9999888E+00
        50      3 -0.5096823E-02  0.0000000E+00  0.9999870E+00
        50      4 -0.6318851E-02  0.0000000E+00  0.9999800E+00

        51      0  0.0000000E+00  0.0000000E+00  0.0000000E+00
        51      1 -0.4452378E-02  0.0000000E+00  0.9999901E+00
        51      2 -0.4399678E-02  0.0000000E+00  0.9999903E+00
        51      3 -0.4360018E-02  0.0000000E+00  0.9999905E+00
        51      4 -0.4311433E-02  0.0000000E+00  0.9999907E+00

        52      0  0.0000000E+00  0.0000000E+00  0.0000000E+00
        52      1 -0.4539679E-02  0.0000000E+00  0.9999897E+00
        52      2 -0.4273538E-02  0.0000000E+00  0.9999909E+00
        52      3 -0.4022461E-02  0.0000000E+00  0.9999919E+00
        52      4 -0.3367080E-02  0.0000000E+00  0.9999943E+00

        53      0  0.0000000E+00  0.0000000E+00  0.0000000E+00
        53      1 -0.4626980E-02  0.0000000E+00  0.9999893E+00
        53      2 -0.5050325E-02  0.0000000E+00  0.9999872E+00
        53      3 -0.5489391E-02  0.0000000E+00  0.9999849E+00
        53      4 -0.6901376E-02  0.0000000E+00  0.9999762E+00

        54      0  0.0000000E+00  0.0000000E+00  0.0000000E+00
        54      1 -0.4714281E-02  0.0000000E+00  0.9999889E+00
        54      2 -0.4451760E-02  0.0000000E+00  0.9999901E+00
        54      3 -0.4203629E-02  0.0000000E+00  0.9999912E+00
        54      4 -0.3539363E-02  0.0000000E+00  0.9999937E+00

        55      0  0.0000000E+00  0.0000000E+00  0.0000000E+00
        55      1 -0.4801582E-02  0.0000000E+00  0.9999885E+00
        55      2 -0.4745552E-02  0.0000000E+00  0.9999887E+00
        55      3 -0.4706231E-02  0.0000000E+00  0.9999889E+00
        55      4 -0.4698581E-02  0.0000000E+00  0.9999890E+00

        56      0  0.0000000E+00  0.0000000E+00  0.0000000E+00
        56      1 -0.4888882E-02  0.0000000E+00  0.9999880E+00
        56      2 -0.5249222E-02  0.0000000E+00  0.9999862E+00
        56      3 -0.5624710E-02  0.0000000E+00  0.9999842E+00
        56      4 -0.6837404E-02  0.0000000E+00  0.9999766E+00

        57      0  0.0000000E+00  0.0000000E+00  0.0000000E+00
        57      1 -0.4976183E-02  0.0000000E+00  0.9999876E+00
        57      2 -0.4586903E-02  0.0000000E+00  0.9999895E+00
        57      3 -0.4213324E-02  0.0000000E+00  0.9999911E+00
        57      4 -0.3184689E-02  0.0000000E+00  0.9999949E+00

        58      0  0.0000000E+00  0.0000000E+00  0.0000000E+00
        58      1 -0.5063484E-02  0.0000000E+00  0.9999872E+00
        58      2 -0.5237293E-02  0.0000000E+00  0.9999863E+00
        58      3 -0.5429389E-02  0.0000000E+00  0.9999853E+00
        58      4 -0.6125289E-02  0.0000000E+00  0.9999812E+00

        59      0  0.0000000E+00  0.0000000E+00  0.0000000E+00
        59      1 -0.5150784E-02  0.0000000E+00  0.9999867E+00
        59      2 -0.5339481E-02  0.0000000E+00  0.9999857E+00
        59      3 -0.5543246E-02  0.0000000E+00  0.9999846E+00
        59      4 -0.6236571E-02  0.0000000E+00  0.9999806E+00

        60      0  0.0000000E+00  0.0000000E+00  0.0000000E+00
        60      1 -0.5238085E-02  0.0000000E+00  0.9999863E+00
        60      2 -0.4844350E-02  0.0000000E+00  0.9999883E+00
        60      3 -0.4467486E-02  0.0000000E+00  0.9999900E+00
        60      4 -0.3441638E-02  0.0000000E+00  0.9999941E+00

        61      0  0.0000000E+00  0.0000000E+00  0.0000000E+00
        61      1 -0.5325386E-02  0.0000000E+00  0.9999858E+00
        61      2 -0.5677765E-02  0.0000000E+00  0.9999839E+00
        61      3 -0.6049225E-02  0.0000000E+00  0.9999817E+00
        61      4 -0.7284653E-02  0.0000000E+00  0.9999735E+00

        62      0  0.0000000E+00  0.0000000E+00  0.0000000E+00
        62      1 -0.5412686E-02  0.0000000E+00  0.9999854E+00
        62      2 -0.5374221E-02  0.0000000E+00  0.9999856E+00
        62      3 -0.5351631E-02  0.0000000E+00  0.9999857E+00
        62      4 -0.5369540E-02  0.0000000E+00  0.9999856E+00

        63      0  0.0000000E+00  0.0000000E+00  0.0000000E+00
        63      1 -0.5499987E-02  0.0000000E+00  0.9999849E+00
        63      2 -0.5225810E-02  0.0000000E+00  0.9999863E+00
        63      3 -0.4969839E-02  0.0000000E+00  0.9999877E+00
        63      4 -0.4319989E-02  0.0000000E+00  0.9999907E+00

        64      0  0.0000000E+00  0.0000000E+00  0.0000000E+00
        64      1 -0.5587287E-02  0.0000000E+00  0.9999844E+00
        64      2 -0.6011901E-02  0.0000000E+00  0.9999819E+00
        64      3 -0.6455348E-02  0.0000000E+00  0.9999792E+00
        64      4 -0.7899584E-02  0.0000000E+00  0.9999688E+00

        65      0  0.0000000E+00  0.0000000E+00  0.0000000E+00
        65      1 -0.5674588E-02  0.0000000E+00  0.9999839E+00
        65      2 -0.5423461E-02  0.0000000E+00  0.9999853E+00
        65      3 -0.5189575E-02  0.0000000E+00  0.9999865E+00
        65      4 -0.4583678E-02  0.0000000E+00  0.9999895E+00

        66      0  0.0000000E+00  0.0000000E+00  0.0000000E+00
        66      1 -0.5761888E-02  0.0000000E+00  0.9999834E+00
        66      2 -0.5694698E-02  0.0000000E+00  0.9999838E+00
        66      3 -0.5647375E-02  0.0000000E+00  0.9999841E+00
        66      4 -0.5636633E-02  0.0000000E+00  0.9999841E+00

        67      0  0.0000000E+00  0.0000000E+00  0.0000000E+00
        67      1 -0.5849188E-02  0.0000000E+00  0.9999829E+00
        67      2 -0.6217674E-02  0.0000000E+00  0.9999807E+00
        67      3 -0.6604299E-02  0.0000000E+00  0.9999782E+00
        67      4 -0.7867748E-02  0.0000000E+00  0.9999690E+00

        68      0  0.0000000E+00  0.0000000E+00  0.0000000E+00
        68      1 -0.5936489E-02  0.0000000E+00  0.9999824E+00
        68      2 -0.5552720E-02  0.0000000E+00  0.9999846E+00
        68      3 -0.5187582E-02  0.0000000E+00  0.9999865E+00
        68      4 -0.4201123E-02  0.0000000E+00  0.9999912E+00

        69      0  0.0000000E+00  0.0000000E+00  0.0000000E+00
        69      1 -0.6023789E-02  0.0000000E+00  0.9999819E+00
        69      2 -0.6187230E-02  0.0000000E+00  0.9999809E+00
        69      3 -0.6372113E-02  0.0000000E+00  0.9999797E+00
        69      4 -0.7067309E-02  0.0000000E+00  0.9999750E+00

        70      0  0.0000000E+00  0.0000000E+00  0.0000000E+00
        70      1 -0.6111089E-02  0.0000000E+00  0.9999813E+00
        70      2 -0.6312749E-02  0.0000000E+00  0.9999801E+00
        70      3 -0.6532339E-02  0.0000000E+00  0.9999787E+00
        70      4 -0.7288881E-02  0.0000000E+00  0.9999734E+00

        71      0  0.0000000E+00  0.0000000E+00  0.0000000E+00
        71      1 -0.6198389E-02  0.0000000E+00  0.9999808E+00
        71      2 -0.5803040E-02  0.0000000E+00  0.9999832E+00
        71      3 -0.5427581E-02  0.0000000E+00  0.9999853E+00
        71      4 -0.4424351E-02  0.0000000E+00  0.9999902E+00

        72      0  0.0000000E+00  0.0000000E+00  0.0000000E+00
        72      1 -0.6285689E-02  0.0000000E+00  0.9999802E+00
        72      2 -0.6632167E-02  0.0000000E+00  0.9999780E+00
        72      3 -0.7000854E-02  0.0000000E+00  0.9999755E+00
        72      4 -0.8248233E-02  0.0000000E+00  0.9999660E+00

        73      0  0.0000000E+00  0.0000000E+00  0.0000000E+00
        73      1 -0.6372990E-02  0.0000000E+00  0.9999797E+00
        73      2 -0.6348774E-02  0.0000000E+00  0.9999798E+00
        73      3 -0.6343213E-02  0.0000000E+00  0.9999799E+00
        73      4 -0.6427135E-02  0.0000000E+00  0.9999793E+00

        74      0  0.0000000E+00  0.0000000E+00  0.0000000E+00
        74      1 -0.6460290E-02  0.0000000E+00  0.9999791E+00
        74      2 -0.6178318E-02  0.0000000E+00  0.9999809E+00
        74      3 -0.5917630E-02  0.0000000E+00  0.9999825E+00
        74      4 -0.5273371E-02  0.0000000E+00  0.9999861E+00

        75      0  0.0000000E+00  0.0000000E+00  0.0000000E+00
        75      1 -0.6547590E-02  0.0000000E+00  0.9999786E+00
        75      2 -0.6973046E-02  0.0000000E+00  0.9999757E+00
        75      3 -0.7420401E-02  0.0000000E+00  0.9999725E+00
        75      4 -0.8895290E-02  0.0000000E+00  0.9999604E+00

        76      0  0.0000000E+00  0.0000000E+00  0.0000000E+00
        76      1 -0.6634889E-02  0.0000000E+00  0.9999780E+00
        76      2 -0.6395375E-02  0.0000000E+00  0.9999795E+00
        76      3 -0.6175886E-02  0.0000000E+00  0.9999809E+00
        76      4 -0.5628365E-02  0.0000000E+00  0.9999842E+00

        77      0  0.0000000E+00  0.0000000E+00  0.0000000E+00
        77      1 -0.6722189E-02  0.0000000E+00  0.9999774E+00
        77      2 -0.6643883E-02  0.0000000E+00  0.9999779E+00
        77      3 -0.6588543E-02  0.0000000E+00  0.9999783E+00
        77      4 -0.6574272E-02  0.0000000E+00  0.9999784E+00

        78      0  0.0000000E+00  0.0000000E+00  0.0000000E+00
        78      1 -0.6809489E-02  0.0000000E+00  0.9999768E+00
        78      2 -0.7185749E-02  0.0000000E+00  0.9999742E+00
        78      3 -0.7583094E-02  0.0000000E+00  0.9999712E+00
        78      4 -0.8895865E-02  0.0000000E+00  0.9999604E+00

        79      0  0.0000000E+00  0.0000000E+00  0.0000000E+00
        79      1 -0.6896789E-02  0.0000000E+00  0.9999762E+00
        79      2 -0.6518878E-02  0.0000000E+00  0.9999788E+00
        79      3 -0.6162457E-02  0.0000000E+00  0.9999810E+00
        79      4 -0.5218486E-02  0.0000000E+00  0.9999864E+00

        80      0  0.0000000E+00  0.0000000E+00  0.0000000E+00
        80      1 -0.6984089E-02  0.0000000E+00  0.9999756E+00
        80      2 -0.7136986E-02  0.0000000E+00  0.9999745E+00
        80      3 -0.7314425E-02  0.0000000E+00  0.9999732E+00
        80      4 -0.8007922E-02  0.0000000E+00  0.9999679E+00

        81      0  0.0000000E+00  0.0000000E+00  0.0000000E+00
        81      1 -0.7071388E-02  0.0000000E+00  0.9999750E+00
        81      2 -0.7285801E-02  0.0000000E+00  0.9999735E+00
        81      3 -0.7520954E-02  0.0000000E+00  0.9999717E+00
        81      4 -0.8339690E-02  0.0000000E+00  0.9999652E+00

        82      0  0.0000000E+00  0.0000000E+00  0.0000000E+00
        82      1 -0.7158688E-02  0.0000000E+00  0.9999744E+00
        82      2 -0.6762081E-02  0.0000000E+00  0.9999771E+00
        82      3 -0.6388317E-02  0.0000000E+00  0.9999796E+00
        82      4 -0.5408053E-02  0.0000000E+00  0.9999854E+00

        83      0  0.0000000E+00  0.0000000E+00  0.0000000E+00
        83      1 -0.7245987E-02  0.0000000E+00  0.9999737E+00
        83      2 -0.7586212E-02  0.0000000E+00  0.9999712E+00
        83      3 -0.7951726E-02  0.0000000E+00  0.9999684E+00
        83      4 -0.9209629E-02  0.0000000E+00  0.9999576E+00

        84      0  0.0000000E+00  0.0000000E+00  0.0000000E+00
        84      1 -0.7333287E-02  0.0000000E+00  0.9999731E+00
        84      2 -0.7323325E-02  0.0000000E+00  0.9999732E+00
        84      3 -0.7334740E-02  0.0000000E+00  0.9999731E+00
        84      4 -0.7484177E-02  0.0000000E+00  0.9999720E+00

        85      0  0.0000000E+00  0.0000000E+00  0.0000000E+00
        85      1 -0.7420586E-02  0.0000000E+00  0.9999725E+00
        85      2 -0.7131071E-02  0.0000000E+00  0.9999746E+00
        85      3 -0.6865852E-02  0.0000000E+00  0.9999764E+00
        85      4 -0.6227272E-02  0.0000000E+00  0.9999806E+00

        86      0  0.0000000E+00  0.0000000E+00  0.0000000E+00
        86      1 -0.7507886E-02  0.0000000E+00  0.9999718E+00
        86      2 -0.7933761E-02  0.0000000E+00  0.9999685E+00
        86      3 -0.8384552E-02  0.0000000E+00  0.9999648E+00
        86      4 -0.9888506E-02  0.0000000E+00  0.9999511E+00

        87      0  0.0000000E+00  0.0000000E+00  0.0000000E+00
        87      1 -0.7595185E-02  0.0000000E+00  0.9999712E+00
        87      2 -0.7367492E-02  0.0000000E+00  0.9999729E+00
        87      3 -0.7162545E-02  0.0000000E+00  0.9999743E+00
        87      4 -0.6673392E-02  0.0000000E+00  0.9999777E+00

        88      0  0.0000000E+00  0.0000000E+00  0.0000000E+00
        88      1 -0.7682484E-02  0.0000000E+00  0.9999705E+00
        88      2 -0.7593119E-02  0.0000000E+00  0.9999712E+00
        88      3 -0.7529758E-02  0.0000000E+00  0.9999717E+00
        88      4 -0.7511562E-02  0.0000000E+00  0.9999718E+00

        89      0  0.0000000E+00  0.0000000E+00  0.0000000E+00
        89      1 -0.7769784E-02  0.0000000E+00  0.9999698E+00
        89      2 -0.8153441E-02  0.0000000E+00  0.9999668E+00
        89      3 -0.8561085E-02  0.0000000E+00  0.9999634E+00
        89      4 -0.9921740E-02  0.0000000E+00  0.9999508E+00

        90      0  0.0000000E+00  0.0000000E+00  0.0000000E+00
        90      1 -0.7857083E-02  0.0000000E+00  0.9999691E+00
        90      2 -0.7485370E-02  0.0000000E+00  0.9999720E+00
        90      3 -0.7137939E-02  0.0000000E+00  0.9999745E+00
        90      4 -0.6236770E-02  0.0000000E+00  0.9999806E+00

        91      0  0.0000000E+00  0.0000000E+00  0.0000000E+00
        91      1 -0.7944382E-02  0.0000000E+00  0.9999684E+00
        91      2 -0.8086572E-02  0.0000000E+00  0.9999673E+00
        91      3 -0.8256348E-02  0.0000000E+00  0.9999659E+00
        91      4 -0.8947187E-02  0.0000000E+00  0.9999600E+00

        92      0  0.0000000E+00  0.0000000E+00  0.0000000E+00
        92      1 -0.8031681E-02  0.0000000E+00  0.9999677E+00
        92      2 -0.8258625E-02  0.0000000E+00  0.9999659E+00
        92      3 -0.8509072E-02  0.0000000E+00  0.9999638E+00
        92      4 -0.9388963E-02  0.0000000E+00  0.9999559E+00

        93      0  0.0000000E+00  0.0000000E+00  0.0000000E+00
        93      1 -0.8118980E-02  0.0000000E+00  0.9999670E+00
        93      2 -0.7721477E-02  0.0000000E+00  0.9999702E+00
        93      3 -0.7349699E-02  0.0000000E+00  0.9999730E+00
        93      4 -0.6392765E-02  0.0000000E+00  0.9999796E+00

        94      0  0.0000000E+00  0.0000000E+00  0.0000000E+00
        94      1 -0.8206279E-02  0.0000000E+00  0.9999663E+00
        94      2 -0.8539908E-02  0.0000000E+00  0.9999635E+00
        94      3 -0.8901856E-02  0.0000000E+00  0.9999604E+00
        94      4 -0.1016888E-01  0.0000000E+00  0.9999483E+00

        95      0  0.0000000E+00  0.0000000E+00  0.0000000E+00
        95      1 -0.8293578E-02  0.0000000E+00  0.9999656E+00
        95      2 -0.8297862E-02  0.0000000E+00  0.9999656E+00
        95      3 -0.8326190E-02  0.0000000E+00  0.9999653E+00
        95      4 -0.8540623E-02  0.0000000E+00  0.9999635E+00

        96      0  0.0000000E+00  0.0000000E+00  0.0000000E+00
        96      1 -0.8380876E-02  0.0000000E+00  0.9999649E+00
        96      2 -0.8084076E-02  0.0000000E+00  0.9999673E+00
        96      3 -0.7814522E-02  0.0000000E+00  0.9999695E+00
        96      4 -0.7181738E-02  0.0000000E+00  0.9999742E+00

        97      0  0.0000000E+00  0.0000000E+00  0.0000000E+00
        97      1 -0.8468175E-02  0.0000000E+00  0.9999641E+00
        97      2 -0.8894045E-02  0.0000000E+00  0.9999604E+00
        97      3 -0.9347802E-02  0.0000000E+00  0.9999563E+00
        97      4 -0.1087924E-01  0.0000000E+00  0.9999408E+00

        98      0  0.0000000E+00  0.0000000E+00  0.0000000E+00
        98      1 -0.8555474E-02  0.0000000E+00  0.9999634E+00
        98      2 -0.8339801E-02  0.0000000E+00  0.9999652E+00
        98      3 -0.8149533E-02  0.0000000E+00  0.9999668E+00
        98      4 -0.7718727E-02  0.0000000E+00  0.9999702E+00

        99      0  0.0000000E+00  0.0000000E+00  0.0000000E+00
        99      1 -0.8642772E-02  0.0000000E+00  0.9999627E+00
        99      2 -0.8542416E-02  0.0000000E+00  0.9999635E+00
        99      3 -0.8471045E-02  0.0000000E+00  0.9999641E+00
        99      4 -0.8448560E-02  0.0000000E+00  0.9999643E+00

       100      0  0.0000000E+00  0.0000000E+00  0.0000000E+00
       100      1 -0.8730071E-02  0.0000000E+00  0.9999619E+00
       100      2 -0.9120744E-02  0.0000000E+00  0.9999584E+00
       100      3 -0.9538260E-02  0.0000000E+00  0.9999545E+00
       100      4 -0.1094536E-01  0.0000000E+00  0.9999401E+00
