# number of spin vectors:       5
# iteration vector   S_X            S_Y            S_Z
         0      0  0.0000000E+00  0.0000000E+00  0.0000000E+00
         0      1  0.0000000E+00  0.0000000E+00  0.1000000E+01
         0      2  0.0000000E+00  0.0000000E+00  0.1000000E+01
         0      3  0.0000000E+00  0.0000000E+00  0.1000000E+01
         0      4  0.0000000E+00  0.0000000E+00  0.1000000E+01

         1      0  0.0000000E+00  0.0000000E+00  0.0000000E+00
         1      1 -0.8652609E-04  0.0000000E+00  0.1000000E+01
         1      2 -0.4595226E-03  0.0000000E+00  0.9999999E+00
         1      3 -0.8321686E-03  0.0000000E+00  0.9999997E+00
         1      4 -0.1945742E-02  0.0000000E+00  0.9999981E+00

         2      0  0.0000000E+00  0.0000000E+00  0.0000000E+00
         2      1 -0.1730522E-03  0.0000000E+00  0.1000000E+01
         2      2  0.1487625E-03  0.0000000E+00  0.1000000E+01
         2      3  0.4710526E-03  0.0000000E+00  0.9999999E+00
         2      4  0.1447444E-02  0.0000000E+00  0.9999990E+00

         3      0  0.0000000E+00  0.0000000E+00  0.0000000E+00
         3      1 -0.2595783E-03  0.0000000E+00  0.1000000E+01
         3      2 -0.1631728E-03  0.0000000E+00  0.1000000E+01
         3      3 -0.6897919E-04  0.0000000E+00  0.1000000E+01
         3      4  0.1841534E-03  0.0000000E+00  0.1000000E+01

         4      0  0.0000000E+00  0.0000000E+00  0.0000000E+00
         4      1 -0.3461044E-03  0.0000000E+00  0.9999999E+00
         4      2 -0.7508846E-03  0.0000000E+00  0.9999997E+00
         4      3 -0.1155980E-02  0.0000000E+00  0.9999993E+00
         4      4 -0.2368265E-02  0.0000000E+00  0.9999972E+00

         5      0  0.0000000E+00  0.0000000E+00  0.0000000E+00
         5      1 -0.4326305E-03  0.0000000E+00  0.9999999E+00
         5      2 -0.1809932E-03  0.0000000E+00  0.1000000E+01
         5      3  0.7169919E-04  0.0000000E+00  0.1000000E+01
         5      4  0.8568632E-03  0.0000000E+00  0.9999996E+00

         6      0  0.0000000E+00  0.0000000E+00  0.0000000E+00
         6      1 -0.5191565E-03  0.0000000E+00  0.9999999E+00
         6      2 -0.3316831E-03  0.0000000E+00  0.9999999E+00
         6      3 -0.1483558E-03  0.0000000E+00  0.1000000E+01
         6      4  0.3468218E-03  0.0000000E+00  0.9999999E+00

         7      0  0.0000000E+00  0.0000000E+00  0.0000000E+00
         7      1 -0.6056826E-03  0.0000000E+00  0.9999998E+00
         7      2 -0.1019841E-02  0.0000000E+00  0.9999995E+00
         7      3 -0.1435776E-02  0.0000000E+00  0.9999990E+00
         7      4 -0.2693905E-02  0.0000000E+00  0.9999964E+00

         8      0  0.0000000E+00  0.0000000E+00  0.0000000E+00
         8      1 -0.6922087E-03  0.0000000E+00  0.9999998E+00
         8      2 -0.5246838E-03  0.0000000E+00  0.9999999E+00
         8      3 -0.3551387E-03  0.0000000E+00  0.9999999E+00
         8      4  0.2037922E-03  0.0000000E+00  0.1000000E+01

         9      0  0.0000000E+00  0.0000000E+00  0.0000000E+00
         9      1 -0.7787348E-03  0.0000000E+00  0.9999997E+00
         9      2 -0.5106087E-03  0.0000000E+00  0.9999999E+00
         9      3 -0.2480777E-03  0.0000000E+00  0.1000000E+01
         9      4  0.4668558E-03  0.0000000E+00  0.9999999E+00

        10      0  0.0000000E+00  0.0000000E+00  0.0000000E+00
        10      1 -0.8652608E-03  0.0000000E+00  0.9999996E+00
        10      2 -0.1265886E-02  0.0000000E+00  0.9999992E+00
        10      3 -0.1670512E-02  0.0000000E+00  0.9999986E+00
        10      4 -0.2919785E-02  0.0000000E+00  0.9999957E+00

        11      0  0.0000000E+00  0.0000000E+00  0.0000000E+00
        11      1 -0.9517869E-03  0.0000000E+00  0.9999995E+00
        11      2 -0.8776699E-03  0.0000000E+00  0.9999996E+00
        11      3 -0.8004284E-03  0.0000000E+00  0.9999997E+00
        11      4 -0.4931724E-03  0.0000000E+00  0.9999999E+00

        12      0  0.0000000E+00  0.0000000E+00  0.0000000E+00
        12      1 -0.1038313E-02  0.0000000E+00  0.9999995E+00
        12      2 -0.7044489E-03  0.0000000E+00  0.9999998E+00
        12      3 -0.3769768E-03  0.0000000E+00  0.9999999E+00
        12      4  0.5251804E-03  0.0000000E+00  0.9999999E+00

        13      0  0.0000000E+00  0.0000000E+00  0.0000000E+00
        13      1 -0.1124839E-02  0.0000000E+00  0.9999994E+00
        13      2 -0.1489783E-02  0.0000000E+00  0.9999989E+00
        13      3 -0.1861591E-02  0.0000000E+00  0.9999983E+00
        13      4 -0.3047826E-02  0.0000000E+00  0.9999954E+00

        14      0  0.0000000E+00  0.0000000E+00  0.0000000E+00
        14      1 -0.1211365E-02  0.0000000E+00  0.9999993E+00
        14      2 -0.1234802E-02  0.0000000E+00  0.9999992E+00
        14      3 -0.1254148E-02  0.0000000E+00  0.9999992E+00
        14      4 -0.1213363E-02  0.0000000E+00  0.9999993E+00

        15      0  0.0000000E+00  0.0000000E+00  0.0000000E+00
        15      1 -0.1297891E-02  0.0000000E+00  0.9999992E+00
        15      2 -0.9168724E-03  0.0000000E+00  0.9999996E+00
        15      3 -0.5422795E-03  0.0000000E+00  0.9999999E+00
        15      4  0.5057965E-03  0.0000000E+00  0.9999999E+00

        16      0  0.0000000E+00  0.0000000E+00  0.0000000E+00
        16      1 -0.1384417E-02  0.0000000E+00  0.9999990E+00
        16      2 -0.1693519E-02  0.0000000E+00  0.9999986E+00
        16      3 -0.2012793E-02  0.0000000E+00  0.9999980E+00
        16      4 -0.3084696E-02  0.0000000E+00  0.9999952E+00

        17      0  0.0000000E+00  0.0000000E+00  0.0000000E+00
        17      1 -0.1470943E-02  0.0000000E+00  0.9999989E+00
        17      2 -0.1590703E-02  0.0000000E+00  0.9999987E+00
        17      3 -0.1705830E-02  0.0000000E+00  0.9999985E+00
        17      4 -0.1935077E-02  0.0000000E+00  0.9999981E+00

        18      0  0.0000000E+00  0.0000000E+00  0.0000000E+00
        18      1 -0.1557469E-02  0.0000000E+00  0.9999988E+00
        18      2 -0.1150514E-02  0.0000000E+00  0.9999993E+00
        18      3 -0.7492086E-03  0.0000000E+00  0.9999997E+00
        18      4  0.3965973E-03  0.0000000E+00  0.9999999E+00

        19      0  0.0000000E+00  0.0000000E+00  0.0000000E+00
        19      1 -0.1643995E-02  0.0000000E+00  0.9999986E+00
        19      2 -0.1880204E-02  0.0000000E+00  0.9999982E+00
        19      3 -0.2130080E-02  0.0000000E+00  0.9999977E+00
        19      4 -0.3041495E-02  0.0000000E+00  0.9999954E+00

        20      0  0.0000000E+00  0.0000000E+00  0.0000000E+00
        20      1 -0.1730521E-02  0.0000000E+00  0.9999985E+00
        20      2 -0.1940067E-02  0.0000000E+00  0.9999981E+00
        20      3 -0.2145130E-02  0.0000000E+00  0.9999977E+00
        20      4 -0.2636642E-02  0.0000000E+00  0.9999965E+00

        21      0  0.0000000E+00  0.0000000E+00  0.0000000E+00
        21      1 -0.1817047E-02  0.0000000E+00  0.9999983E+00
        21      2 -0.1406826E-02  0.0000000E+00  0.9999990E+00
        21      3 -0.1000700E-02  0.0000000E+00  0.9999995E+00
        21      4  0.1899428E-03  0.0000000E+00  0.1000000E+01

        22      0  0.0000000E+00  0.0000000E+00  0.0000000E+00
        22      1 -0.1903573E-02  0.0000000E+00  0.9999982E+00
        22      2 -0.2053892E-02  0.0000000E+00  0.9999979E+00
        22      3 -0.2221273E-02  0.0000000E+00  0.9999975E+00
        22      4 -0.2933217E-02  0.0000000E+00  0.9999957E+00

        23      0  0.0000000E+00  0.0000000E+00  0.0000000E+00
        23      1 -0.1990099E-02  0.0000000E+00  0.9999980E+00
        23      2 -0.2277952E-02  0.0000000E+00  0.9999974E+00
        23      3 -0.2562377E-02  0.0000000E+00  0.9999967E+00
        23      4 -0.3297431E-02  0.0000000E+00  0.9999946E+00

        24      0  0.0000000E+00  0.0000000E+00  0.0000000E+00
        24      1 -0.2076625E-02  0.0000000E+00  0.9999978E+00
        24      2 -0.1686005E-02  0.0000000E+00  0.9999986E+00
        24      3 -0.1297247E-02  0.0000000E+00  0.9999992E+00
        24      4 -0.1170250E-03  0.0000000E+00  0.1000000E+01

        25      0  0.0000000E+00  0.0000000E+00  0.0000000E+00
        25      1 -0.2163151E-02  0.0000000E+00  0.9999977E+00
        25      2 -0.2219367E-02  0.0000000E+00  0.9999975E+00
        25      3 -0.2295633E-02  0.0000000E+00  0.9999974E+00
        25      4 -0.2778030E-02  0.0000000E+00  0.9999961E+00

        26      0  0.0000000E+00  0.0000000E+00  0.0000000E+00
        26      1 -0.2249677E-02  0.0000000E+00  0.9999975E+00
        26      2 -0.2600046E-02  0.0000000E+00  0.9999966E+00
        26      3 -0.2949095E-02  0.0000000E+00  0.9999957E+00
        26      4 -0.3898795E-02  0.0000000E+00  0.9999924E+00

        27      0  0.0000000E+00  0.0000000E+00  0.0000000E+00
        27      1 -0.2336202E-02  0.0000000E+00  0.9999973E+00
        27      2 -0.1986975E-02  0.0000000E+00  0.9999980E+00
        27      3 -0.1636882E-02  0.0000000E+00  0.9999987E+00
        27      4 -0.5223055E-03  0.0000000E+00  0.9999999E+00

        28      0  0.0000000E+00  0.0000000E+00  0.0000000E+00
        28      1 -0.2422728E-02  0.0000000E+00  0.9999971E+00
        28      2 -0.2381866E-02  0.0000000E+00  0.9999972E+00
        28      3 -0.2363354E-02  0.0000000E+00  0.9999972E+00
        28      4 -0.2596426E-02  0.0000000E+00  0.9999966E+00

        29      0  0.0000000E+00  0.0000000E+00  0.0000000E+00
        29      1 -0.2509254E-02  0.0000000E+00  0.9999969E+00
        29      2 -0.2902911E-02  0.0000000E+00  0.9999958E+00
        29      3 -0.3298457E-02  0.0000000E+00  0.9999946E+00
        29      4 -0.4424877E-02  0.0000000E+00  0.9999902E+00

        30      0  0.0000000E+00  0.0000000E+00  0.0000000E+00
        30      1 -0.2595780E-02  0.0000000E+00  0.9999966E+00
        30      2 -0.2307454E-02  0.0000000E+00  0.9999973E+00
        30      3 -0.2015289E-02  0.0000000E+00  0.9999980E+00
        30      4 -0.1019174E-02  0.0000000E+00  0.9999995E+00

        31      0  0.0000000E+00  0.0000000E+00  0.0000000E+00
        31      1 -0.2682306E-02  0.0000000E+00  0.9999964E+00
        31      2 -0.2546800E-02  0.0000000E+00  0.9999968E+00
        31      3 -0.2435007E-02  0.0000000E+00  0.9999970E+00
        31      4 -0.2410264E-02  0.0000000E+00  0.9999971E+00

        32      0  0.0000000E+00  0.0000000E+00  0.0000000E+00
        32      1 -0.2768831E-02  0.0000000E+00  0.9999962E+00
        32      2 -0.3184169E-02  0.0000000E+00  0.9999949E+00
        32      3 -0.3605650E-02  0.0000000E+00  0.9999935E+00
        32      4 -0.4863323E-02  0.0000000E+00  0.9999882E+00

        33      0  0.0000000E+00  0.0000000E+00  0.0000000E+00
        33      1 -0.2855357E-02  0.0000000E+00  0.9999959E+00
        33      2 -0.2644083E-02  0.0000000E+00  0.9999965E+00
        33      3 -0.2426049E-02  0.0000000E+00  0.9999971E+00
        33      4 -0.1596512E-02  0.0000000E+00  0.9999987E+00

        34      0  0.0000000E+00  0.0000000E+00  0.0000000E+00
        34      1 -0.2941883E-02  0.0000000E+00  0.9999957E+00
        34      2 -0.2719444E-02  0.0000000E+00  0.9999963E+00
        34      3 -0.2520956E-02  0.0000000E+00  0.9999968E+00
        34      4 -0.2241726E-02  0.0000000E+00  0.9999975E+00

        35      0  0.0000000E+00  0.0000000E+00  0.0000000E+00
        35      1 -0.3028409E-02  0.0000000E+00  0.9999954E+00
        35      2 -0.3442634E-02  0.0000000E+00  0.9999941E+00
        35      3 -0.3868142E-02  0.0000000E+00  0.9999925E+00
        35      4 -0.5205884E-02  0.0000000E+00  0.9999864E+00

        36      0  0.0000000E+00  0.0000000E+00  0.0000000E+00
        36      1 -0.3114934E-02  0.0000000E+00  0.9999951E+00
        36      2 -0.2992609E-02  0.0000000E+00  0.9999955E+00
        36      3 -0.2860992E-02  0.0000000E+00  0.9999959E+00
        36      4 -0.2239333E-02  0.0000000E+00  0.9999975E+00

        37      0  0.0000000E+00  0.0000000E+00  0.0000000E+00
        37      1 -0.3201460E-02  0.0000000E+00  0.9999949E+00
        37      2 -0.2904644E-02  0.0000000E+00  0.9999958E+00
        37      3 -0.2630785E-02  0.0000000E+00  0.9999965E+00
        37      4 -0.2112215E-02  0.0000000E+00  0.9999978E+00

        38      0  0.0000000E+00  0.0000000E+00  0.0000000E+00
        38      1 -0.3287986E-02  0.0000000E+00  0.9999946E+00
        38      2 -0.3678379E-02  0.0000000E+00  0.9999932E+00
        38      3 -0.4085822E-02  0.0000000E+00  0.9999917E+00
        38      4 -0.5448849E-02  0.0000000E+00  0.9999852E+00

        39      0  0.0000000E+00  0.0000000E+00  0.0000000E+00
        39      1 -0.3374511E-02  0.0000000E+00  0.9999943E+00
        39      2 -0.3348126E-02  0.0000000E+00  0.9999944E+00
        39      3 -0.3310645E-02  0.0000000E+00  0.9999945E+00
        39      4 -0.2929506E-02  0.0000000E+00  0.9999957E+00

        40      0  0.0000000E+00  0.0000000E+00  0.0000000E+00
        40      1 -0.3461037E-02  0.0000000E+00  0.9999940E+00
        40      2 -0.3106551E-02  0.0000000E+00  0.9999952E+00
        40      3 -0.2772767E-02  0.0000000E+00  0.9999962E+00
        40      4 -0.2041246E-02  0.0000000E+00  0.9999979E+00

        41      0  0.0000000E+00  0.0000000E+00  0.0000000E+00
        41      1 -0.3547562E-02  0.0000000E+00  0.9999937E+00
        41      2 -0.3892736E-02  0.0000000E+00  0.9999924E+00
        41      3 -0.4261017E-02  0.0000000E+00  0.9999909E+00
        41      4 -0.5593290E-02  0.0000000E+00  0.9999844E+00

        42      0  0.0000000E+00  0.0000000E+00  0.0000000E+00
        42      1 -0.3634088E-02  0.0000000E+00  0.9999934E+00
        42      2 -0.3705345E-02  0.0000000E+00  0.9999931E+00
        42      3 -0.3764750E-02  0.0000000E+00  0.9999929E+00
        42      4 -0.3646655E-02  0.0000000E+00  0.9999934E+00

        43      0  0.0000000E+00  0.0000000E+00  0.0000000E+00
        43      1 -0.3720613E-02  0.0000000E+00  0.9999931E+00
        43      2 -0.3328381E-02  0.0000000E+00  0.9999945E+00
        43      3 -0.2953402E-02  0.0000000E+00  0.9999956E+00
        43      4 -0.2045429E-02  0.0000000E+00  0.9999979E+00

        44      0  0.0000000E+00  0.0000000E+00  0.0000000E+00
        44      1 -0.3807139E-02  0.0000000E+00  0.9999928E+00
        44      2 -0.4088222E-02  0.0000000E+00  0.9999916E+00
        44      3 -0.4398371E-02  0.0000000E+00  0.9999903E+00
        44      4 -0.5645054E-02  0.0000000E+00  0.9999841E+00

        45      0  0.0000000E+00  0.0000000E+00  0.0000000E+00
        45      1 -0.3893664E-02  0.0000000E+00  0.9999924E+00
        45      2 -0.4058885E-02  0.0000000E+00  0.9999918E+00
        45      3 -0.4212819E-02  0.0000000E+00  0.9999911E+00
        45      4 -0.4369184E-02  0.0000000E+00  0.9999905E+00

        46      0  0.0000000E+00  0.0000000E+00  0.0000000E+00
        46      1 -0.3980190E-02  0.0000000E+00  0.9999921E+00
        46      2 -0.3572245E-02  0.0000000E+00  0.9999936E+00
        46      3 -0.3177067E-02  0.0000000E+00  0.9999950E+00
        46      4 -0.2137604E-02  0.0000000E+00  0.9999977E+00

        47      0  0.0000000E+00  0.0000000E+00  0.0000000E+00
        47      1 -0.4066715E-02  0.0000000E+00  0.9999917E+00
        47      2 -0.4268403E-02  0.0000000E+00  0.9999909E+00
        47      3 -0.4504600E-02  0.0000000E+00  0.9999899E+00
        47      4 -0.5614492E-02  0.0000000E+00  0.9999842E+00

        48      0  0.0000000E+00  0.0000000E+00  0.0000000E+00
        48      1 -0.4153241E-02  0.0000000E+00  0.9999914E+00
        48      2 -0.4403569E-02  0.0000000E+00  0.9999903E+00
        48      3 -0.4644702E-02  0.0000000E+00  0.9999892E+00
        48      4 -0.5075337E-02  0.0000000E+00  0.9999871E+00

        49      0  0.0000000E+00  0.0000000E+00  0.0000000E+00
        49      1 -0.4239766E-02  0.0000000E+00  0.9999910E+00
        49      2 -0.3839028E-02  0.0000000E+00  0.9999926E+00
        49      3 -0.3445775E-02  0.0000000E+00  0.9999941E+00
        49      4 -0.2326230E-02  0.0000000E+00  0.9999973E+00

        50      0  0.0000000E+00  0.0000000E+00  0.0000000E+00
        50      1 -0.4326291E-02  0.0000000E+00  0.9999906E+00
        50      2 -0.4437695E-02  0.0000000E+00  0.9999902E+00
        50      3 -0.4588130E-02  0.0000000E+00  0.9999895E+00
        50      4 -0.5515958E-02  0.0000000E+00  0.9999848E+00

        51      0  0.0000000E+00  0.0000000E+00  0.0000000E+00
        51      1 -0.4412816E-02  0.0000000E+00  0.9999903E+00
        51      2 -0.4734713E-02  0.0000000E+00  0.9999888E+00
        51      3 -0.5051126E-02  0.0000000E+00  0.9999872E+00
        51      4 -0.5744235E-02  0.0000000E+00  0.9999835E+00

        52      0  0.0000000E+00  0.0000000E+00  0.0000000E+00
        52      1 -0.4499342E-02  0.0000000E+00  0.9999899E+00
        52      2 -0.4128341E-02  0.0000000E+00  0.9999915E+00
        52      3 -0.3759074E-02  0.0000000E+00  0.9999929E+00
        52      4 -0.2615019E-02  0.0000000E+00  0.9999966E+00

        53      0  0.0000000E+00  0.0000000E+00  0.0000000E+00
        53      1 -0.4585867E-02  0.0000000E+00  0.9999895E+00
        53      2 -0.4601125E-02  0.0000000E+00  0.9999894E+00
        53      3 -0.4658642E-02  0.0000000E+00  0.9999891E+00
        53      4 -0.5367120E-02  0.0000000E+00  0.9999856E+00

        54      0  0.0000000E+00  0.0000000E+00  0.0000000E+00
        54      1 -0.4672392E-02  0.0000000E+00  0.9999891E+00
        54      2 -0.5048376E-02  0.0000000E+00  0.9999873E+00
        54      3 -0.5424196E-02  0.0000000E+00  0.9999853E+00
        54      4 -0.6356818E-02  0.0000000E+00  0.9999798E+00

        55      0  0.0000000E+00  0.0000000E+00  0.0000000E+00
        55      1 -0.4758917E-02  0.0000000E+00  0.9999887E+00
        55      2 -0.4438547E-02  0.0000000E+00  0.9999901E+00
        55      3 -0.4114077E-02  0.0000000E+00  0.9999915E+00
        55      4 -0.3002824E-02  0.0000000E+00  0.9999955E+00

        56      0  0.0000000E+00  0.0000000E+00  0.0000000E+00
        56      1 -0.4845442E-02  0.0000000E+00  0.9999883E+00
        56      2 -0.4764046E-02  0.0000000E+00  0.9999887E+00
        56      3 -0.4726541E-02  0.0000000E+00  0.9999888E+00
        56      4 -0.5188126E-02  0.0000000E+00  0.9999865E+00

        57      0  0.0000000E+00  0.0000000E+00  0.0000000E+00
        57      1 -0.4931967E-02  0.0000000E+00  0.9999878E+00
        57      2 -0.5341583E-02  0.0000000E+00  0.9999857E+00
        57      3 -0.5757816E-02  0.0000000E+00  0.9999834E+00
        57      4 -0.6896680E-02  0.0000000E+00  0.9999762E+00

        58      0  0.0000000E+00  0.0000000E+00  0.0000000E+00
        58      1 -0.5018492E-02  0.0000000E+00  0.9999874E+00
        58      2 -0.4766853E-02  0.0000000E+00  0.9999886E+00
        58      3 -0.4505632E-02  0.0000000E+00  0.9999898E+00
        58      4 -0.3483734E-02  0.0000000E+00  0.9999939E+00

        59      0  0.0000000E+00  0.0000000E+00  0.0000000E+00
        59      1 -0.5105017E-02  0.0000000E+00  0.9999870E+00
        59      2 -0.4931844E-02  0.0000000E+00  0.9999878E+00
        59      3 -0.4802389E-02  0.0000000E+00  0.9999885E+00
        59      4 -0.5000666E-02  0.0000000E+00  0.9999875E+00

        60      0  0.0000000E+00  0.0000000E+00  0.0000000E+00
        60      1 -0.5191542E-02  0.0000000E+00  0.9999865E+00
        60      2 -0.5612488E-02  0.0000000E+00  0.9999842E+00
        60      3 -0.6048021E-02  0.0000000E+00  0.9999817E+00
        60      4 -0.7350807E-02  0.0000000E+00  0.9999730E+00

        61      0  0.0000000E+00  0.0000000E+00  0.0000000E+00
        61      1 -0.5278067E-02  0.0000000E+00  0.9999861E+00
        61      2 -0.5109463E-02  0.0000000E+00  0.9999869E+00
        61      3 -0.4926601E-02  0.0000000E+00  0.9999879E+00
        61      4 -0.4047373E-02  0.0000000E+00  0.9999918E+00

        62      0  0.0000000E+00  0.0000000E+00  0.0000000E+00
        62      1 -0.5364592E-02  0.0000000E+00  0.9999856E+00
        62      2 -0.5109634E-02  0.0000000E+00  0.9999869E+00
        62      3 -0.4896318E-02  0.0000000E+00  0.9999880E+00
        62      4 -0.4826945E-02  0.0000000E+00  0.9999884E+00

        63      0  0.0000000E+00  0.0000000E+00  0.0000000E+00
        63      1 -0.5451117E-02  0.0000000E+00  0.9999851E+00
        63      2 -0.5860476E-02  0.0000000E+00  0.9999828E+00
        63      3 -0.6293193E-02  0.0000000E+00  0.9999802E+00
        63      4 -0.7710187E-02  0.0000000E+00  0.9999703E+00

        64      0  0.0000000E+00  0.0000000E+00  0.0000000E+00
        64      1 -0.5537642E-02  0.0000000E+00  0.9999847E+00
        64      2 -0.5461797E-02  0.0000000E+00  0.9999851E+00
        64      3 -0.5368260E-02  0.0000000E+00  0.9999856E+00
        64      4 -0.4679389E-02  0.0000000E+00  0.9999891E+00

        65      0  0.0000000E+00  0.0000000E+00  0.0000000E+00
        65      1 -0.5624166E-02  0.0000000E+00  0.9999842E+00
        65      2 -0.5301977E-02  0.0000000E+00  0.9999859E+00
        65      3 -0.5017469E-02  0.0000000E+00  0.9999874E+00
        65      4 -0.4688582E-02  0.0000000E+00  0.9999890E+00

        66      0  0.0000000E+00  0.0000000E+00  0.0000000E+00
        66      1 -0.5710691E-02  0.0000000E+00  0.9999837E+00
        66      2 -0.6086199E-02  0.0000000E+00  0.9999815E+00
        66      3 -0.6494159E-02  0.0000000E+00  0.9999789E+00
        66      4 -0.7970286E-02  0.0000000E+00  0.9999682E+00

        67      0  0.0000000E+00  0.0000000E+00  0.0000000E+00
        67      1 -0.5797216E-02  0.0000000E+00  0.9999832E+00
        67      2 -0.5818738E-02  0.0000000E+00  0.9999831E+00
        67      3 -0.5820772E-02  0.0000000E+00  0.9999831E+00
        67      4 -0.5362145E-02  0.0000000E+00  0.9999856E+00

        68      0  0.0000000E+00  0.0000000E+00  0.0000000E+00
        68      1 -0.5883740E-02  0.0000000E+00  0.9999827E+00
        68      2 -0.5512621E-02  0.0000000E+00  0.9999848E+00
        68      3 -0.5173487E-02  0.0000000E+00  0.9999866E+00
        68      4 -0.4605506E-02  0.0000000E+00  0.9999894E+00

        69      0  0.0000000E+00  0.0000000E+00  0.0000000E+00
        69      1 -0.5970265E-02  0.0000000E+00  0.9999822E+00
        69      2 -0.6291542E-02  0.0000000E+00  0.9999802E+00
        69      3 -0.6654153E-02  0.0000000E+00  0.9999779E+00
        69      4 -0.8131327E-02  0.0000000E+00  0.9999669E+00

        70      0  0.0000000E+00  0.0000000E+00  0.0000000E+00
        70      1 -0.6056790E-02  0.0000000E+00  0.9999817E+00
        70      2 -0.6174917E-02  0.0000000E+00  0.9999809E+00
        70      3 -0.6273725E-02  0.0000000E+00  0.9999803E+00
        70      4 -0.6075590E-02  0.0000000E+00  0.9999815E+00

        71      0  0.0000000E+00  0.0000000E+00  0.0000000E+00
        71      1 -0.6143314E-02  0.0000000E+00  0.9999811E+00
        71      2 -0.5744298E-02  0.0000000E+00  0.9999835E+00
        71      3 -0.5370098E-02  0.0000000E+00  0.9999856E+00
        71      4 -0.4594903E-02  0.0000000E+00  0.9999894E+00

        72      0  0.0000000E+00  0.0000000E+00  0.0000000E+00
        72      1 -0.6229838E-02  0.0000000E+00  0.9999806E+00
        72      2 -0.6479523E-02  0.0000000E+00  0.9999790E+00
        72      3 -0.6778645E-02  0.0000000E+00  0.9999770E+00
        72      4 -0.8198325E-02  0.0000000E+00  0.9999664E+00

        73      0  0.0000000E+00  0.0000000E+00  0.0000000E+00
        73      1 -0.6316363E-02  0.0000000E+00  0.9999801E+00
        73      2 -0.6525012E-02  0.0000000E+00  0.9999787E+00
        73      3 -0.6716693E-02  0.0000000E+00  0.9999774E+00
        73      4 -0.6798265E-02  0.0000000E+00  0.9999769E+00

        74      0  0.0000000E+00  0.0000000E+00  0.0000000E+00
        74      1 -0.6402887E-02  0.0000000E+00  0.9999795E+00
        74      2 -0.5998570E-02  0.0000000E+00  0.9999820E+00
        74      3 -0.5610794E-02  0.0000000E+00  0.9999843E+00
        74      4 -0.4670333E-02  0.0000000E+00  0.9999891E+00

        75      0  0.0000000E+00  0.0000000E+00  0.0000000E+00
        75      1 -0.6489411E-02  0.0000000E+00  0.9999789E+00
        75      2 -0.6654123E-02  0.0000000E+00  0.9999779E+00
        75      3 -0.6875054E-02  0.0000000E+00  0.9999764E+00
        75      4 -0.8180868E-02  0.0000000E+00  0.9999665E+00

        76      0  0.0000000E+00  0.0000000E+00  0.0000000E+00
        76      1 -0.6575936E-02  0.0000000E+00  0.9999784E+00
        76      2 -0.6864035E-02  0.0000000E+00  0.9999764E+00
        76      3 -0.7139800E-02  0.0000000E+00  0.9999745E+00
        76      4 -0.7508368E-02  0.0000000E+00  0.9999718E+00

        77      0  0.0000000E+00  0.0000000E+00  0.0000000E+00
        77      1 -0.6662460E-02  0.0000000E+00  0.9999778E+00
        77      2 -0.6275740E-02  0.0000000E+00  0.9999803E+00
        77      3 -0.5896653E-02  0.0000000E+00  0.9999826E+00
        77      4 -0.4841059E-02  0.0000000E+00  0.9999883E+00

        78      0  0.0000000E+00  0.0000000E+00  0.0000000E+00
        78      1 -0.6748984E-02  0.0000000E+00  0.9999772E+00
        78      2 -0.6820069E-02  0.0000000E+00  0.9999767E+00
        78      3 -0.6952342E-02  0.0000000E+00  0.9999758E+00
        78      4 -0.8092649E-02  0.0000000E+00  0.9999673E+00

        79      0  0.0000000E+00  0.0000000E+00  0.0000000E+00
        79      1 -0.6835508E-02  0.0000000E+00  0.9999766E+00
        79      2 -0.7187613E-02  0.0000000E+00  0.9999742E+00
        79      3 -0.7534244E-02  0.0000000E+00  0.9999716E+00
        79      4 -0.8184792E-02  0.0000000E+00  0.9999665E+00

        80      0  0.0000000E+00  0.0000000E+00  0.0000000E+00
        80      1 -0.6922032E-02  0.0000000E+00  0.9999760E+00
        80      2 -0.6574844E-02  0.0000000E+00  0.9999784E+00
        80      3 -0.6226280E-02  0.0000000E+00  0.9999806E+00
        80      4 -0.5111647E-02  0.0000000E+00  0.9999869E+00

        81      0  0.0000000E+00  0.0000000E+00  0.0000000E+00
        81      1 -0.7008556E-02  0.0000000E+00  0.9999754E+00
        81      2 -0.6982573E-02  0.0000000E+00  0.9999756E+00
        81      3 -0.7020533E-02  0.0000000E+00  0.9999754E+00
        81      4 -0.7950807E-02  0.0000000E+00  0.9999684E+00

        82      0  0.0000000E+00  0.0000000E+00  0.0000000E+00
        82      1 -0.7095080E-02  0.0000000E+00  0.9999748E+00
        82      2 -0.7492221E-02  0.0000000E+00  0.9999719E+00
        82      3 -0.7892773E-02  0.0000000E+00  0.9999689E+00
        82      4 -0.8808095E-02  0.0000000E+00  0.9999612E+00

        83      0  0.0000000E+00  0.0000000E+00  0.0000000E+00
        83      1 -0.7181604E-02  0.0000000E+00  0.9999742E+00
        83      2 -0.6893701E-02  0.0000000E+00  0.9999762E+00
        83      3 -0.6595897E-02  0.0000000E+00  0.9999782E+00
        83      4 -0.5481803E-02  0.0000000E+00  0.9999850E+00

        84      0  0.0000000E+00  0.0000000E+00  0.0000000E+00
        84      1 -0.7268128E-02  0.0000000E+00  0.9999736E+00
        84      2 -0.7147042E-02  0.0000000E+00  0.9999745E+00
        84      3 -0.7090161E-02  0.0000000E+00  0.9999749E+00
        84      4 -0.7775118E-02  0.0000000E+00  0.9999698E+00

        85      0  0.0000000E+00  0.0000000E+00  0.0000000E+00
        85      1 -0.7354652E-02  0.0000000E+00  0.9999730E+00
        85      2 -0.7775383E-02  0.0000000E+00  0.9999698E+00
        85      3 -0.8210072E-02  0.0000000E+00  0.9999663E+00
        85      4 -0.9361346E-02  0.0000000E+00  0.9999562E+00

        86      0  0.0000000E+00  0.0000000E+00  0.0000000E+00
        86      1 -0.7441175E-02  0.0000000E+00  0.9999723E+00
        86      2 -0.7229037E-02  0.0000000E+00  0.9999739E+00
        86      3 -0.6999553E-02  0.0000000E+00  0.9999755E+00
        86      4 -0.5946442E-02  0.0000000E+00  0.9999823E+00

        87      0  0.0000000E+00  0.0000000E+00  0.0000000E+00
        87      1 -0.7527699E-02  0.0000000E+00  0.9999717E+00
        87      2 -0.7318774E-02  0.0000000E+00  0.9999732E+00
        87      3 -0.7171691E-02  0.0000000E+00  0.9999743E+00
        87      4 -0.7587073E-02  0.0000000E+00  0.9999712E+00

        88      0  0.0000000E+00  0.0000000E+00  0.0000000E+00
        88      1 -0.7614223E-02  0.0000000E+00  0.9999710E+00
        88      2 -0.8035805E-02  0.0000000E+00  0.9999677E+00
        88      3 -0.8483052E-02  0.0000000E+00  0.9999640E+00
        88      4 -0.9830887E-02  0.0000000E+00  0.9999517E+00

        89      0  0.0000000E+00  0.0000000E+00  0.0000000E+00
        89      1 -0.7700746E-02  0.0000000E+00  0.9999703E+00
        89      2 -0.7576670E-02  0.0000000E+00  0.9999713E+00
        89      3 -0.7429452E-02  0.0000000E+00  0.9999724E+00
        89      4 -0.6495944E-02  0.0000000E+00  0.9999789E+00

        90      0  0.0000000E+00  0.0000000E+00  0.0000000E+00
        90      1 -0.7787270E-02  0.0000000E+00  0.9999697E+00
        90      2 -0.7502664E-02  0.0000000E+00  0.9999719E+00
        90      3 -0.7274941E-02  0.0000000E+00  0.9999735E+00
        90      4 -0.7408861E-02  0.0000000E+00  0.9999726E+00

        91      0  0.0000000E+00  0.0000000E+00  0.0000000E+00
        91      1 -0.7873793E-02  0.0000000E+00  0.9999690E+00
        91      2 -0.8273452E-02  0.0000000E+00  0.9999658E+00
        91      3 -0.8711028E-02  0.0000000E+00  0.9999621E+00
        91      4 -0.1020696E-01  0.0000000E+00  0.9999479E+00

        92      0  0.0000000E+00  0.0000000E+00  0.0000000E+00
        92      1 -0.7960317E-02  0.0000000E+00  0.9999683E+00
        92      2 -0.7931741E-02  0.0000000E+00  0.9999685E+00
        92      3 -0.7876384E-02  0.0000000E+00  0.9999690E+00
        92      4 -0.7116616E-02  0.0000000E+00  0.9999747E+00

        93      0  0.0000000E+00  0.0000000E+00  0.0000000E+00
        93      1 -0.8046840E-02  0.0000000E+00  0.9999676E+00
        93      2 -0.7702931E-02  0.0000000E+00  0.9999703E+00
        93      3 -0.7408536E-02  0.0000000E+00  0.9999726E+00
        93      4 -0.7262286E-02  0.0000000E+00  0.9999736E+00

        94      0  0.0000000E+00  0.0000000E+00  0.0000000E+00
        94      1 -0.8133363E-02  0.0000000E+00  0.9999669E+00
        94      2 -0.8489547E-02  0.0000000E+00  0.9999640E+00
        94      3 -0.8895756E-02  0.0000000E+00  0.9999604E+00
        94      4 -0.1048422E-01  0.0000000E+00  0.9999450E+00

        95      0  0.0000000E+00  0.0000000E+00  0.0000000E+00
        95      1 -0.8219886E-02  0.0000000E+00  0.9999662E+00
        95      2 -0.8288981E-02  0.0000000E+00  0.9999656E+00
        95      3 -0.8330229E-02  0.0000000E+00  0.9999653E+00
        95      4 -0.7791340E-02  0.0000000E+00  0.9999696E+00

        96      0  0.0000000E+00  0.0000000E+00  0.0000000E+00
        96      1 -0.8306409E-02  0.0000000E+00  0.9999655E+00
        96      2 -0.7922884E-02  0.0000000E+00  0.9999686E+00
        96      3 -0.7579431E-02  0.0000000E+00  0.9999713E+00
        96      4 -0.7167655E-02  0.0000000E+00  0.9999743E+00

        97      0  0.0000000E+00  0.0000000E+00  0.0000000E+00
        97      1 -0.8392933E-02  0.0000000E+00  0.9999648E+00
        97      2 -0.8686507E-02  0.0000000E+00  0.9999623E+00
        97      3 -0.9041353E-02  0.0000000E+00  0.9999591E+00
        97      4 -0.1066203E-01  0.0000000E+00  0.9999432E+00

        98      0  0.0000000E+00  0.0000000E+00  0.0000000E+00
        98      1 -0.8479456E-02  0.0000000E+00  0.9999640E+00
        98      2 -0.8643006E-02  0.0000000E+00  0.9999626E+00
        98      3 -0.8780501E-02  0.0000000E+00  0.9999615E+00
        98      4 -0.8500422E-02  0.0000000E+00  0.9999639E+00

        99      0  0.0000000E+00  0.0000000E+00  0.0000000E+00
        99      1 -0.8565978E-02  0.0000000E+00  0.9999633E+00
        99      2 -0.8164734E-02  0.0000000E+00  0.9999667E+00
        99      3 -0.7792530E-02  0.0000000E+00  0.9999696E+00
        99      4 -0.7142706E-02  0.0000000E+00  0.9999745E+00

       100      0  0.0000000E+00  0.0000000E+00  0.0000000E+00
       100      1 -0.8652501E-02  0.0000000E+00  0.9999626E+00
       100      2 -0.8867815E-02  0.0000000E+00  0.9999607E+00
       100      3 -0.9154072E-02  0.0000000E+00  0.9999581E+00
       100      4 -0.1074458E-01  0.0000000E+00  0.9999423E+00
