# number of spin vectors:       5
# iteration vector   S_X            S_Y            S_Z
         0      0  0.0000000E+00  0.0000000E+00  0.0000000E+00
         0      1  0.0000000E+00  0.0000000E+00  0.1000000E+01
         0      2  0.0000000E+00  0.0000000E+00  0.1000000E+01
         0      3  0.0000000E+00  0.0000000E+00  0.1000000E+01
         0      4  0.0000000E+00  0.0000000E+00  0.1000000E+01

         1      0  0.0000000E+00  0.0000000E+00  0.0000000E+00
         1      1 -0.8652609E-04  0.0000000E+00  0.1000000E+01
         1      2 -0.4595100E-03  0.0000000E+00  0.9999999E+00
         1      3 -0.8321261E-03  0.0000000E+00  0.9999997E+00
         1      4 -0.1945629E-02  0.0000000E+00  0.9999981E+00

         2      0  0.0000000E+00  0.0000000E+00  0.0000000E+00
         2      1 -0.1730522E-03  0.0000000E+00  0.1000000E+01
         2      2  0.1488224E-03  0.0000000E+00  0.1000000E+01
         2      3  0.4712603E-03  0.0000000E+00  0.9999999E+00
         2      4  0.1448142E-02  0.0000000E+00  0.9999990E+00

         3      0  0.0000000E+00  0.0000000E+00  0.0000000E+00
         3      1 -0.2595783E-03  0.0000000E+00  0.1000000E+01
         3      2 -0.1631162E-03  0.0000000E+00  0.1000000E+01
         3      3 -0.6868425E-04  0.0000000E+00  0.1000000E+01
         3      4  0.1872468E-03  0.0000000E+00  0.1000000E+01

         4      0  0.0000000E+00  0.0000000E+00  0.0000000E+00
         4      1 -0.3461044E-03  0.0000000E+00  0.9999999E+00
         4      2 -0.7509602E-03  0.0000000E+00  0.9999997E+00
         4      3 -0.1156301E-02  0.0000000E+00  0.9999993E+00
         4      4 -0.2370669E-02  0.0000000E+00  0.9999972E+00

         5      0  0.0000000E+00  0.0000000E+00  0.0000000E+00
         5      1 -0.4326305E-03  0.0000000E+00  0.9999999E+00
         5      2 -0.1809044E-03  0.0000000E+00  0.1000000E+01
         5      3  0.7195716E-04  0.0000000E+00  0.1000000E+01
         5      4  0.8566947E-03  0.0000000E+00  0.9999996E+00

         6      0  0.0000000E+00  0.0000000E+00  0.0000000E+00
         6      1 -0.5191565E-03  0.0000000E+00  0.9999999E+00
         6      2 -0.3315914E-03  0.0000000E+00  0.9999999E+00
         6      3 -0.1478637E-03  0.0000000E+00  0.1000000E+01
         6      4  0.3522182E-03  0.0000000E+00  0.9999999E+00

         7      0  0.0000000E+00  0.0000000E+00  0.0000000E+00
         7      1 -0.6056826E-03  0.0000000E+00  0.9999998E+00
         7      2 -0.1019983E-02  0.0000000E+00  0.9999995E+00
         7      3 -0.1436341E-02  0.0000000E+00  0.9999990E+00
         7      4 -0.2697565E-02  0.0000000E+00  0.9999964E+00

         8      0  0.0000000E+00  0.0000000E+00  0.0000000E+00
         8      1 -0.6922087E-03  0.0000000E+00  0.9999998E+00
         8      2 -0.5245672E-03  0.0000000E+00  0.9999999E+00
         8      3 -0.3548486E-03  0.0000000E+00  0.9999999E+00
         8      4  0.2024148E-03  0.0000000E+00  0.1000000E+01

         9      0  0.0000000E+00  0.0000000E+00  0.0000000E+00
         9      1 -0.7787348E-03  0.0000000E+00  0.9999997E+00
         9      2 -0.5105073E-03  0.0000000E+00  0.9999999E+00
         9      3 -0.2475111E-03  0.0000000E+00  0.1000000E+01
         9      4  0.4734650E-03  0.0000000E+00  0.9999999E+00

        10      0  0.0000000E+00  0.0000000E+00  0.0000000E+00
        10      1 -0.8652608E-03  0.0000000E+00  0.9999996E+00
        10      2 -0.1266062E-02  0.0000000E+00  0.9999992E+00
        10      3 -0.1671161E-02  0.0000000E+00  0.9999986E+00
        10      4 -0.2923230E-02  0.0000000E+00  0.9999957E+00

        11      0  0.0000000E+00  0.0000000E+00  0.0000000E+00
        11      1 -0.9517869E-03  0.0000000E+00  0.9999995E+00
        11      2 -0.8775351E-03  0.0000000E+00  0.9999996E+00
        11      3 -0.8001471E-03  0.0000000E+00  0.9999997E+00
        11      4 -0.4960645E-03  0.0000000E+00  0.9999999E+00

        12      0  0.0000000E+00  0.0000000E+00  0.0000000E+00
        12      1 -0.1038313E-02  0.0000000E+00  0.9999995E+00
        12      2 -0.7043614E-03  0.0000000E+00  0.9999998E+00
        12      3 -0.3764595E-03  0.0000000E+00  0.9999999E+00
        12      4  0.5317763E-03  0.0000000E+00  0.9999999E+00

        13      0  0.0000000E+00  0.0000000E+00  0.0000000E+00
        13      1 -0.1124839E-02  0.0000000E+00  0.9999994E+00
        13      2 -0.1489955E-02  0.0000000E+00  0.9999989E+00
        13      3 -0.1862148E-02  0.0000000E+00  0.9999983E+00
        13      4 -0.3049533E-02  0.0000000E+00  0.9999954E+00

        14      0  0.0000000E+00  0.0000000E+00  0.0000000E+00
        14      1 -0.1211365E-02  0.0000000E+00  0.9999993E+00
        14      2 -0.1234665E-02  0.0000000E+00  0.9999992E+00
        14      3 -0.1253935E-02  0.0000000E+00  0.9999992E+00
        14      4 -0.1218024E-02  0.0000000E+00  0.9999993E+00

        15      0  0.0000000E+00  0.0000000E+00  0.0000000E+00
        15      1 -0.1297891E-02  0.0000000E+00  0.9999992E+00
        15      2 -0.9168160E-03  0.0000000E+00  0.9999996E+00
        15      3 -0.5419162E-03  0.0000000E+00  0.9999999E+00
        15      4  0.5111574E-03  0.0000000E+00  0.9999999E+00

        16      0  0.0000000E+00  0.0000000E+00  0.0000000E+00
        16      1 -0.1384417E-02  0.0000000E+00  0.9999990E+00
        16      2 -0.1693653E-02  0.0000000E+00  0.9999986E+00
        16      3 -0.2013097E-02  0.0000000E+00  0.9999980E+00
        16      4 -0.3083264E-02  0.0000000E+00  0.9999952E+00

        17      0  0.0000000E+00  0.0000000E+00  0.0000000E+00
        17      1 -0.1470943E-02  0.0000000E+00  0.9999989E+00
        17      2 -0.1590587E-02  0.0000000E+00  0.9999987E+00
        17      3 -0.1705753E-02  0.0000000E+00  0.9999985E+00
        17      4 -0.1941650E-02  0.0000000E+00  0.9999981E+00

        18      0  0.0000000E+00  0.0000000E+00  0.0000000E+00
        18      1 -0.1557469E-02  0.0000000E+00  0.9999988E+00
        18      2 -0.1150497E-02  0.0000000E+00  0.9999993E+00
        18      3 -0.7490712E-03  0.0000000E+00  0.9999997E+00
        18      4  0.3996132E-03  0.0000000E+00  0.9999999E+00

        19      0  0.0000000E+00  0.0000000E+00  0.0000000E+00
        19      1 -0.1643995E-02  0.0000000E+00  0.9999986E+00
        19      2 -0.1880272E-02  0.0000000E+00  0.9999982E+00
        19      3 -0.2130007E-02  0.0000000E+00  0.9999977E+00
        19      4 -0.3035834E-02  0.0000000E+00  0.9999954E+00

        20      0  0.0000000E+00  0.0000000E+00  0.0000000E+00
        20      1 -0.1730521E-02  0.0000000E+00  0.9999985E+00
        20      2 -0.1939994E-02  0.0000000E+00  0.9999981E+00
        20      3 -0.2145244E-02  0.0000000E+00  0.9999977E+00
        20      4 -0.2645064E-02  0.0000000E+00  0.9999965E+00

        21      0  0.0000000E+00  0.0000000E+00  0.0000000E+00
        21      1 -0.1817047E-02  0.0000000E+00  0.9999983E+00
        21      2 -0.1406848E-02  0.0000000E+00  0.9999990E+00
        21      3 -0.1000822E-02  0.0000000E+00  0.9999995E+00
        21      4  0.1896957E-03  0.0000000E+00  0.1000000E+01

        22      0  0.0000000E+00  0.0000000E+00  0.0000000E+00
        22      1 -0.1903573E-02  0.0000000E+00  0.9999982E+00
        22      2 -0.2053880E-02  0.0000000E+00  0.9999979E+00
        22      3 -0.2220762E-02  0.0000000E+00  0.9999975E+00
        22      4 -0.2922723E-02  0.0000000E+00  0.9999957E+00

        23      0  0.0000000E+00  0.0000000E+00  0.0000000E+00
        23      1 -0.1990099E-02  0.0000000E+00  0.9999980E+00
        23      2 -0.2277937E-02  0.0000000E+00  0.9999974E+00
        23      3 -0.2562712E-02  0.0000000E+00  0.9999967E+00
        23      4 -0.3307343E-02  0.0000000E+00  0.9999945E+00

        24      0  0.0000000E+00  0.0000000E+00  0.0000000E+00
        24      1 -0.2076625E-02  0.0000000E+00  0.9999978E+00
        24      2 -0.1686055E-02  0.0000000E+00  0.9999986E+00
        24      3 -0.1297625E-02  0.0000000E+00  0.9999992E+00
        24      4 -0.1212009E-03  0.0000000E+00  0.1000000E+01

        25      0  0.0000000E+00  0.0000000E+00  0.0000000E+00
        25      1 -0.2163151E-02  0.0000000E+00  0.9999977E+00
        25      2 -0.2219273E-02  0.0000000E+00  0.9999975E+00
        25      3 -0.2294694E-02  0.0000000E+00  0.9999974E+00
        25      4 -0.2762715E-02  0.0000000E+00  0.9999962E+00

        26      0  0.0000000E+00  0.0000000E+00  0.0000000E+00
        26      1 -0.2249677E-02  0.0000000E+00  0.9999975E+00
        26      2 -0.2600097E-02  0.0000000E+00  0.9999966E+00
        26      3 -0.2949636E-02  0.0000000E+00  0.9999956E+00
        26      4 -0.3909483E-02  0.0000000E+00  0.9999924E+00

        27      0  0.0000000E+00  0.0000000E+00  0.0000000E+00
        27      1 -0.2336202E-02  0.0000000E+00  0.9999973E+00
        27      2 -0.1987041E-02  0.0000000E+00  0.9999980E+00
        27      3 -0.1637487E-02  0.0000000E+00  0.9999987E+00
        27      4 -0.5307842E-03  0.0000000E+00  0.9999999E+00

        28      0  0.0000000E+00  0.0000000E+00  0.0000000E+00
        28      1 -0.2422728E-02  0.0000000E+00  0.9999971E+00
        28      2 -0.2381707E-02  0.0000000E+00  0.9999972E+00
        28      3 -0.2362071E-02  0.0000000E+00  0.9999972E+00
        28      4 -0.2576969E-02  0.0000000E+00  0.9999967E+00

        29      0  0.0000000E+00  0.0000000E+00  0.0000000E+00
        29      1 -0.2509254E-02  0.0000000E+00  0.9999969E+00
        29      2 -0.2903022E-02  0.0000000E+00  0.9999958E+00
        29      3 -0.3299139E-02  0.0000000E+00  0.9999946E+00
        29      4 -0.4435278E-02  0.0000000E+00  0.9999902E+00

        30      0  0.0000000E+00  0.0000000E+00  0.0000000E+00
        30      1 -0.2595780E-02  0.0000000E+00  0.9999966E+00
        30      2 -0.2307523E-02  0.0000000E+00  0.9999973E+00
        30      3 -0.2016078E-02  0.0000000E+00  0.9999980E+00
        30      4 -0.1032028E-02  0.0000000E+00  0.9999995E+00

        31      0  0.0000000E+00  0.0000000E+00  0.0000000E+00
        31      1 -0.2682306E-02  0.0000000E+00  0.9999964E+00
        31      2 -0.2546601E-02  0.0000000E+00  0.9999968E+00
        31      3 -0.2433521E-02  0.0000000E+00  0.9999970E+00
        31      4 -0.2387951E-02  0.0000000E+00  0.9999971E+00

        32      0  0.0000000E+00  0.0000000E+00  0.0000000E+00
        32      1 -0.2768831E-02  0.0000000E+00  0.9999962E+00
        32      2 -0.3184323E-02  0.0000000E+00  0.9999949E+00
        32      3 -0.3606361E-02  0.0000000E+00  0.9999935E+00
        32      4 -0.4872102E-02  0.0000000E+00  0.9999881E+00

        33      0  0.0000000E+00  0.0000000E+00  0.0000000E+00
        33      1 -0.2855357E-02  0.0000000E+00  0.9999959E+00
        33      2 -0.2644145E-02  0.0000000E+00  0.9999965E+00
        33      3 -0.2426979E-02  0.0000000E+00  0.9999971E+00
        33      4 -0.1613539E-02  0.0000000E+00  0.9999987E+00

        34      0  0.0000000E+00  0.0000000E+00  0.0000000E+00
        34      1 -0.2941883E-02  0.0000000E+00  0.9999957E+00
        34      2 -0.2719238E-02  0.0000000E+00  0.9999963E+00
        34      3 -0.2519445E-02  0.0000000E+00  0.9999968E+00
        34      4 -0.2218308E-02  0.0000000E+00  0.9999975E+00

        35      0  0.0000000E+00  0.0000000E+00  0.0000000E+00
        35      1 -0.3028409E-02  0.0000000E+00  0.9999954E+00
        35      2 -0.3442801E-02  0.0000000E+00  0.9999941E+00
        35      3 -0.3868735E-02  0.0000000E+00  0.9999925E+00
        35      4 -0.5211544E-02  0.0000000E+00  0.9999864E+00

        36      0  0.0000000E+00  0.0000000E+00  0.0000000E+00
        36      1 -0.3114934E-02  0.0000000E+00  0.9999951E+00
        36      2 -0.2992661E-02  0.0000000E+00  0.9999955E+00
        36      3 -0.2862030E-02  0.0000000E+00  0.9999959E+00
        36      4 -0.2260109E-02  0.0000000E+00  0.9999974E+00

        37      0  0.0000000E+00  0.0000000E+00  0.0000000E+00
        37      1 -0.3201460E-02  0.0000000E+00  0.9999949E+00
        37      2 -0.2904463E-02  0.0000000E+00  0.9999958E+00
        37      3 -0.2629434E-02  0.0000000E+00  0.9999965E+00
        37      4 -0.2089699E-02  0.0000000E+00  0.9999978E+00

        38      0  0.0000000E+00  0.0000000E+00  0.0000000E+00
        38      1 -0.3287986E-02  0.0000000E+00  0.9999946E+00
        38      2 -0.3678527E-02  0.0000000E+00  0.9999932E+00
        38      3 -0.4086136E-02  0.0000000E+00  0.9999917E+00
        38      4 -0.5449882E-02  0.0000000E+00  0.9999851E+00

        39      0  0.0000000E+00  0.0000000E+00  0.0000000E+00
        39      1 -0.3374511E-02  0.0000000E+00  0.9999943E+00
        39      2 -0.3348174E-02  0.0000000E+00  0.9999944E+00
        39      3 -0.3311775E-02  0.0000000E+00  0.9999945E+00
        39      4 -0.2953445E-02  0.0000000E+00  0.9999956E+00

        40      0  0.0000000E+00  0.0000000E+00  0.0000000E+00
        40      1 -0.3461037E-02  0.0000000E+00  0.9999940E+00
        40      2 -0.3106422E-02  0.0000000E+00  0.9999952E+00
        40      3 -0.2771744E-02  0.0000000E+00  0.9999962E+00
        40      4 -0.2021686E-02  0.0000000E+00  0.9999980E+00

        41      0  0.0000000E+00  0.0000000E+00  0.0000000E+00
        41      1 -0.3547562E-02  0.0000000E+00  0.9999937E+00
        41      2 -0.3892830E-02  0.0000000E+00  0.9999924E+00
        41      3 -0.4260902E-02  0.0000000E+00  0.9999909E+00
        41      4 -0.5588335E-02  0.0000000E+00  0.9999844E+00

        42      0  0.0000000E+00  0.0000000E+00  0.0000000E+00
        42      1 -0.3634088E-02  0.0000000E+00  0.9999934E+00
        42      2 -0.3705399E-02  0.0000000E+00  0.9999931E+00
        42      3 -0.3765966E-02  0.0000000E+00  0.9999929E+00
        42      4 -0.3673046E-02  0.0000000E+00  0.9999933E+00

        43      0  0.0000000E+00  0.0000000E+00  0.0000000E+00
        43      1 -0.3720613E-02  0.0000000E+00  0.9999931E+00
        43      2 -0.3328322E-02  0.0000000E+00  0.9999945E+00
        43      3 -0.2952837E-02  0.0000000E+00  0.9999956E+00
        43      4 -0.2030733E-02  0.0000000E+00  0.9999979E+00

        44      0  0.0000000E+00  0.0000000E+00  0.0000000E+00
        44      1 -0.3807139E-02  0.0000000E+00  0.9999928E+00
        44      2 -0.4088235E-02  0.0000000E+00  0.9999916E+00
        44      3 -0.4397715E-02  0.0000000E+00  0.9999903E+00
        44      4 -0.5633064E-02  0.0000000E+00  0.9999841E+00

        45      0  0.0000000E+00  0.0000000E+00  0.0000000E+00
        45      1 -0.3893664E-02  0.0000000E+00  0.9999924E+00
        45      2 -0.4058958E-02  0.0000000E+00  0.9999918E+00
        45      3 -0.4214118E-02  0.0000000E+00  0.9999911E+00
        45      4 -0.4397182E-02  0.0000000E+00  0.9999903E+00

        46      0  0.0000000E+00  0.0000000E+00  0.0000000E+00
        46      1 -0.3980190E-02  0.0000000E+00  0.9999921E+00
        46      2 -0.3572263E-02  0.0000000E+00  0.9999936E+00
        46      3 -0.3177038E-02  0.0000000E+00  0.9999950E+00
        46      4 -0.2129391E-02  0.0000000E+00  0.9999977E+00

        47      0  0.0000000E+00  0.0000000E+00  0.0000000E+00
        47      1 -0.4066715E-02  0.0000000E+00  0.9999917E+00
        47      2 -0.4268318E-02  0.0000000E+00  0.9999909E+00
        47      3 -0.4503353E-02  0.0000000E+00  0.9999899E+00
        47      4 -0.5594904E-02  0.0000000E+00  0.9999843E+00

        48      0  0.0000000E+00  0.0000000E+00  0.0000000E+00
        48      1 -0.4153241E-02  0.0000000E+00  0.9999914E+00
        48      2 -0.4403674E-02  0.0000000E+00  0.9999903E+00
        48      3 -0.4646065E-02  0.0000000E+00  0.9999892E+00
        48      4 -0.5103926E-02  0.0000000E+00  0.9999870E+00

        49      0  0.0000000E+00  0.0000000E+00  0.0000000E+00
        49      1 -0.4239766E-02  0.0000000E+00  0.9999910E+00
        49      2 -0.3839118E-02  0.0000000E+00  0.9999926E+00
        49      3 -0.3446305E-02  0.0000000E+00  0.9999941E+00
        49      4 -0.2325724E-02  0.0000000E+00  0.9999973E+00

        50      0  0.0000000E+00  0.0000000E+00  0.0000000E+00
        50      1 -0.4326291E-02  0.0000000E+00  0.9999906E+00
        50      2 -0.4437513E-02  0.0000000E+00  0.9999902E+00
        50      3 -0.4586318E-02  0.0000000E+00  0.9999895E+00
        50      4 -0.5488842E-02  0.0000000E+00  0.9999849E+00

        51      0  0.0000000E+00  0.0000000E+00  0.0000000E+00
        51      1 -0.4412816E-02  0.0000000E+00  0.9999903E+00
        51      2 -0.4734854E-02  0.0000000E+00  0.9999888E+00
        51      3 -0.5052510E-02  0.0000000E+00  0.9999872E+00
        51      4 -0.5772173E-02  0.0000000E+00  0.9999833E+00

        52      0  0.0000000E+00  0.0000000E+00  0.0000000E+00
        52      1 -0.4499342E-02  0.0000000E+00  0.9999899E+00
        52      2 -0.4128490E-02  0.0000000E+00  0.9999915E+00
        52      3 -0.3760138E-02  0.0000000E+00  0.9999929E+00
        52      4 -0.2622975E-02  0.0000000E+00  0.9999966E+00

        53      0  0.0000000E+00  0.0000000E+00  0.0000000E+00
        53      1 -0.4585867E-02  0.0000000E+00  0.9999895E+00
        53      2 -0.4600861E-02  0.0000000E+00  0.9999894E+00
        53      3 -0.4656372E-02  0.0000000E+00  0.9999892E+00
        53      4 -0.5333283E-02  0.0000000E+00  0.9999858E+00

        54      0  0.0000000E+00  0.0000000E+00  0.0000000E+00
        54      1 -0.4672392E-02  0.0000000E+00  0.9999891E+00
        54      2 -0.5048550E-02  0.0000000E+00  0.9999873E+00
        54      3 -0.5425520E-02  0.0000000E+00  0.9999853E+00
        54      4 -0.6382619E-02  0.0000000E+00  0.9999796E+00

        55      0  0.0000000E+00  0.0000000E+00  0.0000000E+00
        55      1 -0.4758917E-02  0.0000000E+00  0.9999887E+00
        55      2 -0.4438737E-02  0.0000000E+00  0.9999901E+00
        55      3 -0.4115612E-02  0.0000000E+00  0.9999915E+00
        55      4 -0.3019486E-02  0.0000000E+00  0.9999954E+00

        56      0  0.0000000E+00  0.0000000E+00  0.0000000E+00
        56      1 -0.4845442E-02  0.0000000E+00  0.9999883E+00
        56      2 -0.4763730E-02  0.0000000E+00  0.9999887E+00
        56      3 -0.4723992E-02  0.0000000E+00  0.9999888E+00
        56      4 -0.5149132E-02  0.0000000E+00  0.9999867E+00

        57      0  0.0000000E+00  0.0000000E+00  0.0000000E+00
        57      1 -0.4931967E-02  0.0000000E+00  0.9999878E+00
        57      2 -0.5341775E-02  0.0000000E+00  0.9999857E+00
        57      3 -0.5758963E-02  0.0000000E+00  0.9999834E+00
        57      4 -0.6918648E-02  0.0000000E+00  0.9999761E+00

        58      0  0.0000000E+00  0.0000000E+00  0.0000000E+00
        58      1 -0.5018492E-02  0.0000000E+00  0.9999874E+00
        58      2 -0.4767066E-02  0.0000000E+00  0.9999886E+00
        58      3 -0.4507551E-02  0.0000000E+00  0.9999898E+00
        58      4 -0.3508830E-02  0.0000000E+00  0.9999938E+00

        59      0  0.0000000E+00  0.0000000E+00  0.0000000E+00
        59      1 -0.5105017E-02  0.0000000E+00  0.9999870E+00
        59      2 -0.4931515E-02  0.0000000E+00  0.9999878E+00
        59      3 -0.4799788E-02  0.0000000E+00  0.9999885E+00
        59      4 -0.4958749E-02  0.0000000E+00  0.9999877E+00

        60      0  0.0000000E+00  0.0000000E+00  0.0000000E+00
        60      1 -0.5191542E-02  0.0000000E+00  0.9999865E+00
        60      2 -0.5612672E-02  0.0000000E+00  0.9999842E+00
        60      3 -0.6048844E-02  0.0000000E+00  0.9999817E+00
        60      4 -0.7367127E-02  0.0000000E+00  0.9999729E+00

        61      0  0.0000000E+00  0.0000000E+00  0.0000000E+00
        61      1 -0.5278067E-02  0.0000000E+00  0.9999861E+00
        61      2 -0.5109687E-02  0.0000000E+00  0.9999869E+00
        61      3 -0.4928812E-02  0.0000000E+00  0.9999879E+00
        61      4 -0.4080157E-02  0.0000000E+00  0.9999917E+00

        62      0  0.0000000E+00  0.0000000E+00  0.0000000E+00
        62      1 -0.5364592E-02  0.0000000E+00  0.9999856E+00
        62      2 -0.5109333E-02  0.0000000E+00  0.9999869E+00
        62      3 -0.4893913E-02  0.0000000E+00  0.9999880E+00
        62      4 -0.4784821E-02  0.0000000E+00  0.9999886E+00

        63      0  0.0000000E+00  0.0000000E+00  0.0000000E+00
        63      1 -0.5451117E-02  0.0000000E+00  0.9999851E+00
        63      2 -0.5860621E-02  0.0000000E+00  0.9999828E+00
        63      3 -0.6293535E-02  0.0000000E+00  0.9999802E+00
        63      4 -0.7719067E-02  0.0000000E+00  0.9999702E+00

        64      0  0.0000000E+00  0.0000000E+00  0.0000000E+00
        64      1 -0.5537642E-02  0.0000000E+00  0.9999847E+00
        64      2 -0.5462024E-02  0.0000000E+00  0.9999851E+00
        64      3 -0.5370674E-02  0.0000000E+00  0.9999856E+00
        64      4 -0.4718716E-02  0.0000000E+00  0.9999889E+00

        65      0  0.0000000E+00  0.0000000E+00  0.0000000E+00
        65      1 -0.5624166E-02  0.0000000E+00  0.9999842E+00
        65      2 -0.5301740E-02  0.0000000E+00  0.9999859E+00
        65      3 -0.5015499E-02  0.0000000E+00  0.9999874E+00
        65      4 -0.4649202E-02  0.0000000E+00  0.9999892E+00

        66      0  0.0000000E+00  0.0000000E+00  0.0000000E+00
        66      1 -0.5710691E-02  0.0000000E+00  0.9999837E+00
        66      2 -0.6086272E-02  0.0000000E+00  0.9999815E+00
        66      3 -0.6493873E-02  0.0000000E+00  0.9999789E+00
        66      4 -0.7970115E-02  0.0000000E+00  0.9999682E+00

        67      0  0.0000000E+00  0.0000000E+00  0.0000000E+00
        67      1 -0.5797216E-02  0.0000000E+00  0.9999832E+00
        67      2 -0.5818967E-02  0.0000000E+00  0.9999831E+00
        67      3 -0.5823310E-02  0.0000000E+00  0.9999830E+00
        67      4 -0.5406572E-02  0.0000000E+00  0.9999854E+00

        68      0  0.0000000E+00  0.0000000E+00  0.0000000E+00
        68      1 -0.5883740E-02  0.0000000E+00  0.9999827E+00
        68      2 -0.5512479E-02  0.0000000E+00  0.9999848E+00
        68      3 -0.5172152E-02  0.0000000E+00  0.9999866E+00
        68      4 -0.4571786E-02  0.0000000E+00  0.9999895E+00

        69      0  0.0000000E+00  0.0000000E+00  0.0000000E+00
        69      1 -0.5970265E-02  0.0000000E+00  0.9999822E+00
        69      2 -0.6291516E-02  0.0000000E+00  0.9999802E+00
        69      3 -0.6653130E-02  0.0000000E+00  0.9999779E+00
        69      4 -0.8120841E-02  0.0000000E+00  0.9999670E+00

        70      0  0.0000000E+00  0.0000000E+00  0.0000000E+00
        70      1 -0.6056790E-02  0.0000000E+00  0.9999817E+00
        70      2 -0.6175152E-02  0.0000000E+00  0.9999809E+00
        70      3 -0.6276313E-02  0.0000000E+00  0.9999803E+00
        70      4 -0.6123455E-02  0.0000000E+00  0.9999813E+00

        71      0  0.0000000E+00  0.0000000E+00  0.0000000E+00
        71      1 -0.6143314E-02  0.0000000E+00  0.9999811E+00
        71      2 -0.5744266E-02  0.0000000E+00  0.9999835E+00
        71      3 -0.5369538E-02  0.0000000E+00  0.9999856E+00
        71      4 -0.4569490E-02  0.0000000E+00  0.9999896E+00

        72      0  0.0000000E+00  0.0000000E+00  0.0000000E+00
        72      1 -0.6229838E-02  0.0000000E+00  0.9999806E+00
        72      2 -0.6479380E-02  0.0000000E+00  0.9999790E+00
        72      3 -0.6776838E-02  0.0000000E+00  0.9999770E+00
        72      4 -0.8176772E-02  0.0000000E+00  0.9999666E+00

        73      0  0.0000000E+00  0.0000000E+00  0.0000000E+00
        73      1 -0.6316363E-02  0.0000000E+00  0.9999801E+00
        73      2 -0.6525258E-02  0.0000000E+00  0.9999787E+00
        73      3 -0.6719257E-02  0.0000000E+00  0.9999774E+00
        73      4 -0.6847740E-02  0.0000000E+00  0.9999766E+00

        74      0  0.0000000E+00  0.0000000E+00  0.0000000E+00
        74      1 -0.6402887E-02  0.0000000E+00  0.9999795E+00
        74      2 -0.5998650E-02  0.0000000E+00  0.9999820E+00
        74      3 -0.5611082E-02  0.0000000E+00  0.9999843E+00
        74      4 -0.4655415E-02  0.0000000E+00  0.9999892E+00

        75      0  0.0000000E+00  0.0000000E+00  0.0000000E+00
        75      1 -0.6489411E-02  0.0000000E+00  0.9999789E+00
        75      2 -0.6653862E-02  0.0000000E+00  0.9999779E+00
        75      3 -0.6872495E-02  0.0000000E+00  0.9999764E+00
        75      4 -0.8148156E-02  0.0000000E+00  0.9999668E+00

        76      0  0.0000000E+00  0.0000000E+00  0.0000000E+00
        76      1 -0.6575936E-02  0.0000000E+00  0.9999784E+00
        76      2 -0.6864293E-02  0.0000000E+00  0.9999764E+00
        76      3 -0.7142250E-02  0.0000000E+00  0.9999745E+00
        76      4 -0.7557466E-02  0.0000000E+00  0.9999714E+00

        77      0  0.0000000E+00  0.0000000E+00  0.0000000E+00
        77      1 -0.6662460E-02  0.0000000E+00  0.9999778E+00
        77      2 -0.6275924E-02  0.0000000E+00  0.9999803E+00
        77      3 -0.5897791E-02  0.0000000E+00  0.9999826E+00
        77      4 -0.4838231E-02  0.0000000E+00  0.9999883E+00

        78      0  0.0000000E+00  0.0000000E+00  0.0000000E+00
        78      1 -0.6748984E-02  0.0000000E+00  0.9999772E+00
        78      2 -0.6819706E-02  0.0000000E+00  0.9999767E+00
        78      3 -0.6949154E-02  0.0000000E+00  0.9999759E+00
        78      4 -0.8049477E-02  0.0000000E+00  0.9999676E+00

        79      0  0.0000000E+00  0.0000000E+00  0.0000000E+00
        79      1 -0.6835508E-02  0.0000000E+00  0.9999766E+00
        79      2 -0.7187878E-02  0.0000000E+00  0.9999742E+00
        79      3 -0.7536469E-02  0.0000000E+00  0.9999716E+00
        79      4 -0.8231367E-02  0.0000000E+00  0.9999661E+00

        80      0  0.0000000E+00  0.0000000E+00  0.0000000E+00
        80      1 -0.6922032E-02  0.0000000E+00  0.9999760E+00
        80      2 -0.6575112E-02  0.0000000E+00  0.9999784E+00
        80      3 -0.6228210E-02  0.0000000E+00  0.9999806E+00
        80      4 -0.5121821E-02  0.0000000E+00  0.9999869E+00

        81      0  0.0000000E+00  0.0000000E+00  0.0000000E+00
        81      1 -0.7008556E-02  0.0000000E+00  0.9999754E+00
        81      2 -0.6982139E-02  0.0000000E+00  0.9999756E+00
        81      3 -0.7016922E-02  0.0000000E+00  0.9999754E+00
        81      4 -0.7898743E-02  0.0000000E+00  0.9999688E+00

        82      0  0.0000000E+00  0.0000000E+00  0.0000000E+00
        82      1 -0.7095080E-02  0.0000000E+00  0.9999748E+00
        82      2 -0.7492478E-02  0.0000000E+00  0.9999719E+00
        82      3 -0.7894636E-02  0.0000000E+00  0.9999688E+00
        82      4 -0.8849849E-02  0.0000000E+00  0.9999608E+00

        83      0  0.0000000E+00  0.0000000E+00  0.0000000E+00
        83      1 -0.7181604E-02  0.0000000E+00  0.9999742E+00
        83      2 -0.6894031E-02  0.0000000E+00  0.9999762E+00
        83      3 -0.6598511E-02  0.0000000E+00  0.9999782E+00
        83      4 -0.5505163E-02  0.0000000E+00  0.9999848E+00

        84      0  0.0000000E+00  0.0000000E+00  0.0000000E+00
        84      1 -0.7268128E-02  0.0000000E+00  0.9999736E+00
        84      2 -0.7146580E-02  0.0000000E+00  0.9999745E+00
        84      3 -0.7086397E-02  0.0000000E+00  0.9999749E+00
        84      4 -0.7716588E-02  0.0000000E+00  0.9999702E+00

        85      0  0.0000000E+00  0.0000000E+00  0.0000000E+00
        85      1 -0.7354652E-02  0.0000000E+00  0.9999730E+00
        85      2 -0.7775610E-02  0.0000000E+00  0.9999698E+00
        85      3 -0.8211414E-02  0.0000000E+00  0.9999663E+00
        85      4 -0.9395903E-02  0.0000000E+00  0.9999559E+00

        86      0  0.0000000E+00  0.0000000E+00  0.0000000E+00
        86      1 -0.7441175E-02  0.0000000E+00  0.9999723E+00
        86      2 -0.7229408E-02  0.0000000E+00  0.9999739E+00
        86      3 -0.7002715E-02  0.0000000E+00  0.9999755E+00
        86      4 -0.5982435E-02  0.0000000E+00  0.9999821E+00

        87      0  0.0000000E+00  0.0000000E+00  0.0000000E+00
        87      1 -0.7527699E-02  0.0000000E+00  0.9999717E+00
        87      2 -0.7318332E-02  0.0000000E+00  0.9999732E+00
        87      3 -0.7168081E-02  0.0000000E+00  0.9999743E+00
        87      4 -0.7525245E-02  0.0000000E+00  0.9999717E+00

        88      0  0.0000000E+00  0.0000000E+00  0.0000000E+00
        88      1 -0.7614223E-02  0.0000000E+00  0.9999710E+00
        88      2 -0.8035973E-02  0.0000000E+00  0.9999677E+00
        88      3 -0.8483708E-02  0.0000000E+00  0.9999640E+00
        88      4 -0.9855900E-02  0.0000000E+00  0.9999514E+00

        89      0  0.0000000E+00  0.0000000E+00  0.0000000E+00
        89      1 -0.7700746E-02  0.0000000E+00  0.9999703E+00
        89      2 -0.7577063E-02  0.0000000E+00  0.9999713E+00
        89      3 -0.7433012E-02  0.0000000E+00  0.9999724E+00
        89      4 -0.6543337E-02  0.0000000E+00  0.9999786E+00

        90      0  0.0000000E+00  0.0000000E+00  0.0000000E+00
        90      1 -0.7787270E-02  0.0000000E+00  0.9999697E+00
        90      2 -0.7502290E-02  0.0000000E+00  0.9999719E+00
        90      3 -0.7271795E-02  0.0000000E+00  0.9999736E+00
        90      4 -0.7347424E-02  0.0000000E+00  0.9999730E+00

        91      0  0.0000000E+00  0.0000000E+00  0.0000000E+00
        91      1 -0.7873793E-02  0.0000000E+00  0.9999690E+00
        91      2 -0.8273528E-02  0.0000000E+00  0.9999658E+00
        91      3 -0.8710845E-02  0.0000000E+00  0.9999621E+00
        91      4 -0.1022028E-01  0.0000000E+00  0.9999478E+00

        92      0  0.0000000E+00  0.0000000E+00  0.0000000E+00
        92      1 -0.7960317E-02  0.0000000E+00  0.9999683E+00
        92      2 -0.7932142E-02  0.0000000E+00  0.9999685E+00
        92      3 -0.7880193E-02  0.0000000E+00  0.9999690E+00
        92      4 -0.7173591E-02  0.0000000E+00  0.9999743E+00

        93      0  0.0000000E+00  0.0000000E+00  0.0000000E+00
        93      1 -0.8046840E-02  0.0000000E+00  0.9999676E+00
        93      2 -0.7702667E-02  0.0000000E+00  0.9999703E+00
        93      3 -0.7406132E-02  0.0000000E+00  0.9999726E+00
        93      4 -0.7205151E-02  0.0000000E+00  0.9999740E+00

        94      0  0.0000000E+00  0.0000000E+00  0.0000000E+00
        94      1 -0.8133363E-02  0.0000000E+00  0.9999669E+00
        94      2 -0.8489503E-02  0.0000000E+00  0.9999640E+00
        94      3 -0.8894618E-02  0.0000000E+00  0.9999604E+00
        94      4 -0.1048407E-01  0.0000000E+00  0.9999450E+00

        95      0  0.0000000E+00  0.0000000E+00  0.0000000E+00
        95      1 -0.8219886E-02  0.0000000E+00  0.9999662E+00
        95      2 -0.8289384E-02  0.0000000E+00  0.9999656E+00
        95      3 -0.8334141E-02  0.0000000E+00  0.9999653E+00
        95      4 -0.7855632E-02  0.0000000E+00  0.9999691E+00

        96      0  0.0000000E+00  0.0000000E+00  0.0000000E+00
        96      1 -0.8306409E-02  0.0000000E+00  0.9999655E+00
        96      2 -0.7922757E-02  0.0000000E+00  0.9999686E+00
        96      3 -0.7577989E-02  0.0000000E+00  0.9999713E+00
        96      4 -0.7118636E-02  0.0000000E+00  0.9999747E+00

        97      0  0.0000000E+00  0.0000000E+00  0.0000000E+00
        97      1 -0.8392933E-02  0.0000000E+00  0.9999648E+00
        97      2 -0.8686326E-02  0.0000000E+00  0.9999623E+00
        97      3 -0.9039207E-02  0.0000000E+00  0.9999591E+00
        97      4 -0.1064718E-01  0.0000000E+00  0.9999433E+00

        98      0  0.0000000E+00  0.0000000E+00  0.0000000E+00
        98      1 -0.8479456E-02  0.0000000E+00  0.9999640E+00
        98      2 -0.8643408E-02  0.0000000E+00  0.9999626E+00
        98      3 -0.8784374E-02  0.0000000E+00  0.9999614E+00
        98      4 -0.8569441E-02  0.0000000E+00  0.9999633E+00

        99      0  0.0000000E+00  0.0000000E+00  0.0000000E+00
        99      1 -0.8565978E-02  0.0000000E+00  0.9999633E+00
        99      2 -0.8164756E-02  0.0000000E+00  0.9999667E+00
        99      3 -0.7792188E-02  0.0000000E+00  0.9999696E+00
        99      4 -0.7105237E-02  0.0000000E+00  0.9999748E+00

       100      0  0.0000000E+00  0.0000000E+00  0.0000000E+00
       100      1 -0.8652501E-02  0.0000000E+00  0.9999626E+00
       100      2 -0.8867492E-02  0.0000000E+00  0.9999607E+00
       100      3 -0.9150950E-02  0.0000000E+00  0.9999581E+00
       100      4 -0.1071450E-01  0.0000000E+00  0.9999426E+00
