# number of spin vectors:       5
# iteration vector   S_X            S_Y            S_Z
         0      0  0.0000000E+00  0.0000000E+00  0.0000000E+00
         0      1  0.0000000E+00  0.0000000E+00  0.1000000E+01
         0      2  0.0000000E+00  0.0000000E+00  0.1000000E+01
         0      3  0.0000000E+00  0.0000000E+00  0.1000000E+01
         0      4  0.0000000E+00  0.0000000E+00  0.1000000E+01

         1      0  0.0000000E+00  0.0000000E+00  0.0000000E+00
         1      1 -0.8730182E-04  0.0000000E+00  0.1000000E+01
         1      2 -0.4016794E-03  0.0000000E+00  0.9999999E+00
         1      3 -0.7157166E-03  0.0000000E+00  0.9999997E+00
         1      4 -0.1655349E-02  0.0000000E+00  0.9999986E+00

         2      0  0.0000000E+00  0.0000000E+00  0.0000000E+00
         2      1 -0.1746036E-03  0.0000000E+00  0.1000000E+01
         2      2  0.2369463E-03  0.0000000E+00  0.1000000E+01
         2      3  0.6485093E-03  0.0000000E+00  0.9999998E+00
         2      4  0.1883433E-02  0.0000000E+00  0.9999982E+00

         3      0  0.0000000E+00  0.0000000E+00  0.0000000E+00
         3      1 -0.2619055E-03  0.0000000E+00  0.1000000E+01
         3      2 -0.4843814E-03  0.0000000E+00  0.9999999E+00
         3      3 -0.7083175E-03  0.0000000E+00  0.9999997E+00
         3      4 -0.1390333E-02  0.0000000E+00  0.9999990E+00

         4      0  0.0000000E+00  0.0000000E+00  0.0000000E+00
         4      1 -0.3492073E-03  0.0000000E+00  0.9999999E+00
         4      2 -0.4705047E-03  0.0000000E+00  0.9999999E+00
         4      3 -0.5921258E-03  0.0000000E+00  0.9999998E+00
         4      4 -0.9569303E-03  0.0000000E+00  0.9999995E+00

         5      0  0.0000000E+00  0.0000000E+00  0.0000000E+00
         5      1 -0.4365091E-03  0.0000000E+00  0.9999999E+00
         5      2 -0.5612324E-04  0.0000000E+00  0.1000000E+01
         5      3  0.3233942E-03  0.0000000E+00  0.9999999E+00
         5      4  0.1455534E-02  0.0000000E+00  0.9999989E+00

         6      0  0.0000000E+00  0.0000000E+00  0.0000000E+00
         6      1 -0.5238109E-03  0.0000000E+00  0.9999999E+00
         6      2 -0.9000016E-03  0.0000000E+00  0.9999996E+00
         6      3 -0.1278489E-02  0.0000000E+00  0.9999992E+00
         6      4 -0.2429212E-02  0.0000000E+00  0.9999970E+00

         7      0  0.0000000E+00  0.0000000E+00  0.0000000E+00
         7      1 -0.6111127E-03  0.0000000E+00  0.9999998E+00
         7      2 -0.5020271E-03  0.0000000E+00  0.9999999E+00
         7      3 -0.3941856E-03  0.0000000E+00  0.9999999E+00
         7      4 -0.7464396E-04  0.0000000E+00  0.1000000E+01

         8      0  0.0000000E+00  0.0000000E+00  0.0000000E+00
         8      1 -0.6984145E-03  0.0000000E+00  0.9999998E+00
         8      2 -0.4667400E-03  0.0000000E+00  0.9999999E+00
         8      3 -0.2372696E-03  0.0000000E+00  0.1000000E+01
         8      4  0.4342296E-03  0.0000000E+00  0.9999999E+00

         9      0  0.0000000E+00  0.0000000E+00  0.0000000E+00
         9      1 -0.7857163E-03  0.0000000E+00  0.9999997E+00
         9      2 -0.1199602E-02  0.0000000E+00  0.9999993E+00
         9      3 -0.1616000E-02  0.0000000E+00  0.9999987E+00
         9      4 -0.2879707E-02  0.0000000E+00  0.9999959E+00

        10      0  0.0000000E+00  0.0000000E+00  0.0000000E+00
        10      1 -0.8730181E-03  0.0000000E+00  0.9999996E+00
        10      2 -0.5673099E-03  0.0000000E+00  0.9999998E+00
        10      3 -0.2638133E-03  0.0000000E+00  0.1000000E+01
        10      4  0.6368956E-03  0.0000000E+00  0.9999998E+00

        11      0  0.0000000E+00  0.0000000E+00  0.0000000E+00
        11      1 -0.9603198E-03  0.0000000E+00  0.9999995E+00
        11      2 -0.9491847E-03  0.0000000E+00  0.9999995E+00
        11      3 -0.9418929E-03  0.0000000E+00  0.9999996E+00
        11      4 -0.9490858E-03  0.0000000E+00  0.9999995E+00

        12      0  0.0000000E+00  0.0000000E+00  0.0000000E+00
        12      1 -0.1047622E-02  0.0000000E+00  0.9999995E+00
        12      2 -0.1371838E-02  0.0000000E+00  0.9999991E+00
        12      3 -0.1698654E-02  0.0000000E+00  0.9999986E+00
        12      4 -0.2690718E-02  0.0000000E+00  0.9999964E+00

        13      0  0.0000000E+00  0.0000000E+00  0.0000000E+00
        13      1 -0.1134923E-02  0.0000000E+00  0.9999994E+00
        13      2 -0.7270903E-03  0.0000000E+00  0.9999997E+00
        13      3 -0.3224337E-03  0.0000000E+00  0.9999999E+00
        13      4  0.8735287E-03  0.0000000E+00  0.9999996E+00

        14      0  0.0000000E+00  0.0000000E+00  0.0000000E+00
        14      1 -0.1222225E-02  0.0000000E+00  0.9999993E+00
        14      2 -0.1435436E-02  0.0000000E+00  0.9999990E+00
        14      3 -0.1653873E-02  0.0000000E+00  0.9999986E+00
        14      4 -0.2347165E-02  0.0000000E+00  0.9999972E+00

        15      0  0.0000000E+00  0.0000000E+00  0.0000000E+00
        15      1 -0.1309527E-02  0.0000000E+00  0.9999991E+00
        15      2 -0.1444606E-02  0.0000000E+00  0.9999990E+00
        15      3 -0.1582730E-02  0.0000000E+00  0.9999987E+00
        15      4 -0.2008037E-02  0.0000000E+00  0.9999980E+00

        16      0  0.0000000E+00  0.0000000E+00  0.0000000E+00
        16      1 -0.1396829E-02  0.0000000E+00  0.9999990E+00
        16      2 -0.1013106E-02  0.0000000E+00  0.9999995E+00
        16      3 -0.6337291E-03  0.0000000E+00  0.9999998E+00
        16      4  0.4748166E-03  0.0000000E+00  0.9999999E+00

        17      0  0.0000000E+00  0.0000000E+00  0.0000000E+00
        17      1 -0.1484130E-02  0.0000000E+00  0.9999989E+00
        17      2 -0.1856292E-02  0.0000000E+00  0.9999983E+00
        17      3 -0.2234301E-02  0.0000000E+00  0.9999975E+00
        17      4 -0.3407705E-02  0.0000000E+00  0.9999942E+00

        18      0  0.0000000E+00  0.0000000E+00  0.0000000E+00
        18      1 -0.1571432E-02  0.0000000E+00  0.9999988E+00
        18      2 -0.1476330E-02  0.0000000E+00  0.9999989E+00
        18      3 -0.1385155E-02  0.0000000E+00  0.9999990E+00
        18      4 -0.1126221E-02  0.0000000E+00  0.9999994E+00

        19      0  0.0000000E+00  0.0000000E+00  0.0000000E+00
        19      1 -0.1658734E-02  0.0000000E+00  0.9999986E+00
        19      2 -0.1418195E-02  0.0000000E+00  0.9999990E+00
        19      3 -0.1183554E-02  0.0000000E+00  0.9999993E+00
        19      4 -0.5235729E-03  0.0000000E+00  0.9999999E+00

        20      0  0.0000000E+00  0.0000000E+00  0.0000000E+00
        20      1 -0.1746035E-02  0.0000000E+00  0.9999985E+00
        20      2 -0.2162868E-02  0.0000000E+00  0.9999977E+00
        20      3 -0.2585450E-02  0.0000000E+00  0.9999967E+00
        20      4 -0.3886792E-02  0.0000000E+00  0.9999924E+00

        21      0  0.0000000E+00  0.0000000E+00  0.0000000E+00
        21      1 -0.1833337E-02  0.0000000E+00  0.9999983E+00
        21      2 -0.1538010E-02  0.0000000E+00  0.9999988E+00
        21      3 -0.1247722E-02  0.0000000E+00  0.9999992E+00
        21      4 -0.3996537E-03  0.0000000E+00  0.9999999E+00

        22      0  0.0000000E+00  0.0000000E+00  0.0000000E+00
        22      1 -0.1920639E-02  0.0000000E+00  0.9999982E+00
        22      2 -0.1898350E-02  0.0000000E+00  0.9999982E+00
        22      3 -0.1883687E-02  0.0000000E+00  0.9999982E+00
        22      4 -0.1897454E-02  0.0000000E+00  0.9999982E+00

        23      0  0.0000000E+00  0.0000000E+00  0.0000000E+00
        23      1 -0.2007940E-02  0.0000000E+00  0.9999980E+00
        23      2 -0.2341661E-02  0.0000000E+00  0.9999973E+00
        23      3 -0.2680892E-02  0.0000000E+00  0.9999964E+00
        23      4 -0.3724333E-02  0.0000000E+00  0.9999931E+00

        24      0  0.0000000E+00  0.0000000E+00  0.0000000E+00
        24      1 -0.2095242E-02  0.0000000E+00  0.9999978E+00
        24      2 -0.1691482E-02  0.0000000E+00  0.9999986E+00
        24      3 -0.1293994E-02  0.0000000E+00  0.9999992E+00
        24      4 -0.1369243E-03  0.0000000E+00  0.1000000E+01

        25      0  0.0000000E+00  0.0000000E+00  0.0000000E+00
        25      1 -0.2182544E-02  0.0000000E+00  0.9999976E+00
        25      2 -0.2386259E-02  0.0000000E+00  0.9999972E+00
        25      3 -0.2598924E-02  0.0000000E+00  0.9999966E+00
        25      4 -0.3302561E-02  0.0000000E+00  0.9999945E+00

        26      0  0.0000000E+00  0.0000000E+00  0.0000000E+00
        26      1 -0.2269845E-02  0.0000000E+00  0.9999974E+00
        26      2 -0.2418550E-02  0.0000000E+00  0.9999971E+00
        26      3 -0.2572976E-02  0.0000000E+00  0.9999967E+00
        26      4 -0.3057991E-02  0.0000000E+00  0.9999953E+00

        27      0  0.0000000E+00  0.0000000E+00  0.0000000E+00
        27      1 -0.2357147E-02  0.0000000E+00  0.9999972E+00
        27      2 -0.1970421E-02  0.0000000E+00  0.9999981E+00
        27      3 -0.1591429E-02  0.0000000E+00  0.9999987E+00
        27      4 -0.5063798E-03  0.0000000E+00  0.9999999E+00

        28      0  0.0000000E+00  0.0000000E+00  0.0000000E+00
        28      1 -0.2444448E-02  0.0000000E+00  0.9999970E+00
        28      2 -0.2812202E-02  0.0000000E+00  0.9999960E+00
        28      3 -0.3189324E-02  0.0000000E+00  0.9999949E+00
        28      4 -0.4384269E-02  0.0000000E+00  0.9999904E+00

        29      0  0.0000000E+00  0.0000000E+00  0.0000000E+00
        29      1 -0.2531750E-02  0.0000000E+00  0.9999968E+00
        29      2 -0.2450694E-02  0.0000000E+00  0.9999970E+00
        29      3 -0.2376180E-02  0.0000000E+00  0.9999972E+00
        29      4 -0.2177371E-02  0.0000000E+00  0.9999976E+00

        30      0  0.0000000E+00  0.0000000E+00  0.0000000E+00
        30      1 -0.2619052E-02  0.0000000E+00  0.9999966E+00
        30      2 -0.2369849E-02  0.0000000E+00  0.9999972E+00
        30      3 -0.2130157E-02  0.0000000E+00  0.9999977E+00
        30      4 -0.1481401E-02  0.0000000E+00  0.9999989E+00

        31      0  0.0000000E+00  0.0000000E+00  0.0000000E+00
        31      1 -0.2706353E-02  0.0000000E+00  0.9999963E+00
        31      2 -0.3125712E-02  0.0000000E+00  0.9999951E+00
        31      3 -0.3554034E-02  0.0000000E+00  0.9999937E+00
        31      4 -0.4891827E-02  0.0000000E+00  0.9999880E+00

        32      0  0.0000000E+00  0.0000000E+00  0.0000000E+00
        32      1 -0.2793655E-02  0.0000000E+00  0.9999961E+00
        32      2 -0.2508959E-02  0.0000000E+00  0.9999969E+00
        32      3 -0.2232048E-02  0.0000000E+00  0.9999975E+00
        32      4 -0.1436407E-02  0.0000000E+00  0.9999990E+00

        33      0  0.0000000E+00  0.0000000E+00  0.0000000E+00
        33      1 -0.2880956E-02  0.0000000E+00  0.9999959E+00
        33      2 -0.2847509E-02  0.0000000E+00  0.9999959E+00
        33      3 -0.2825406E-02  0.0000000E+00  0.9999960E+00
        33      4 -0.2845148E-02  0.0000000E+00  0.9999960E+00

        34      0  0.0000000E+00  0.0000000E+00  0.0000000E+00
        34      1 -0.2968257E-02  0.0000000E+00  0.9999956E+00
        34      2 -0.3311141E-02  0.0000000E+00  0.9999945E+00
        34      3 -0.3662417E-02  0.0000000E+00  0.9999933E+00
        34      4 -0.4756181E-02  0.0000000E+00  0.9999887E+00

        35      0  0.0000000E+00  0.0000000E+00  0.0000000E+00
        35      1 -0.3055559E-02  0.0000000E+00  0.9999953E+00
        35      2 -0.2656226E-02  0.0000000E+00  0.9999965E+00
        35      3 -0.2266169E-02  0.0000000E+00  0.9999974E+00
        35      4 -0.1147928E-02  0.0000000E+00  0.9999993E+00

        36      0  0.0000000E+00  0.0000000E+00  0.0000000E+00
        36      1 -0.3142860E-02  0.0000000E+00  0.9999951E+00
        36      2 -0.3336862E-02  0.0000000E+00  0.9999944E+00
        36      3 -0.3543492E-02  0.0000000E+00  0.9999937E+00
        36      4 -0.4256562E-02  0.0000000E+00  0.9999909E+00

        37      0  0.0000000E+00  0.0000000E+00  0.0000000E+00
        37      1 -0.3230162E-02  0.0000000E+00  0.9999948E+00
        37      2 -0.3392326E-02  0.0000000E+00  0.9999942E+00
        37      3 -0.3562843E-02  0.0000000E+00  0.9999937E+00
        37      4 -0.4106771E-02  0.0000000E+00  0.9999916E+00

        38      0  0.0000000E+00  0.0000000E+00  0.0000000E+00
        38      1 -0.3317463E-02  0.0000000E+00  0.9999945E+00
        38      2 -0.2928074E-02  0.0000000E+00  0.9999957E+00
        38      3 -0.2549714E-02  0.0000000E+00  0.9999967E+00
        38      4 -0.1488076E-02  0.0000000E+00  0.9999989E+00

        39      0  0.0000000E+00  0.0000000E+00  0.0000000E+00
        39      1 -0.3404764E-02  0.0000000E+00  0.9999942E+00
        39      2 -0.3767736E-02  0.0000000E+00  0.9999929E+00
        39      3 -0.4143569E-02  0.0000000E+00  0.9999914E+00
        39      4 -0.5358927E-02  0.0000000E+00  0.9999856E+00

        40      0  0.0000000E+00  0.0000000E+00  0.0000000E+00
        40      1 -0.3492066E-02  0.0000000E+00  0.9999939E+00
        40      2 -0.3425106E-02  0.0000000E+00  0.9999941E+00
        40      3 -0.3367240E-02  0.0000000E+00  0.9999943E+00
        40      4 -0.3228069E-02  0.0000000E+00  0.9999948E+00

        41      0  0.0000000E+00  0.0000000E+00  0.0000000E+00
        41      1 -0.3579367E-02  0.0000000E+00  0.9999936E+00
        41      2 -0.3321710E-02  0.0000000E+00  0.9999945E+00
        41      3 -0.3077098E-02  0.0000000E+00  0.9999953E+00
        41      4 -0.2439289E-02  0.0000000E+00  0.9999970E+00

        42      0  0.0000000E+00  0.0000000E+00  0.0000000E+00
        42      1 -0.3666668E-02  0.0000000E+00  0.9999933E+00
        42      2 -0.4088132E-02  0.0000000E+00  0.9999916E+00
        42      3 -0.4521751E-02  0.0000000E+00  0.9999898E+00
        42      4 -0.5894818E-02  0.0000000E+00  0.9999826E+00

        43      0  0.0000000E+00  0.0000000E+00  0.0000000E+00
        43      1 -0.3753969E-02  0.0000000E+00  0.9999930E+00
        43      2 -0.3480149E-02  0.0000000E+00  0.9999939E+00
        43      3 -0.3216775E-02  0.0000000E+00  0.9999948E+00
        43      4 -0.2473349E-02  0.0000000E+00  0.9999969E+00

        44      0  0.0000000E+00  0.0000000E+00  0.0000000E+00
        44      1 -0.3841271E-02  0.0000000E+00  0.9999926E+00
        44      2 -0.3796671E-02  0.0000000E+00  0.9999928E+00
        44      3 -0.3767073E-02  0.0000000E+00  0.9999929E+00
        44      4 -0.3792210E-02  0.0000000E+00  0.9999928E+00

        45      0  0.0000000E+00  0.0000000E+00  0.0000000E+00
        45      1 -0.3928572E-02  0.0000000E+00  0.9999923E+00
        45      2 -0.4280271E-02  0.0000000E+00  0.9999908E+00
        45      3 -0.4643216E-02  0.0000000E+00  0.9999892E+00
        45      4 -0.5786252E-02  0.0000000E+00  0.9999833E+00

        46      0  0.0000000E+00  0.0000000E+00  0.0000000E+00
        46      1 -0.4015873E-02  0.0000000E+00  0.9999919E+00
        46      2 -0.3621320E-02  0.0000000E+00  0.9999934E+00
        46      3 -0.3238952E-02  0.0000000E+00  0.9999948E+00
        46      4 -0.2159483E-02  0.0000000E+00  0.9999977E+00

        47      0  0.0000000E+00  0.0000000E+00  0.0000000E+00
        47      1 -0.4103174E-02  0.0000000E+00  0.9999916E+00
        47      2 -0.4287254E-02  0.0000000E+00  0.9999908E+00
        47      3 -0.4487596E-02  0.0000000E+00  0.9999899E+00
        47      4 -0.5209205E-02  0.0000000E+00  0.9999864E+00

        48      0  0.0000000E+00  0.0000000E+00  0.0000000E+00
        48      1 -0.4190475E-02  0.0000000E+00  0.9999912E+00
        48      2 -0.4365923E-02  0.0000000E+00  0.9999905E+00
        48      3 -0.4552311E-02  0.0000000E+00  0.9999896E+00
        48      4 -0.5154355E-02  0.0000000E+00  0.9999867E+00

        49      0  0.0000000E+00  0.0000000E+00  0.0000000E+00
        49      1 -0.4277776E-02  0.0000000E+00  0.9999909E+00
        49      2 -0.3886067E-02  0.0000000E+00  0.9999924E+00
        49      3 -0.3508593E-02  0.0000000E+00  0.9999938E+00
        49      4 -0.2470293E-02  0.0000000E+00  0.9999969E+00

        50      0  0.0000000E+00  0.0000000E+00  0.0000000E+00
        50      1 -0.4365077E-02  0.0000000E+00  0.9999905E+00
        50      2 -0.4722901E-02  0.0000000E+00  0.9999888E+00
        50      3 -0.5097047E-02  0.0000000E+00  0.9999870E+00
        50      4 -0.6331704E-02  0.0000000E+00  0.9999800E+00

        51      0  0.0000000E+00  0.0000000E+00  0.0000000E+00
        51      1 -0.4452378E-02  0.0000000E+00  0.9999901E+00
        51      2 -0.4399554E-02  0.0000000E+00  0.9999903E+00
        51      3 -0.4358312E-02  0.0000000E+00  0.9999905E+00
        51      4 -0.4278292E-02  0.0000000E+00  0.9999908E+00

        52      0  0.0000000E+00  0.0000000E+00  0.0000000E+00
        52      1 -0.4539679E-02  0.0000000E+00  0.9999897E+00
        52      2 -0.4273788E-02  0.0000000E+00  0.9999909E+00
        52      3 -0.4024396E-02  0.0000000E+00  0.9999919E+00
        52      4 -0.3397275E-02  0.0000000E+00  0.9999942E+00

        53      0  0.0000000E+00  0.0000000E+00  0.0000000E+00
        53      1 -0.4626980E-02  0.0000000E+00  0.9999893E+00
        53      2 -0.5050128E-02  0.0000000E+00  0.9999872E+00
        53      3 -0.5488599E-02  0.0000000E+00  0.9999849E+00
        53      4 -0.6895771E-02  0.0000000E+00  0.9999762E+00

        54      0  0.0000000E+00  0.0000000E+00  0.0000000E+00
        54      1 -0.4714281E-02  0.0000000E+00  0.9999889E+00
        54      2 -0.4451570E-02  0.0000000E+00  0.9999901E+00
        54      3 -0.4201886E-02  0.0000000E+00  0.9999912E+00
        54      4 -0.3510465E-02  0.0000000E+00  0.9999938E+00

        55      0  0.0000000E+00  0.0000000E+00  0.0000000E+00
        55      1 -0.4801582E-02  0.0000000E+00  0.9999885E+00
        55      2 -0.4745849E-02  0.0000000E+00  0.9999887E+00
        55      3 -0.4708711E-02  0.0000000E+00  0.9999889E+00
        55      4 -0.4738683E-02  0.0000000E+00  0.9999888E+00

        56      0  0.0000000E+00  0.0000000E+00  0.0000000E+00
        56      1 -0.4888882E-02  0.0000000E+00  0.9999880E+00
        56      2 -0.5249043E-02  0.0000000E+00  0.9999862E+00
        56      3 -0.5623277E-02  0.0000000E+00  0.9999842E+00
        56      4 -0.6814533E-02  0.0000000E+00  0.9999768E+00

        57      0  0.0000000E+00  0.0000000E+00  0.0000000E+00
        57      1 -0.4976183E-02  0.0000000E+00  0.9999876E+00
        57      2 -0.4586759E-02  0.0000000E+00  0.9999895E+00
        57      3 -0.4212340E-02  0.0000000E+00  0.9999911E+00
        57      4 -0.3171591E-02  0.0000000E+00  0.9999950E+00

        58      0  0.0000000E+00  0.0000000E+00  0.0000000E+00
        58      1 -0.5063484E-02  0.0000000E+00  0.9999872E+00
        58      2 -0.5237445E-02  0.0000000E+00  0.9999863E+00
        58      3 -0.5431258E-02  0.0000000E+00  0.9999853E+00
        58      4 -0.6160529E-02  0.0000000E+00  0.9999810E+00

        59      0  0.0000000E+00  0.0000000E+00  0.0000000E+00
        59      1 -0.5150784E-02  0.0000000E+00  0.9999867E+00
        59      2 -0.5339327E-02  0.0000000E+00  0.9999857E+00
        59      3 -0.5541359E-02  0.0000000E+00  0.9999846E+00
        59      4 -0.6200719E-02  0.0000000E+00  0.9999808E+00

        60      0  0.0000000E+00  0.0000000E+00  0.0000000E+00
        60      1 -0.5238085E-02  0.0000000E+00  0.9999863E+00
        60      2 -0.4844404E-02  0.0000000E+00  0.9999883E+00
        60      3 -0.4468073E-02  0.0000000E+00  0.9999900E+00
        60      4 -0.3453048E-02  0.0000000E+00  0.9999940E+00

        61      0  0.0000000E+00  0.0000000E+00  0.0000000E+00
        61      1 -0.5325386E-02  0.0000000E+00  0.9999858E+00
        61      2 -0.5677701E-02  0.0000000E+00  0.9999839E+00
        61      3 -0.6049771E-02  0.0000000E+00  0.9999817E+00
        61      4 -0.7302625E-02  0.0000000E+00  0.9999733E+00

        62      0  0.0000000E+00  0.0000000E+00  0.0000000E+00
        62      1 -0.5412686E-02  0.0000000E+00  0.9999854E+00
        62      2 -0.5374025E-02  0.0000000E+00  0.9999856E+00
        62      3 -0.5349376E-02  0.0000000E+00  0.9999857E+00
        62      4 -0.5328017E-02  0.0000000E+00  0.9999858E+00

        63      0  0.0000000E+00  0.0000000E+00  0.0000000E+00
        63      1 -0.5499987E-02  0.0000000E+00  0.9999849E+00
        63      2 -0.5226092E-02  0.0000000E+00  0.9999863E+00
        63      3 -0.4972069E-02  0.0000000E+00  0.9999876E+00
        63      4 -0.4355392E-02  0.0000000E+00  0.9999905E+00

        64      0  0.0000000E+00  0.0000000E+00  0.0000000E+00
        64      1 -0.5587287E-02  0.0000000E+00  0.9999844E+00
        64      2 -0.6011700E-02  0.0000000E+00  0.9999819E+00
        64      3 -0.6454580E-02  0.0000000E+00  0.9999792E+00
        64      4 -0.7894694E-02  0.0000000E+00  0.9999688E+00

        65      0  0.0000000E+00  0.0000000E+00  0.0000000E+00
        65      1 -0.5674588E-02  0.0000000E+00  0.9999839E+00
        65      2 -0.5423212E-02  0.0000000E+00  0.9999853E+00
        65      3 -0.5187367E-02  0.0000000E+00  0.9999865E+00
        65      4 -0.4547739E-02  0.0000000E+00  0.9999897E+00

        66      0  0.0000000E+00  0.0000000E+00  0.0000000E+00
        66      1 -0.5761888E-02  0.0000000E+00  0.9999834E+00
        66      2 -0.5695054E-02  0.0000000E+00  0.9999838E+00
        66      3 -0.5650344E-02  0.0000000E+00  0.9999840E+00
        66      4 -0.5684609E-02  0.0000000E+00  0.9999838E+00

        67      0  0.0000000E+00  0.0000000E+00  0.0000000E+00
        67      1 -0.5849188E-02  0.0000000E+00  0.9999829E+00
        67      2 -0.6217450E-02  0.0000000E+00  0.9999807E+00
        67      3 -0.6602587E-02  0.0000000E+00  0.9999782E+00
        67      4 -0.7841015E-02  0.0000000E+00  0.9999693E+00

        68      0  0.0000000E+00  0.0000000E+00  0.0000000E+00
        68      1 -0.5936489E-02  0.0000000E+00  0.9999824E+00
        68      2 -0.5552539E-02  0.0000000E+00  0.9999846E+00
        68      3 -0.5186326E-02  0.0000000E+00  0.9999866E+00
        68      4 -0.4184250E-02  0.0000000E+00  0.9999912E+00

        69      0  0.0000000E+00  0.0000000E+00  0.0000000E+00
        69      1 -0.6023789E-02  0.0000000E+00  0.9999819E+00
        69      2 -0.6187447E-02  0.0000000E+00  0.9999809E+00
        69      3 -0.6374499E-02  0.0000000E+00  0.9999797E+00
        69      4 -0.7110573E-02  0.0000000E+00  0.9999747E+00

        70      0  0.0000000E+00  0.0000000E+00  0.0000000E+00
        70      1 -0.6111089E-02  0.0000000E+00  0.9999813E+00
        70      2 -0.6312529E-02  0.0000000E+00  0.9999801E+00
        70      3 -0.6529969E-02  0.0000000E+00  0.9999787E+00
        70      4 -0.7245844E-02  0.0000000E+00  0.9999737E+00

        71      0  0.0000000E+00  0.0000000E+00  0.0000000E+00
        71      1 -0.6198389E-02  0.0000000E+00  0.9999808E+00
        71      2 -0.5803088E-02  0.0000000E+00  0.9999832E+00
        71      3 -0.5428160E-02  0.0000000E+00  0.9999853E+00
        71      4 -0.4436361E-02  0.0000000E+00  0.9999902E+00

        72      0  0.0000000E+00  0.0000000E+00  0.0000000E+00
        72      1 -0.6285689E-02  0.0000000E+00  0.9999802E+00
        72      2 -0.6632144E-02  0.0000000E+00  0.9999780E+00
        72      3 -0.7001754E-02  0.0000000E+00  0.9999755E+00
        72      4 -0.8271717E-02  0.0000000E+00  0.9999658E+00

        73      0  0.0000000E+00  0.0000000E+00  0.0000000E+00
        73      1 -0.6372990E-02  0.0000000E+00  0.9999797E+00
        73      2 -0.6348508E-02  0.0000000E+00  0.9999798E+00
        73      3 -0.6340409E-02  0.0000000E+00  0.9999799E+00
        73      4 -0.6377218E-02  0.0000000E+00  0.9999797E+00

        74      0  0.0000000E+00  0.0000000E+00  0.0000000E+00
        74      1 -0.6460290E-02  0.0000000E+00  0.9999791E+00
        74      2 -0.6178629E-02  0.0000000E+00  0.9999809E+00
        74      3 -0.5920133E-02  0.0000000E+00  0.9999825E+00
        74      4 -0.5313675E-02  0.0000000E+00  0.9999859E+00

        75      0  0.0000000E+00  0.0000000E+00  0.0000000E+00
        75      1 -0.6547590E-02  0.0000000E+00  0.9999786E+00
        75      2 -0.6972845E-02  0.0000000E+00  0.9999757E+00
        75      3 -0.7419694E-02  0.0000000E+00  0.9999725E+00
        75      4 -0.8891594E-02  0.0000000E+00  0.9999605E+00

        76      0  0.0000000E+00  0.0000000E+00  0.0000000E+00
        76      1 -0.6634889E-02  0.0000000E+00  0.9999780E+00
        76      2 -0.6395066E-02  0.0000000E+00  0.9999796E+00
        76      3 -0.6173200E-02  0.0000000E+00  0.9999809E+00
        76      4 -0.5585154E-02  0.0000000E+00  0.9999844E+00

        77      0  0.0000000E+00  0.0000000E+00  0.0000000E+00
        77      1 -0.6722189E-02  0.0000000E+00  0.9999774E+00
        77      2 -0.6644298E-02  0.0000000E+00  0.9999779E+00
        77      3 -0.6591994E-02  0.0000000E+00  0.9999783E+00
        77      4 -0.6630030E-02  0.0000000E+00  0.9999780E+00

        78      0  0.0000000E+00  0.0000000E+00  0.0000000E+00
        78      1 -0.6809489E-02  0.0000000E+00  0.9999768E+00
        78      2 -0.7185485E-02  0.0000000E+00  0.9999742E+00
        78      3 -0.7581136E-02  0.0000000E+00  0.9999713E+00
        78      4 -0.8865689E-02  0.0000000E+00  0.9999607E+00

        79      0  0.0000000E+00  0.0000000E+00  0.0000000E+00
        79      1 -0.6896789E-02  0.0000000E+00  0.9999762E+00
        79      2 -0.6518657E-02  0.0000000E+00  0.9999788E+00
        79      3 -0.6160903E-02  0.0000000E+00  0.9999810E+00
        79      4 -0.5197460E-02  0.0000000E+00  0.9999865E+00

        80      0  0.0000000E+00  0.0000000E+00  0.0000000E+00
        80      1 -0.6984089E-02  0.0000000E+00  0.9999756E+00
        80      2 -0.7137270E-02  0.0000000E+00  0.9999745E+00
        80      3 -0.7317340E-02  0.0000000E+00  0.9999732E+00
        80      4 -0.8059378E-02  0.0000000E+00  0.9999675E+00

        81      0  0.0000000E+00  0.0000000E+00  0.0000000E+00
        81      1 -0.7071388E-02  0.0000000E+00  0.9999750E+00
        81      2 -0.7285516E-02  0.0000000E+00  0.9999735E+00
        81      3 -0.7518119E-02  0.0000000E+00  0.9999717E+00
        81      4 -0.8289707E-02  0.0000000E+00  0.9999656E+00

        82      0  0.0000000E+00  0.0000000E+00  0.0000000E+00
        82      1 -0.7158688E-02  0.0000000E+00  0.9999744E+00
        82      2 -0.6762120E-02  0.0000000E+00  0.9999771E+00
        82      3 -0.6388860E-02  0.0000000E+00  0.9999796E+00
        82      4 -0.5420249E-02  0.0000000E+00  0.9999853E+00

        83      0  0.0000000E+00  0.0000000E+00  0.0000000E+00
        83      1 -0.7245987E-02  0.0000000E+00  0.9999737E+00
        83      2 -0.7586235E-02  0.0000000E+00  0.9999712E+00
        83      3 -0.7953009E-02  0.0000000E+00  0.9999684E+00
        83      4 -0.9239006E-02  0.0000000E+00  0.9999573E+00

        84      0  0.0000000E+00  0.0000000E+00  0.0000000E+00
        84      1 -0.7333287E-02  0.0000000E+00  0.9999731E+00
        84      2 -0.7322989E-02  0.0000000E+00  0.9999732E+00
        84      3 -0.7331390E-02  0.0000000E+00  0.9999731E+00
        84      4 -0.7425873E-02  0.0000000E+00  0.9999724E+00

        85      0  0.0000000E+00  0.0000000E+00  0.0000000E+00
        85      1 -0.7420586E-02  0.0000000E+00  0.9999725E+00
        85      2 -0.7131409E-02  0.0000000E+00  0.9999746E+00
        85      3 -0.6868606E-02  0.0000000E+00  0.9999764E+00
        85      4 -0.6272158E-02  0.0000000E+00  0.9999803E+00

        86      0  0.0000000E+00  0.0000000E+00  0.0000000E+00
        86      1 -0.7507886E-02  0.0000000E+00  0.9999718E+00
        86      2 -0.7933566E-02  0.0000000E+00  0.9999685E+00
        86      3 -0.8383942E-02  0.0000000E+00  0.9999649E+00
        86      4 -0.9886480E-02  0.0000000E+00  0.9999511E+00

        87      0  0.0000000E+00  0.0000000E+00  0.0000000E+00
        87      1 -0.7595185E-02  0.0000000E+00  0.9999712E+00
        87      2 -0.7367122E-02  0.0000000E+00  0.9999729E+00
        87      3 -0.7159368E-02  0.0000000E+00  0.9999744E+00
        87      4 -0.6622692E-02  0.0000000E+00  0.9999781E+00

        88      0  0.0000000E+00  0.0000000E+00  0.0000000E+00
        88      1 -0.7682484E-02  0.0000000E+00  0.9999705E+00
        88      2 -0.7593592E-02  0.0000000E+00  0.9999712E+00
        88      3 -0.7533683E-02  0.0000000E+00  0.9999716E+00
        88      4 -0.7574990E-02  0.0000000E+00  0.9999713E+00

        89      0  0.0000000E+00  0.0000000E+00  0.0000000E+00
        89      1 -0.7769784E-02  0.0000000E+00  0.9999698E+00
        89      2 -0.8153142E-02  0.0000000E+00  0.9999668E+00
        89      3 -0.8558913E-02  0.0000000E+00  0.9999634E+00
        89      4 -0.9888544E-02  0.0000000E+00  0.9999511E+00

        90      0  0.0000000E+00  0.0000000E+00  0.0000000E+00
        90      1 -0.7857083E-02  0.0000000E+00  0.9999691E+00
        90      2 -0.7485107E-02  0.0000000E+00  0.9999720E+00
        90      3 -0.7136065E-02  0.0000000E+00  0.9999745E+00
        90      4 -0.6211218E-02  0.0000000E+00  0.9999807E+00

        91      0  0.0000000E+00  0.0000000E+00  0.0000000E+00
        91      1 -0.7944382E-02  0.0000000E+00  0.9999684E+00
        91      2 -0.8086924E-02  0.0000000E+00  0.9999673E+00
        91      3 -0.8259804E-02  0.0000000E+00  0.9999659E+00
        91      4 -0.9006983E-02  0.0000000E+00  0.9999594E+00

        92      0  0.0000000E+00  0.0000000E+00  0.0000000E+00
        92      1 -0.8031681E-02  0.0000000E+00  0.9999677E+00
        92      2 -0.8258278E-02  0.0000000E+00  0.9999659E+00
        92      3 -0.8505792E-02  0.0000000E+00  0.9999638E+00
        92      4 -0.9332287E-02  0.0000000E+00  0.9999565E+00

        93      0  0.0000000E+00  0.0000000E+00  0.0000000E+00
        93      1 -0.8118980E-02  0.0000000E+00  0.9999670E+00
        93      2 -0.7721503E-02  0.0000000E+00  0.9999702E+00
        93      3 -0.7350179E-02  0.0000000E+00  0.9999730E+00
        93      4 -0.6404728E-02  0.0000000E+00  0.9999795E+00

        94      0  0.0000000E+00  0.0000000E+00  0.0000000E+00
        94      1 -0.8206279E-02  0.0000000E+00  0.9999663E+00
        94      2 -0.8539981E-02  0.0000000E+00  0.9999635E+00
        94      3 -0.8903550E-02  0.0000000E+00  0.9999604E+00
        94      4 -0.1020452E-01  0.0000000E+00  0.9999479E+00

        95      0  0.0000000E+00  0.0000000E+00  0.0000000E+00
        95      1 -0.8293578E-02  0.0000000E+00  0.9999656E+00
        95      2 -0.8297456E-02  0.0000000E+00  0.9999656E+00
        95      3 -0.8322297E-02  0.0000000E+00  0.9999654E+00
        95      4 -0.8473957E-02  0.0000000E+00  0.9999641E+00

        96      0  0.0000000E+00  0.0000000E+00  0.0000000E+00
        96      1 -0.8380876E-02  0.0000000E+00  0.9999649E+00
        96      2 -0.8084438E-02  0.0000000E+00  0.9999673E+00
        96      3 -0.7817505E-02  0.0000000E+00  0.9999694E+00
        96      4 -0.7230874E-02  0.0000000E+00  0.9999739E+00

        97      0  0.0000000E+00  0.0000000E+00  0.0000000E+00
        97      1 -0.8468175E-02  0.0000000E+00  0.9999641E+00
        97      2 -0.8893861E-02  0.0000000E+00  0.9999604E+00
        97      3 -0.9347327E-02  0.0000000E+00  0.9999563E+00
        97      4 -0.1087936E-01  0.0000000E+00  0.9999408E+00

        98      0  0.0000000E+00  0.0000000E+00  0.0000000E+00
        98      1 -0.8555474E-02  0.0000000E+00  0.9999634E+00
        98      2 -0.8339369E-02  0.0000000E+00  0.9999652E+00
        98      3 -0.8145853E-02  0.0000000E+00  0.9999668E+00
        98      4 -0.7660338E-02  0.0000000E+00  0.9999707E+00

        99      0  0.0000000E+00  0.0000000E+00  0.0000000E+00
        99      1 -0.8642772E-02  0.0000000E+00  0.9999627E+00
        99      2 -0.8542947E-02  0.0000000E+00  0.9999635E+00
        99      3 -0.8475435E-02  0.0000000E+00  0.9999641E+00
        99      4 -0.8519531E-02  0.0000000E+00  0.9999637E+00

       100      0  0.0000000E+00  0.0000000E+00  0.0000000E+00
       100      1 -0.8730071E-02  0.0000000E+00  0.9999619E+00
       100      2 -0.9120415E-02  0.0000000E+00  0.9999584E+00
       100      3 -0.9535908E-02  0.0000000E+00  0.9999545E+00
       100      4 -0.1090957E-01  0.0000000E+00  0.9999405E+00
