# number of spin vectors:       5
# iteration vector   S_X            S_Y            S_Z
         0      0  0.0000000E+00  0.0000000E+00  0.0000000E+00
         0      1  0.0000000E+00  0.0000000E+00  0.1000000E+01
         0      2  0.0000000E+00  0.0000000E+00  0.1000000E+01
         0      3  0.0000000E+00  0.0000000E+00  0.1000000E+01
         0      4  0.0000000E+00  0.0000000E+00  0.1000000E+01

         1      0  0.0000000E+00  0.0000000E+00  0.0000000E+00
         1      1 -0.8652609E-04  0.0000000E+00  0.1000000E+01
         1      2 -0.4595353E-03  0.0000000E+00  0.9999999E+00
         1      3 -0.8322109E-03  0.0000000E+00  0.9999997E+00
         1      4 -0.1945853E-02  0.0000000E+00  0.9999981E+00

         2      0  0.0000000E+00  0.0000000E+00  0.0000000E+00
         2      1 -0.1730522E-03  0.0000000E+00  0.1000000E+01
         2      2  0.1487025E-03  0.0000000E+00  0.1000000E+01
         2      3  0.4708441E-03  0.0000000E+00  0.9999999E+00
         2      4  0.1446734E-02  0.0000000E+00  0.9999990E+00

         3      0  0.0000000E+00  0.0000000E+00  0.0000000E+00
         3      1 -0.2595783E-03  0.0000000E+00  0.1000000E+01
         3      2 -0.1632293E-03  0.0000000E+00  0.1000000E+01
         3      3 -0.6927279E-04  0.0000000E+00  0.1000000E+01
         3      4  0.1810896E-03  0.0000000E+00  0.1000000E+01

         4      0  0.0000000E+00  0.0000000E+00  0.0000000E+00
         4      1 -0.3461044E-03  0.0000000E+00  0.9999999E+00
         4      2 -0.7508090E-03  0.0000000E+00  0.9999997E+00
         4      3 -0.1155658E-02  0.0000000E+00  0.9999993E+00
         4      4 -0.2365861E-02  0.0000000E+00  0.9999972E+00

         5      0  0.0000000E+00  0.0000000E+00  0.0000000E+00
         5      1 -0.4326305E-03  0.0000000E+00  0.9999999E+00
         5      2 -0.1810822E-03  0.0000000E+00  0.1000000E+01
         5      3  0.7144025E-04  0.0000000E+00  0.1000000E+01
         5      4  0.8570148E-03  0.0000000E+00  0.9999996E+00

         6      0  0.0000000E+00  0.0000000E+00  0.0000000E+00
         6      1 -0.5191565E-03  0.0000000E+00  0.9999999E+00
         6      2 -0.3317745E-03  0.0000000E+00  0.9999999E+00
         6      3 -0.1488454E-03  0.0000000E+00  0.1000000E+01
         6      4  0.3414791E-03  0.0000000E+00  0.9999999E+00

         7      0  0.0000000E+00  0.0000000E+00  0.0000000E+00
         7      1 -0.6056826E-03  0.0000000E+00  0.9999998E+00
         7      2 -0.1019699E-02  0.0000000E+00  0.9999995E+00
         7      3 -0.1435211E-02  0.0000000E+00  0.9999990E+00
         7      4 -0.2690233E-02  0.0000000E+00  0.9999964E+00

         8      0  0.0000000E+00  0.0000000E+00  0.0000000E+00
         8      1 -0.6922087E-03  0.0000000E+00  0.9999998E+00
         8      2 -0.5248006E-03  0.0000000E+00  0.9999999E+00
         8      3 -0.3554299E-03  0.0000000E+00  0.9999999E+00
         8      4  0.2051424E-03  0.0000000E+00  0.1000000E+01

         9      0  0.0000000E+00  0.0000000E+00  0.0000000E+00
         9      1 -0.7787348E-03  0.0000000E+00  0.9999997E+00
         9      2 -0.5107098E-03  0.0000000E+00  0.9999999E+00
         9      3 -0.2486411E-03  0.0000000E+00  0.1000000E+01
         9      4  0.4603097E-03  0.0000000E+00  0.9999999E+00

        10      0  0.0000000E+00  0.0000000E+00  0.0000000E+00
        10      1 -0.8652608E-03  0.0000000E+00  0.9999996E+00
        10      2 -0.1265710E-02  0.0000000E+00  0.9999992E+00
        10      3 -0.1669863E-02  0.0000000E+00  0.9999986E+00
        10      4 -0.2916295E-02  0.0000000E+00  0.9999957E+00

        11      0  0.0000000E+00  0.0000000E+00  0.0000000E+00
        11      1 -0.9517869E-03  0.0000000E+00  0.9999995E+00
        11      2 -0.8778049E-03  0.0000000E+00  0.9999996E+00
        11      3 -0.8007111E-03  0.0000000E+00  0.9999997E+00
        11      4 -0.4903239E-03  0.0000000E+00  0.9999999E+00

        12      0  0.0000000E+00  0.0000000E+00  0.0000000E+00
        12      1 -0.1038313E-02  0.0000000E+00  0.9999995E+00
        12      2 -0.7045361E-03  0.0000000E+00  0.9999998E+00
        12      3 -0.3774909E-03  0.0000000E+00  0.9999999E+00
        12      4  0.5186369E-03  0.0000000E+00  0.9999999E+00

        13      0  0.0000000E+00  0.0000000E+00  0.0000000E+00
        13      1 -0.1124839E-02  0.0000000E+00  0.9999994E+00
        13      2 -0.1489610E-02  0.0000000E+00  0.9999989E+00
        13      3 -0.1861032E-02  0.0000000E+00  0.9999983E+00
        13      4 -0.3046023E-02  0.0000000E+00  0.9999954E+00

        14      0  0.0000000E+00  0.0000000E+00  0.0000000E+00
        14      1 -0.1211365E-02  0.0000000E+00  0.9999993E+00
        14      2 -0.1234938E-02  0.0000000E+00  0.9999992E+00
        14      3 -0.1254362E-02  0.0000000E+00  0.9999992E+00
        14      4 -0.1208765E-02  0.0000000E+00  0.9999993E+00

        15      0  0.0000000E+00  0.0000000E+00  0.0000000E+00
        15      1 -0.1297891E-02  0.0000000E+00  0.9999992E+00
        15      2 -0.9169285E-03  0.0000000E+00  0.9999996E+00
        15      3 -0.5426403E-03  0.0000000E+00  0.9999999E+00
        15      4  0.5004578E-03  0.0000000E+00  0.9999999E+00

        16      0  0.0000000E+00  0.0000000E+00  0.0000000E+00
        16      1 -0.1384417E-02  0.0000000E+00  0.9999990E+00
        16      2 -0.1693385E-02  0.0000000E+00  0.9999986E+00
        16      3 -0.2012487E-02  0.0000000E+00  0.9999980E+00
        16      4 -0.3085970E-02  0.0000000E+00  0.9999952E+00

        17      0  0.0000000E+00  0.0000000E+00  0.0000000E+00
        17      1 -0.1470943E-02  0.0000000E+00  0.9999989E+00
        17      2 -0.1590818E-02  0.0000000E+00  0.9999987E+00
        17      3 -0.1705910E-02  0.0000000E+00  0.9999985E+00
        17      4 -0.1928584E-02  0.0000000E+00  0.9999981E+00

        18      0  0.0000000E+00  0.0000000E+00  0.0000000E+00
        18      1 -0.1557469E-02  0.0000000E+00  0.9999988E+00
        18      2 -0.1150530E-02  0.0000000E+00  0.9999993E+00
        18      3 -0.7493448E-03  0.0000000E+00  0.9999997E+00
        18      4  0.3935610E-03  0.0000000E+00  0.9999999E+00

        19      0  0.0000000E+00  0.0000000E+00  0.0000000E+00
        19      1 -0.1643995E-02  0.0000000E+00  0.9999986E+00
        19      2 -0.1880135E-02  0.0000000E+00  0.9999982E+00
        19      3 -0.2130149E-02  0.0000000E+00  0.9999977E+00
        19      4 -0.3046938E-02  0.0000000E+00  0.9999954E+00

        20      0  0.0000000E+00  0.0000000E+00  0.0000000E+00
        20      1 -0.1730521E-02  0.0000000E+00  0.9999985E+00
        20      2 -0.1940141E-02  0.0000000E+00  0.9999981E+00
        20      3 -0.2145019E-02  0.0000000E+00  0.9999977E+00
        20      4 -0.2628306E-02  0.0000000E+00  0.9999965E+00

        21      0  0.0000000E+00  0.0000000E+00  0.0000000E+00
        21      1 -0.1817047E-02  0.0000000E+00  0.9999983E+00
        21      2 -0.1406805E-02  0.0000000E+00  0.9999990E+00
        21      3 -0.1000578E-02  0.0000000E+00  0.9999995E+00
        21      4  0.1901258E-03  0.0000000E+00  0.1000000E+01

        22      0  0.0000000E+00  0.0000000E+00  0.0000000E+00
        22      1 -0.1903573E-02  0.0000000E+00  0.9999982E+00
        22      2 -0.2053905E-02  0.0000000E+00  0.9999979E+00
        22      3 -0.2221779E-02  0.0000000E+00  0.9999975E+00
        22      4 -0.2943452E-02  0.0000000E+00  0.9999957E+00

        23      0  0.0000000E+00  0.0000000E+00  0.0000000E+00
        23      1 -0.1990099E-02  0.0000000E+00  0.9999980E+00
        23      2 -0.2277967E-02  0.0000000E+00  0.9999974E+00
        23      3 -0.2562046E-02  0.0000000E+00  0.9999967E+00
        23      4 -0.3287597E-02  0.0000000E+00  0.9999946E+00

        24      0  0.0000000E+00  0.0000000E+00  0.0000000E+00
        24      1 -0.2076625E-02  0.0000000E+00  0.9999978E+00
        24      2 -0.1685955E-02  0.0000000E+00  0.9999986E+00
        24      3 -0.1296870E-02  0.0000000E+00  0.9999992E+00
        24      4 -0.1129463E-03  0.0000000E+00  0.1000000E+01

        25      0  0.0000000E+00  0.0000000E+00  0.0000000E+00
        25      1 -0.2163151E-02  0.0000000E+00  0.9999977E+00
        25      2 -0.2219459E-02  0.0000000E+00  0.9999975E+00
        25      3 -0.2296565E-02  0.0000000E+00  0.9999974E+00
        25      4 -0.2793073E-02  0.0000000E+00  0.9999961E+00

        26      0  0.0000000E+00  0.0000000E+00  0.0000000E+00
        26      1 -0.2249677E-02  0.0000000E+00  0.9999975E+00
        26      2 -0.2599996E-02  0.0000000E+00  0.9999966E+00
        26      3 -0.2948558E-02  0.0000000E+00  0.9999957E+00
        26      4 -0.3888156E-02  0.0000000E+00  0.9999924E+00

        27      0  0.0000000E+00  0.0000000E+00  0.0000000E+00
        27      1 -0.2336202E-02  0.0000000E+00  0.9999973E+00
        27      2 -0.1986909E-02  0.0000000E+00  0.9999980E+00
        27      3 -0.1636278E-02  0.0000000E+00  0.9999987E+00
        27      4 -0.5139394E-03  0.0000000E+00  0.9999999E+00

        28      0  0.0000000E+00  0.0000000E+00  0.0000000E+00
        28      1 -0.2422728E-02  0.0000000E+00  0.9999971E+00
        28      2 -0.2382025E-02  0.0000000E+00  0.9999972E+00
        28      3 -0.2364630E-02  0.0000000E+00  0.9999972E+00
        28      4 -0.2615637E-02  0.0000000E+00  0.9999966E+00

        29      0  0.0000000E+00  0.0000000E+00  0.0000000E+00
        29      1 -0.2509254E-02  0.0000000E+00  0.9999969E+00
        29      2 -0.2902801E-02  0.0000000E+00  0.9999958E+00
        29      3 -0.3297778E-02  0.0000000E+00  0.9999946E+00
        29      4 -0.4414467E-02  0.0000000E+00  0.9999903E+00

        30      0  0.0000000E+00  0.0000000E+00  0.0000000E+00
        30      1 -0.2595780E-02  0.0000000E+00  0.9999966E+00
        30      2 -0.2307386E-02  0.0000000E+00  0.9999973E+00
        30      3 -0.2014501E-02  0.0000000E+00  0.9999980E+00
        30      4 -0.1006430E-02  0.0000000E+00  0.9999995E+00

        31      0  0.0000000E+00  0.0000000E+00  0.0000000E+00
        31      1 -0.2682306E-02  0.0000000E+00  0.9999964E+00
        31      2 -0.2546999E-02  0.0000000E+00  0.9999968E+00
        31      3 -0.2436486E-02  0.0000000E+00  0.9999970E+00
        31      4 -0.2432394E-02  0.0000000E+00  0.9999970E+00

        32      0  0.0000000E+00  0.0000000E+00  0.0000000E+00
        32      1 -0.2768831E-02  0.0000000E+00  0.9999962E+00
        32      2 -0.3184016E-02  0.0000000E+00  0.9999949E+00
        32      3 -0.3604940E-02  0.0000000E+00  0.9999935E+00
        32      4 -0.4854452E-02  0.0000000E+00  0.9999882E+00

        33      0  0.0000000E+00  0.0000000E+00  0.0000000E+00
        33      1 -0.2855357E-02  0.0000000E+00  0.9999959E+00
        33      2 -0.2644021E-02  0.0000000E+00  0.9999965E+00
        33      3 -0.2425121E-02  0.0000000E+00  0.9999971E+00
        33      4 -0.1579583E-02  0.0000000E+00  0.9999988E+00

        34      0  0.0000000E+00  0.0000000E+00  0.0000000E+00
        34      1 -0.2941883E-02  0.0000000E+00  0.9999957E+00
        34      2 -0.2719650E-02  0.0000000E+00  0.9999963E+00
        34      3 -0.2522462E-02  0.0000000E+00  0.9999968E+00
        34      4 -0.2265057E-02  0.0000000E+00  0.9999974E+00

        35      0  0.0000000E+00  0.0000000E+00  0.0000000E+00
        35      1 -0.3028409E-02  0.0000000E+00  0.9999954E+00
        35      2 -0.3442467E-02  0.0000000E+00  0.9999941E+00
        35      3 -0.3867546E-02  0.0000000E+00  0.9999925E+00
        35      4 -0.5200017E-02  0.0000000E+00  0.9999865E+00

        36      0  0.0000000E+00  0.0000000E+00  0.0000000E+00
        36      1 -0.3114934E-02  0.0000000E+00  0.9999951E+00
        36      2 -0.2992557E-02  0.0000000E+00  0.9999955E+00
        36      3 -0.2859955E-02  0.0000000E+00  0.9999959E+00
        36      4 -0.2218640E-02  0.0000000E+00  0.9999975E+00

        37      0  0.0000000E+00  0.0000000E+00  0.0000000E+00
        37      1 -0.3201460E-02  0.0000000E+00  0.9999949E+00
        37      2 -0.2904825E-02  0.0000000E+00  0.9999958E+00
        37      3 -0.2632133E-02  0.0000000E+00  0.9999965E+00
        37      4 -0.2134765E-02  0.0000000E+00  0.9999977E+00

        38      0  0.0000000E+00  0.0000000E+00  0.0000000E+00
        38      1 -0.3287986E-02  0.0000000E+00  0.9999946E+00
        38      2 -0.3678232E-02  0.0000000E+00  0.9999932E+00
        38      3 -0.4085502E-02  0.0000000E+00  0.9999917E+00
        38      4 -0.5447472E-02  0.0000000E+00  0.9999852E+00

        39      0  0.0000000E+00  0.0000000E+00  0.0000000E+00
        39      1 -0.3374511E-02  0.0000000E+00  0.9999943E+00
        39      2 -0.3348079E-02  0.0000000E+00  0.9999944E+00
        39      3 -0.3309517E-02  0.0000000E+00  0.9999945E+00
        39      4 -0.2905639E-02  0.0000000E+00  0.9999958E+00

        40      0  0.0000000E+00  0.0000000E+00  0.0000000E+00
        40      1 -0.3461037E-02  0.0000000E+00  0.9999940E+00
        40      2 -0.3106679E-02  0.0000000E+00  0.9999952E+00
        40      3 -0.2773789E-02  0.0000000E+00  0.9999962E+00
        40      4 -0.2060979E-02  0.0000000E+00  0.9999979E+00

        41      0  0.0000000E+00  0.0000000E+00  0.0000000E+00
        41      1 -0.3547562E-02  0.0000000E+00  0.9999937E+00
        41      2 -0.3892643E-02  0.0000000E+00  0.9999924E+00
        41      3 -0.4261123E-02  0.0000000E+00  0.9999909E+00
        41      4 -0.5597753E-02  0.0000000E+00  0.9999843E+00

        42      0  0.0000000E+00  0.0000000E+00  0.0000000E+00
        42      1 -0.3634088E-02  0.0000000E+00  0.9999934E+00
        42      2 -0.3705292E-02  0.0000000E+00  0.9999931E+00
        42      3 -0.3763537E-02  0.0000000E+00  0.9999929E+00
        42      4 -0.3620326E-02  0.0000000E+00  0.9999934E+00

        43      0  0.0000000E+00  0.0000000E+00  0.0000000E+00
        43      1 -0.3720613E-02  0.0000000E+00  0.9999931E+00
        43      2 -0.3328439E-02  0.0000000E+00  0.9999945E+00
        43      3 -0.2953969E-02  0.0000000E+00  0.9999956E+00
        43      4 -0.2060439E-02  0.0000000E+00  0.9999979E+00

        44      0  0.0000000E+00  0.0000000E+00  0.0000000E+00
        44      1 -0.3807139E-02  0.0000000E+00  0.9999928E+00
        44      2 -0.4088210E-02  0.0000000E+00  0.9999916E+00
        44      3 -0.4399015E-02  0.0000000E+00  0.9999903E+00
        44      4 -0.5656414E-02  0.0000000E+00  0.9999840E+00

        45      0  0.0000000E+00  0.0000000E+00  0.0000000E+00
        45      1 -0.3893664E-02  0.0000000E+00  0.9999924E+00
        45      2 -0.4058812E-02  0.0000000E+00  0.9999918E+00
        45      3 -0.4211525E-02  0.0000000E+00  0.9999911E+00
        45      4 -0.4341228E-02  0.0000000E+00  0.9999906E+00

        46      0  0.0000000E+00  0.0000000E+00  0.0000000E+00
        46      1 -0.3980190E-02  0.0000000E+00  0.9999921E+00
        46      2 -0.3572227E-02  0.0000000E+00  0.9999936E+00
        46      3 -0.3177100E-02  0.0000000E+00  0.9999950E+00
        46      4 -0.2146263E-02  0.0000000E+00  0.9999977E+00

        47      0  0.0000000E+00  0.0000000E+00  0.0000000E+00
        47      1 -0.4066715E-02  0.0000000E+00  0.9999917E+00
        47      2 -0.4268487E-02  0.0000000E+00  0.9999909E+00
        47      3 -0.4505834E-02  0.0000000E+00  0.9999898E+00
        47      4 -0.5633352E-02  0.0000000E+00  0.9999841E+00

        48      0  0.0000000E+00  0.0000000E+00  0.0000000E+00
        48      1 -0.4153241E-02  0.0000000E+00  0.9999914E+00
        48      2 -0.4403465E-02  0.0000000E+00  0.9999903E+00
        48      3 -0.4643343E-02  0.0000000E+00  0.9999892E+00
        48      4 -0.5046750E-02  0.0000000E+00  0.9999873E+00

        49      0  0.0000000E+00  0.0000000E+00  0.0000000E+00
        49      1 -0.4239766E-02  0.0000000E+00  0.9999910E+00
        49      2 -0.3838938E-02  0.0000000E+00  0.9999926E+00
        49      3 -0.3445249E-02  0.0000000E+00  0.9999941E+00
        49      4 -0.2327285E-02  0.0000000E+00  0.9999973E+00

        50      0  0.0000000E+00  0.0000000E+00  0.0000000E+00
        50      1 -0.4326291E-02  0.0000000E+00  0.9999906E+00
        50      2 -0.4437876E-02  0.0000000E+00  0.9999902E+00
        50      3 -0.4589928E-02  0.0000000E+00  0.9999895E+00
        50      4 -0.5542315E-02  0.0000000E+00  0.9999846E+00

        51      0  0.0000000E+00  0.0000000E+00  0.0000000E+00
        51      1 -0.4412816E-02  0.0000000E+00  0.9999903E+00
        51      2 -0.4734571E-02  0.0000000E+00  0.9999888E+00
        51      3 -0.5049746E-02  0.0000000E+00  0.9999872E+00
        51      4 -0.5716223E-02  0.0000000E+00  0.9999837E+00

        52      0  0.0000000E+00  0.0000000E+00  0.0000000E+00
        52      1 -0.4499342E-02  0.0000000E+00  0.9999899E+00
        52      2 -0.4128193E-02  0.0000000E+00  0.9999915E+00
        52      3 -0.3758014E-02  0.0000000E+00  0.9999929E+00
        52      4 -0.2607672E-02  0.0000000E+00  0.9999966E+00

        53      0  0.0000000E+00  0.0000000E+00  0.0000000E+00
        53      1 -0.4585867E-02  0.0000000E+00  0.9999895E+00
        53      2 -0.4601387E-02  0.0000000E+00  0.9999894E+00
        53      3 -0.4660898E-02  0.0000000E+00  0.9999891E+00
        53      4 -0.5400253E-02  0.0000000E+00  0.9999854E+00

        54      0  0.0000000E+00  0.0000000E+00  0.0000000E+00
        54      1 -0.4672392E-02  0.0000000E+00  0.9999891E+00
        54      2 -0.5048202E-02  0.0000000E+00  0.9999873E+00
        54      3 -0.5422874E-02  0.0000000E+00  0.9999853E+00
        54      4 -0.6330824E-02  0.0000000E+00  0.9999800E+00

        55      0  0.0000000E+00  0.0000000E+00  0.0000000E+00
        55      1 -0.4758917E-02  0.0000000E+00  0.9999887E+00
        55      2 -0.4438358E-02  0.0000000E+00  0.9999902E+00
        55      3 -0.4112547E-02  0.0000000E+00  0.9999915E+00
        55      4 -0.2986777E-02  0.0000000E+00  0.9999955E+00

        56      0  0.0000000E+00  0.0000000E+00  0.0000000E+00
        56      1 -0.4845442E-02  0.0000000E+00  0.9999883E+00
        56      2 -0.4764361E-02  0.0000000E+00  0.9999887E+00
        56      3 -0.4729079E-02  0.0000000E+00  0.9999888E+00
        56      4 -0.5226566E-02  0.0000000E+00  0.9999863E+00

        57      0  0.0000000E+00  0.0000000E+00  0.0000000E+00
        57      1 -0.4931967E-02  0.0000000E+00  0.9999878E+00
        57      2 -0.5341391E-02  0.0000000E+00  0.9999857E+00
        57      3 -0.5756669E-02  0.0000000E+00  0.9999834E+00
        57      4 -0.6874357E-02  0.0000000E+00  0.9999764E+00

        58      0  0.0000000E+00  0.0000000E+00  0.0000000E+00
        58      1 -0.5018492E-02  0.0000000E+00  0.9999874E+00
        58      2 -0.4766640E-02  0.0000000E+00  0.9999886E+00
        58      3 -0.4503716E-02  0.0000000E+00  0.9999899E+00
        58      4 -0.3459205E-02  0.0000000E+00  0.9999940E+00

        59      0  0.0000000E+00  0.0000000E+00  0.0000000E+00
        59      1 -0.5105017E-02  0.0000000E+00  0.9999870E+00
        59      2 -0.4932173E-02  0.0000000E+00  0.9999878E+00
        59      3 -0.4804983E-02  0.0000000E+00  0.9999885E+00
        59      4 -0.5042267E-02  0.0000000E+00  0.9999873E+00

        60      0  0.0000000E+00  0.0000000E+00  0.0000000E+00
        60      1 -0.5191542E-02  0.0000000E+00  0.9999865E+00
        60      2 -0.5612304E-02  0.0000000E+00  0.9999843E+00
        60      3 -0.6047193E-02  0.0000000E+00  0.9999817E+00
        60      4 -0.7333929E-02  0.0000000E+00  0.9999731E+00

        61      0  0.0000000E+00  0.0000000E+00  0.0000000E+00
        61      1 -0.5278067E-02  0.0000000E+00  0.9999861E+00
        61      2 -0.5109240E-02  0.0000000E+00  0.9999869E+00
        61      3 -0.4924393E-02  0.0000000E+00  0.9999879E+00
        61      4 -0.4015067E-02  0.0000000E+00  0.9999919E+00

        62      0  0.0000000E+00  0.0000000E+00  0.0000000E+00
        62      1 -0.5364592E-02  0.0000000E+00  0.9999856E+00
        62      2 -0.5109936E-02  0.0000000E+00  0.9999869E+00
        62      3 -0.4898719E-02  0.0000000E+00  0.9999880E+00
        62      4 -0.4869053E-02  0.0000000E+00  0.9999881E+00

        63      0  0.0000000E+00  0.0000000E+00  0.0000000E+00
        63      1 -0.5451117E-02  0.0000000E+00  0.9999851E+00
        63      2 -0.5860330E-02  0.0000000E+00  0.9999828E+00
        63      3 -0.6292841E-02  0.0000000E+00  0.9999802E+00
        63      4 -0.7700518E-02  0.0000000E+00  0.9999704E+00

        64      0  0.0000000E+00  0.0000000E+00  0.0000000E+00
        64      1 -0.5537642E-02  0.0000000E+00  0.9999847E+00
        64      2 -0.5461571E-02  0.0000000E+00  0.9999851E+00
        64      3 -0.5365849E-02  0.0000000E+00  0.9999856E+00
        64      4 -0.4640426E-02  0.0000000E+00  0.9999892E+00

        65      0  0.0000000E+00  0.0000000E+00  0.0000000E+00
        65      1 -0.5624166E-02  0.0000000E+00  0.9999842E+00
        65      2 -0.5302213E-02  0.0000000E+00  0.9999859E+00
        65      3 -0.5019441E-02  0.0000000E+00  0.9999874E+00
        65      4 -0.4728284E-02  0.0000000E+00  0.9999888E+00

        66      0  0.0000000E+00  0.0000000E+00  0.0000000E+00
        66      1 -0.5710691E-02  0.0000000E+00  0.9999837E+00
        66      2 -0.6086125E-02  0.0000000E+00  0.9999815E+00
        66      3 -0.6494430E-02  0.0000000E+00  0.9999789E+00
        66      4 -0.7969426E-02  0.0000000E+00  0.9999682E+00

        67      0  0.0000000E+00  0.0000000E+00  0.0000000E+00
        67      1 -0.5797216E-02  0.0000000E+00  0.9999832E+00
        67      2 -0.5818510E-02  0.0000000E+00  0.9999831E+00
        67      3 -0.5818237E-02  0.0000000E+00  0.9999831E+00
        67      4 -0.5317959E-02  0.0000000E+00  0.9999859E+00

        68      0  0.0000000E+00  0.0000000E+00  0.0000000E+00
        68      1 -0.5883740E-02  0.0000000E+00  0.9999827E+00
        68      2 -0.5512764E-02  0.0000000E+00  0.9999848E+00
        68      3 -0.5174829E-02  0.0000000E+00  0.9999866E+00
        68      4 -0.4639889E-02  0.0000000E+00  0.9999892E+00

        69      0  0.0000000E+00  0.0000000E+00  0.0000000E+00
        69      1 -0.5970265E-02  0.0000000E+00  0.9999822E+00
        69      2 -0.6291568E-02  0.0000000E+00  0.9999802E+00
        69      3 -0.6655156E-02  0.0000000E+00  0.9999779E+00
        69      4 -0.8140552E-02  0.0000000E+00  0.9999669E+00

        70      0  0.0000000E+00  0.0000000E+00  0.0000000E+00
        70      1 -0.6056790E-02  0.0000000E+00  0.9999817E+00
        70      2 -0.6174683E-02  0.0000000E+00  0.9999809E+00
        70      3 -0.6271140E-02  0.0000000E+00  0.9999803E+00
        70      4 -0.6027836E-02  0.0000000E+00  0.9999818E+00

        71      0  0.0000000E+00  0.0000000E+00  0.0000000E+00
        71      1 -0.6143314E-02  0.0000000E+00  0.9999811E+00
        71      2 -0.5744331E-02  0.0000000E+00  0.9999835E+00
        71      3 -0.5370667E-02  0.0000000E+00  0.9999856E+00
        71      4 -0.4621299E-02  0.0000000E+00  0.9999893E+00

        72      0  0.0000000E+00  0.0000000E+00  0.0000000E+00
        72      1 -0.6229838E-02  0.0000000E+00  0.9999806E+00
        72      2 -0.6479664E-02  0.0000000E+00  0.9999790E+00
        72      3 -0.6780430E-02  0.0000000E+00  0.9999770E+00
        72      4 -0.8218437E-02  0.0000000E+00  0.9999662E+00

        73      0  0.0000000E+00  0.0000000E+00  0.0000000E+00
        73      1 -0.6316363E-02  0.0000000E+00  0.9999801E+00
        73      2 -0.6524767E-02  0.0000000E+00  0.9999787E+00
        73      3 -0.6714133E-02  0.0000000E+00  0.9999775E+00
        73      4 -0.6748757E-02  0.0000000E+00  0.9999772E+00

        74      0  0.0000000E+00  0.0000000E+00  0.0000000E+00
        74      1 -0.6402887E-02  0.0000000E+00  0.9999795E+00
        74      2 -0.5998490E-02  0.0000000E+00  0.9999820E+00
        74      3 -0.5610518E-02  0.0000000E+00  0.9999843E+00
        74      4 -0.4686503E-02  0.0000000E+00  0.9999890E+00

        75      0  0.0000000E+00  0.0000000E+00  0.0000000E+00
        75      1 -0.6489411E-02  0.0000000E+00  0.9999789E+00
        75      2 -0.6654382E-02  0.0000000E+00  0.9999779E+00
        75      3 -0.6877589E-02  0.0000000E+00  0.9999763E+00
        75      4 -0.8212045E-02  0.0000000E+00  0.9999663E+00

        76      0  0.0000000E+00  0.0000000E+00  0.0000000E+00
        76      1 -0.6575936E-02  0.0000000E+00  0.9999784E+00
        76      2 -0.6863778E-02  0.0000000E+00  0.9999764E+00
        76      3 -0.7137353E-02  0.0000000E+00  0.9999745E+00
        76      4 -0.7459062E-02  0.0000000E+00  0.9999722E+00

        77      0  0.0000000E+00  0.0000000E+00  0.0000000E+00
        77      1 -0.6662460E-02  0.0000000E+00  0.9999778E+00
        77      2 -0.6275558E-02  0.0000000E+00  0.9999803E+00
        77      3 -0.5895527E-02  0.0000000E+00  0.9999826E+00
        77      4 -0.4845333E-02  0.0000000E+00  0.9999883E+00

        78      0  0.0000000E+00  0.0000000E+00  0.0000000E+00
        78      1 -0.6748984E-02  0.0000000E+00  0.9999772E+00
        78      2 -0.6820430E-02  0.0000000E+00  0.9999767E+00
        78      3 -0.6955508E-02  0.0000000E+00  0.9999758E+00
        78      4 -0.8134319E-02  0.0000000E+00  0.9999669E+00

        79      0  0.0000000E+00  0.0000000E+00  0.0000000E+00
        79      1 -0.6835508E-02  0.0000000E+00  0.9999766E+00
        79      2 -0.7187348E-02  0.0000000E+00  0.9999742E+00
        79      3 -0.7532020E-02  0.0000000E+00  0.9999716E+00
        79      4 -0.8137793E-02  0.0000000E+00  0.9999669E+00

        80      0  0.0000000E+00  0.0000000E+00  0.0000000E+00
        80      1 -0.6922032E-02  0.0000000E+00  0.9999760E+00
        80      2 -0.6574577E-02  0.0000000E+00  0.9999784E+00
        80      3 -0.6224362E-02  0.0000000E+00  0.9999806E+00
        80      4 -0.5103015E-02  0.0000000E+00  0.9999870E+00

        81      0  0.0000000E+00  0.0000000E+00  0.0000000E+00
        81      1 -0.7008556E-02  0.0000000E+00  0.9999754E+00
        81      2 -0.6983006E-02  0.0000000E+00  0.9999756E+00
        81      3 -0.7024127E-02  0.0000000E+00  0.9999753E+00
        81      4 -0.8001557E-02  0.0000000E+00  0.9999680E+00

        82      0  0.0000000E+00  0.0000000E+00  0.0000000E+00
        82      1 -0.7095080E-02  0.0000000E+00  0.9999748E+00
        82      2 -0.7491963E-02  0.0000000E+00  0.9999719E+00
        82      3 -0.7890907E-02  0.0000000E+00  0.9999689E+00
        82      4 -0.8765642E-02  0.0000000E+00  0.9999616E+00

        83      0  0.0000000E+00  0.0000000E+00  0.0000000E+00
        83      1 -0.7181604E-02  0.0000000E+00  0.9999742E+00
        83      2 -0.6893371E-02  0.0000000E+00  0.9999762E+00
        83      3 -0.6593294E-02  0.0000000E+00  0.9999783E+00
        83      4 -0.5459974E-02  0.0000000E+00  0.9999851E+00

        84      0  0.0000000E+00  0.0000000E+00  0.0000000E+00
        84      1 -0.7268128E-02  0.0000000E+00  0.9999736E+00
        84      2 -0.7147504E-02  0.0000000E+00  0.9999745E+00
        84      3 -0.7093914E-02  0.0000000E+00  0.9999748E+00
        84      4 -0.7832682E-02  0.0000000E+00  0.9999693E+00

        85      0  0.0000000E+00  0.0000000E+00  0.0000000E+00
        85      1 -0.7354652E-02  0.0000000E+00  0.9999730E+00
        85      2 -0.7775155E-02  0.0000000E+00  0.9999698E+00
        85      3 -0.8208721E-02  0.0000000E+00  0.9999663E+00
        85      4 -0.9325769E-02  0.0000000E+00  0.9999565E+00

        86      0  0.0000000E+00  0.0000000E+00  0.0000000E+00
        86      1 -0.7441175E-02  0.0000000E+00  0.9999723E+00
        86      2 -0.7228667E-02  0.0000000E+00  0.9999739E+00
        86      3 -0.6996399E-02  0.0000000E+00  0.9999755E+00
        86      4 -0.5911858E-02  0.0000000E+00  0.9999825E+00

        87      0  0.0000000E+00  0.0000000E+00  0.0000000E+00
        87      1 -0.7527699E-02  0.0000000E+00  0.9999717E+00
        87      2 -0.7319215E-02  0.0000000E+00  0.9999732E+00
        87      3 -0.7175297E-02  0.0000000E+00  0.9999743E+00
        87      4 -0.7648424E-02  0.0000000E+00  0.9999708E+00

        88      0  0.0000000E+00  0.0000000E+00  0.0000000E+00
        88      1 -0.7614223E-02  0.0000000E+00  0.9999710E+00
        88      2 -0.8035637E-02  0.0000000E+00  0.9999677E+00
        88      3 -0.8482381E-02  0.0000000E+00  0.9999640E+00
        88      4 -0.9804493E-02  0.0000000E+00  0.9999519E+00

        89      0  0.0000000E+00  0.0000000E+00  0.0000000E+00
        89      1 -0.7700746E-02  0.0000000E+00  0.9999703E+00
        89      2 -0.7576279E-02  0.0000000E+00  0.9999713E+00
        89      3 -0.7425897E-02  0.0000000E+00  0.9999724E+00
        89      4 -0.6449747E-02  0.0000000E+00  0.9999792E+00

        90      0  0.0000000E+00  0.0000000E+00  0.0000000E+00
        90      1 -0.7787270E-02  0.0000000E+00  0.9999697E+00
        90      2 -0.7503036E-02  0.0000000E+00  0.9999719E+00
        90      3 -0.7278091E-02  0.0000000E+00  0.9999735E+00
        90      4 -0.7470413E-02  0.0000000E+00  0.9999721E+00

        91      0  0.0000000E+00  0.0000000E+00  0.0000000E+00
        91      1 -0.7873793E-02  0.0000000E+00  0.9999690E+00
        91      2 -0.8273375E-02  0.0000000E+00  0.9999658E+00
        91      3 -0.8711188E-02  0.0000000E+00  0.9999621E+00
        91      4 -0.1019189E-01  0.0000000E+00  0.9999481E+00

        92      0  0.0000000E+00  0.0000000E+00  0.0000000E+00
        92      1 -0.7960317E-02  0.0000000E+00  0.9999683E+00
        92      2 -0.7931340E-02  0.0000000E+00  0.9999685E+00
        92      3 -0.7872580E-02  0.0000000E+00  0.9999690E+00
        92      4 -0.7060556E-02  0.0000000E+00  0.9999751E+00

        93      0  0.0000000E+00  0.0000000E+00  0.0000000E+00
        93      1 -0.8046840E-02  0.0000000E+00  0.9999676E+00
        93      2 -0.7703195E-02  0.0000000E+00  0.9999703E+00
        93      3 -0.7410952E-02  0.0000000E+00  0.9999725E+00
        93      4 -0.7320176E-02  0.0000000E+00  0.9999732E+00

        94      0  0.0000000E+00  0.0000000E+00  0.0000000E+00
        94      1 -0.8133363E-02  0.0000000E+00  0.9999669E+00
        94      2 -0.8489589E-02  0.0000000E+00  0.9999640E+00
        94      3 -0.8896864E-02  0.0000000E+00  0.9999604E+00
        94      4 -0.1048226E-01  0.0000000E+00  0.9999451E+00

        95      0  0.0000000E+00  0.0000000E+00  0.0000000E+00
        95      1 -0.8219886E-02  0.0000000E+00  0.9999662E+00
        95      2 -0.8288578E-02  0.0000000E+00  0.9999656E+00
        95      3 -0.8326320E-02  0.0000000E+00  0.9999653E+00
        95      4 -0.7727647E-02  0.0000000E+00  0.9999701E+00

        96      0  0.0000000E+00  0.0000000E+00  0.0000000E+00
        96      1 -0.8306409E-02  0.0000000E+00  0.9999655E+00
        96      2 -0.7923012E-02  0.0000000E+00  0.9999686E+00
        96      3 -0.7580893E-02  0.0000000E+00  0.9999713E+00
        96      4 -0.7218056E-02  0.0000000E+00  0.9999739E+00

        97      0  0.0000000E+00  0.0000000E+00  0.0000000E+00
        97      1 -0.8392933E-02  0.0000000E+00  0.9999648E+00
        97      2 -0.8686687E-02  0.0000000E+00  0.9999623E+00
        97      3 -0.9043463E-02  0.0000000E+00  0.9999591E+00
        97      4 -0.1067447E-01  0.0000000E+00  0.9999430E+00

        98      0  0.0000000E+00  0.0000000E+00  0.0000000E+00
        98      1 -0.8479456E-02  0.0000000E+00  0.9999640E+00
        98      2 -0.8642605E-02  0.0000000E+00  0.9999627E+00
        98      3 -0.8776630E-02  0.0000000E+00  0.9999615E+00
        98      4 -0.8431662E-02  0.0000000E+00  0.9999645E+00

        99      0  0.0000000E+00  0.0000000E+00  0.0000000E+00
        99      1 -0.8565978E-02  0.0000000E+00  0.9999633E+00
        99      2 -0.8164713E-02  0.0000000E+00  0.9999667E+00
        99      3 -0.7792894E-02  0.0000000E+00  0.9999696E+00
        99      4 -0.7182126E-02  0.0000000E+00  0.9999742E+00

       100      0  0.0000000E+00  0.0000000E+00  0.0000000E+00
       100      1 -0.8652501E-02  0.0000000E+00  0.9999626E+00
       100      2 -0.8868137E-02  0.0000000E+00  0.9999607E+00
       100      3 -0.9157159E-02  0.0000000E+00  0.9999581E+00
       100      4 -0.1077204E-01  0.0000000E+00  0.9999420E+00
