# number of spin vectors:       5
# iteration vector   S_X            S_Y            S_Z
         0      0  0.0000000E+00  0.0000000E+00  0.0000000E+00
         0      1  0.0000000E+00  0.0000000E+00  0.1000000E+01
         0      2  0.0000000E+00  0.0000000E+00  0.1000000E+01
         0      3  0.0000000E+00  0.0000000E+00  0.1000000E+01
         0      4  0.0000000E+00  0.0000000E+00  0.1000000E+01

         1      0  0.0000000E+00  0.0000000E+00  0.0000000E+00
         1      1 -0.8730182E-04  0.0000000E+00  0.1000000E+01
         1      2 -0.4017865E-03  0.0000000E+00  0.9999999E+00
         1      3 -0.7161309E-03  0.0000000E+00  0.9999997E+00
         1      4 -0.1657679E-02  0.0000000E+00  0.9999986E+00

         2      0  0.0000000E+00  0.0000000E+00  0.0000000E+00
         2      1 -0.1746036E-03  0.0000000E+00  0.1000000E+01
         2      2  0.2369426E-03  0.0000000E+00  0.1000000E+01
         2      3  0.6485027E-03  0.0000000E+00  0.9999998E+00
         2      4  0.1883542E-02  0.0000000E+00  0.9999982E+00

         3      0  0.0000000E+00  0.0000000E+00  0.0000000E+00
         3      1 -0.2619055E-03  0.0000000E+00  0.1000000E+01
         3      2 -0.4842512E-03  0.0000000E+00  0.9999999E+00
         3      3 -0.7078576E-03  0.0000000E+00  0.9999997E+00
         3      4 -0.1388615E-02  0.0000000E+00  0.9999990E+00

         4      0  0.0000000E+00  0.0000000E+00  0.0000000E+00
         4      1 -0.3492073E-03  0.0000000E+00  0.9999999E+00
         4      2 -0.4707203E-03  0.0000000E+00  0.9999999E+00
         4      3 -0.5928957E-03  0.0000000E+00  0.9999998E+00
         4      4 -0.9599965E-03  0.0000000E+00  0.9999995E+00

         5      0  0.0000000E+00  0.0000000E+00  0.0000000E+00
         5      1 -0.4365091E-03  0.0000000E+00  0.9999999E+00
         5      2 -0.5616752E-04  0.0000000E+00  0.1000000E+01
         5      3  0.3231699E-03  0.0000000E+00  0.9999999E+00
         5      4  0.1453218E-02  0.0000000E+00  0.9999989E+00

         6      0  0.0000000E+00  0.0000000E+00  0.0000000E+00
         6      1 -0.5238109E-03  0.0000000E+00  0.9999999E+00
         6      2 -0.8998010E-03  0.0000000E+00  0.9999996E+00
         6      3 -0.1277749E-02  0.0000000E+00  0.9999992E+00
         6      4 -0.2425766E-02  0.0000000E+00  0.9999971E+00

         7      0  0.0000000E+00  0.0000000E+00  0.0000000E+00
         7      1 -0.6111127E-03  0.0000000E+00  0.9999998E+00
         7      2 -0.5021871E-03  0.0000000E+00  0.9999999E+00
         7      3 -0.3946609E-03  0.0000000E+00  0.9999999E+00
         7      4 -0.7451549E-04  0.0000000E+00  0.1000000E+01

         8      0  0.0000000E+00  0.0000000E+00  0.0000000E+00
         8      1 -0.6984145E-03  0.0000000E+00  0.9999998E+00
         8      2 -0.4668428E-03  0.0000000E+00  0.9999999E+00
         8      3 -0.2378390E-03  0.0000000E+00  0.1000000E+01
         8      4  0.4276678E-03  0.0000000E+00  0.9999999E+00

         9      0  0.0000000E+00  0.0000000E+00  0.0000000E+00
         9      1 -0.7857163E-03  0.0000000E+00  0.9999997E+00
         9      2 -0.1199480E-02  0.0000000E+00  0.9999993E+00
         9      3 -0.1615487E-02  0.0000000E+00  0.9999987E+00
         9      4 -0.2876043E-02  0.0000000E+00  0.9999959E+00

        10      0  0.0000000E+00  0.0000000E+00  0.0000000E+00
        10      1 -0.8730181E-03  0.0000000E+00  0.9999996E+00
        10      2 -0.5673404E-03  0.0000000E+00  0.9999998E+00
        10      3 -0.2637698E-03  0.0000000E+00  0.1000000E+01
        10      4  0.6402492E-03  0.0000000E+00  0.9999998E+00

        11      0  0.0000000E+00  0.0000000E+00  0.0000000E+00
        11      1 -0.9603198E-03  0.0000000E+00  0.9999995E+00
        11      2 -0.9492441E-03  0.0000000E+00  0.9999995E+00
        11      3 -0.9423923E-03  0.0000000E+00  0.9999996E+00
        11      4 -0.9571348E-03  0.0000000E+00  0.9999995E+00

        12      0  0.0000000E+00  0.0000000E+00  0.0000000E+00
        12      1 -0.1047622E-02  0.0000000E+00  0.9999995E+00
        12      2 -0.1371879E-02  0.0000000E+00  0.9999991E+00
        12      3 -0.1698639E-02  0.0000000E+00  0.9999986E+00
        12      4 -0.2687241E-02  0.0000000E+00  0.9999964E+00

        13      0  0.0000000E+00  0.0000000E+00  0.0000000E+00
        13      1 -0.1134923E-02  0.0000000E+00  0.9999994E+00
        13      2 -0.7270695E-03  0.0000000E+00  0.9999997E+00
        13      3 -0.3222924E-03  0.0000000E+00  0.9999999E+00
        13      4  0.8754288E-03  0.0000000E+00  0.9999996E+00

        14      0  0.0000000E+00  0.0000000E+00  0.0000000E+00
        14      1 -0.1222225E-02  0.0000000E+00  0.9999993E+00
        14      2 -0.1435357E-02  0.0000000E+00  0.9999990E+00
        14      3 -0.1653844E-02  0.0000000E+00  0.9999986E+00
        14      4 -0.2352325E-02  0.0000000E+00  0.9999972E+00

        15      0  0.0000000E+00  0.0000000E+00  0.0000000E+00
        15      1 -0.1309527E-02  0.0000000E+00  0.9999991E+00
        15      2 -0.1444743E-02  0.0000000E+00  0.9999990E+00
        15      3 -0.1582936E-02  0.0000000E+00  0.9999987E+00
        15      4 -0.2002890E-02  0.0000000E+00  0.9999980E+00

        16      0  0.0000000E+00  0.0000000E+00  0.0000000E+00
        16      1 -0.1396829E-02  0.0000000E+00  0.9999990E+00
        16      2 -0.1013158E-02  0.0000000E+00  0.9999995E+00
        16      3 -0.6340804E-03  0.0000000E+00  0.9999998E+00
        16      4  0.4698105E-03  0.0000000E+00  0.9999999E+00

        17      0  0.0000000E+00  0.0000000E+00  0.0000000E+00
        17      1 -0.1484130E-02  0.0000000E+00  0.9999989E+00
        17      2 -0.1856109E-02  0.0000000E+00  0.9999983E+00
        17      3 -0.2233754E-02  0.0000000E+00  0.9999975E+00
        17      4 -0.3407650E-02  0.0000000E+00  0.9999942E+00

        18      0  0.0000000E+00  0.0000000E+00  0.0000000E+00
        18      1 -0.1571432E-02  0.0000000E+00  0.9999988E+00
        18      2 -0.1476418E-02  0.0000000E+00  0.9999989E+00
        18      3 -0.1385083E-02  0.0000000E+00  0.9999990E+00
        18      4 -0.1117828E-02  0.0000000E+00  0.9999994E+00

        19      0  0.0000000E+00  0.0000000E+00  0.0000000E+00
        19      1 -0.1658734E-02  0.0000000E+00  0.9999986E+00
        19      2 -0.1418338E-02  0.0000000E+00  0.9999990E+00
        19      3 -0.1184495E-02  0.0000000E+00  0.9999993E+00
        19      4 -0.5365080E-03  0.0000000E+00  0.9999999E+00

        20      0  0.0000000E+00  0.0000000E+00  0.0000000E+00
        20      1 -0.1746035E-02  0.0000000E+00  0.9999985E+00
        20      2 -0.2162719E-02  0.0000000E+00  0.9999977E+00
        20      3 -0.2584812E-02  0.0000000E+00  0.9999967E+00
        20      4 -0.3881885E-02  0.0000000E+00  0.9999925E+00

        21      0  0.0000000E+00  0.0000000E+00  0.0000000E+00
        21      1 -0.1833337E-02  0.0000000E+00  0.9999983E+00
        21      2 -0.1537987E-02  0.0000000E+00  0.9999988E+00
        21      3 -0.1247274E-02  0.0000000E+00  0.9999992E+00
        21      4 -0.3902715E-03  0.0000000E+00  0.9999999E+00

        22      0  0.0000000E+00  0.0000000E+00  0.0000000E+00
        22      1 -0.1920639E-02  0.0000000E+00  0.9999982E+00
        22      2 -0.1898470E-02  0.0000000E+00  0.9999982E+00
        22      3 -0.1884688E-02  0.0000000E+00  0.9999982E+00
        22      4 -0.1913562E-02  0.0000000E+00  0.9999982E+00

        23      0  0.0000000E+00  0.0000000E+00  0.0000000E+00
        23      1 -0.2007940E-02  0.0000000E+00  0.9999980E+00
        23      2 -0.2341641E-02  0.0000000E+00  0.9999973E+00
        23      3 -0.2680476E-02  0.0000000E+00  0.9999964E+00
        23      4 -0.3715366E-02  0.0000000E+00  0.9999931E+00

        24      0  0.0000000E+00  0.0000000E+00  0.0000000E+00
        24      1 -0.2095242E-02  0.0000000E+00  0.9999978E+00
        24      2 -0.1691434E-02  0.0000000E+00  0.9999986E+00
        24      3 -0.1293679E-02  0.0000000E+00  0.9999992E+00
        24      4 -0.1328866E-03  0.0000000E+00  0.1000000E+01

        25      0  0.0000000E+00  0.0000000E+00  0.0000000E+00
        25      1 -0.2182544E-02  0.0000000E+00  0.9999976E+00
        25      2 -0.2386234E-02  0.0000000E+00  0.9999972E+00
        25      3 -0.2599346E-02  0.0000000E+00  0.9999966E+00
        25      4 -0.3314825E-02  0.0000000E+00  0.9999945E+00

        26      0  0.0000000E+00  0.0000000E+00  0.0000000E+00
        26      1 -0.2269845E-02  0.0000000E+00  0.9999974E+00
        26      2 -0.2418611E-02  0.0000000E+00  0.9999971E+00
        26      3 -0.2572631E-02  0.0000000E+00  0.9999967E+00
        26      4 -0.3044773E-02  0.0000000E+00  0.9999954E+00

        27      0  0.0000000E+00  0.0000000E+00  0.0000000E+00
        27      1 -0.2357147E-02  0.0000000E+00  0.9999972E+00
        27      2 -0.1970479E-02  0.0000000E+00  0.9999981E+00
        27      3 -0.1591882E-02  0.0000000E+00  0.9999987E+00
        27      4 -0.5137446E-03  0.0000000E+00  0.9999999E+00

        28      0  0.0000000E+00  0.0000000E+00  0.0000000E+00
        28      1 -0.2444448E-02  0.0000000E+00  0.9999970E+00
        28      2 -0.2812041E-02  0.0000000E+00  0.9999960E+00
        28      3 -0.3189002E-02  0.0000000E+00  0.9999949E+00
        28      4 -0.4387978E-02  0.0000000E+00  0.9999904E+00

        29      0  0.0000000E+00  0.0000000E+00  0.0000000E+00
        29      1 -0.2531750E-02  0.0000000E+00  0.9999968E+00
        29      2 -0.2450710E-02  0.0000000E+00  0.9999970E+00
        29      3 -0.2375557E-02  0.0000000E+00  0.9999972E+00
        29      4 -0.2160649E-02  0.0000000E+00  0.9999977E+00

        30      0  0.0000000E+00  0.0000000E+00  0.0000000E+00
        30      1 -0.2619052E-02  0.0000000E+00  0.9999966E+00
        30      2 -0.2370030E-02  0.0000000E+00  0.9999972E+00
        30      3 -0.2131453E-02  0.0000000E+00  0.9999977E+00
        30      4 -0.1500502E-02  0.0000000E+00  0.9999989E+00

        31      0  0.0000000E+00  0.0000000E+00  0.0000000E+00
        31      1 -0.2706353E-02  0.0000000E+00  0.9999963E+00
        31      2 -0.3125542E-02  0.0000000E+00  0.9999951E+00
        31      3 -0.3553307E-02  0.0000000E+00  0.9999937E+00
        31      4 -0.4886088E-02  0.0000000E+00  0.9999881E+00

        32      0  0.0000000E+00  0.0000000E+00  0.0000000E+00
        32      1 -0.2793655E-02  0.0000000E+00  0.9999961E+00
        32      2 -0.2508881E-02  0.0000000E+00  0.9999969E+00
        32      3 -0.2231178E-02  0.0000000E+00  0.9999975E+00
        32      4 -0.1420754E-02  0.0000000E+00  0.9999990E+00

        33      0  0.0000000E+00  0.0000000E+00  0.0000000E+00
        33      1 -0.2880956E-02  0.0000000E+00  0.9999959E+00
        33      2 -0.2847688E-02  0.0000000E+00  0.9999959E+00
        33      3 -0.2826908E-02  0.0000000E+00  0.9999960E+00
        33      4 -0.2869310E-02  0.0000000E+00  0.9999959E+00

        34      0  0.0000000E+00  0.0000000E+00  0.0000000E+00
        34      1 -0.2968257E-02  0.0000000E+00  0.9999956E+00
        34      2 -0.3311064E-02  0.0000000E+00  0.9999945E+00
        34      3 -0.3661628E-02  0.0000000E+00  0.9999933E+00
        34      4 -0.4742051E-02  0.0000000E+00  0.9999888E+00

        35      0  0.0000000E+00  0.0000000E+00  0.0000000E+00
        35      1 -0.3055559E-02  0.0000000E+00  0.9999953E+00
        35      2 -0.2656149E-02  0.0000000E+00  0.9999965E+00
        35      3 -0.2265655E-02  0.0000000E+00  0.9999974E+00
        35      4 -0.1141409E-02  0.0000000E+00  0.9999993E+00

        36      0  0.0000000E+00  0.0000000E+00  0.0000000E+00
        36      1 -0.3142860E-02  0.0000000E+00  0.9999951E+00
        36      2 -0.3336894E-02  0.0000000E+00  0.9999944E+00
        36      3 -0.3544383E-02  0.0000000E+00  0.9999937E+00
        36      4 -0.4276140E-02  0.0000000E+00  0.9999909E+00

        37      0  0.0000000E+00  0.0000000E+00  0.0000000E+00
        37      1 -0.3230162E-02  0.0000000E+00  0.9999948E+00
        37      2 -0.3392313E-02  0.0000000E+00  0.9999942E+00
        37      3 -0.3561961E-02  0.0000000E+00  0.9999937E+00
        37      4 -0.4085635E-02  0.0000000E+00  0.9999917E+00

        38      0  0.0000000E+00  0.0000000E+00  0.0000000E+00
        38      1 -0.3317463E-02  0.0000000E+00  0.9999945E+00
        38      2 -0.2928134E-02  0.0000000E+00  0.9999957E+00
        38      3 -0.2550243E-02  0.0000000E+00  0.9999967E+00
        38      4 -0.1497463E-02  0.0000000E+00  0.9999989E+00

        39      0  0.0000000E+00  0.0000000E+00  0.0000000E+00
        39      1 -0.3404764E-02  0.0000000E+00  0.9999942E+00
        39      2 -0.3767604E-02  0.0000000E+00  0.9999929E+00
        39      3 -0.4143506E-02  0.0000000E+00  0.9999914E+00
        39      4 -0.5366768E-02  0.0000000E+00  0.9999856E+00

        40      0  0.0000000E+00  0.0000000E+00  0.0000000E+00
        40      1 -0.3492066E-02  0.0000000E+00  0.9999939E+00
        40      2 -0.3425050E-02  0.0000000E+00  0.9999941E+00
        40      3 -0.3366063E-02  0.0000000E+00  0.9999943E+00
        40      4 -0.3202966E-02  0.0000000E+00  0.9999949E+00

        41      0  0.0000000E+00  0.0000000E+00  0.0000000E+00
        41      1 -0.3579367E-02  0.0000000E+00  0.9999936E+00
        41      2 -0.3321928E-02  0.0000000E+00  0.9999945E+00
        41      3 -0.3078733E-02  0.0000000E+00  0.9999953E+00
        41      4 -0.2464339E-02  0.0000000E+00  0.9999970E+00

        42      0  0.0000000E+00  0.0000000E+00  0.0000000E+00
        42      1 -0.3666668E-02  0.0000000E+00  0.9999933E+00
        42      2 -0.4087947E-02  0.0000000E+00  0.9999916E+00
        42      3 -0.4520972E-02  0.0000000E+00  0.9999898E+00
        42      4 -0.5888657E-02  0.0000000E+00  0.9999827E+00

        43      0  0.0000000E+00  0.0000000E+00  0.0000000E+00
        43      1 -0.3753969E-02  0.0000000E+00  0.9999930E+00
        43      2 -0.3480014E-02  0.0000000E+00  0.9999939E+00
        43      3 -0.3215466E-02  0.0000000E+00  0.9999948E+00
        43      4 -0.2451191E-02  0.0000000E+00  0.9999970E+00

        44      0  0.0000000E+00  0.0000000E+00  0.0000000E+00
        44      1 -0.3841271E-02  0.0000000E+00  0.9999926E+00
        44      2 -0.3796911E-02  0.0000000E+00  0.9999928E+00
        44      3 -0.3769075E-02  0.0000000E+00  0.9999929E+00
        44      4 -0.3824408E-02  0.0000000E+00  0.9999927E+00

        45      0  0.0000000E+00  0.0000000E+00  0.0000000E+00
        45      1 -0.3928572E-02  0.0000000E+00  0.9999923E+00
        45      2 -0.4280140E-02  0.0000000E+00  0.9999908E+00
        45      3 -0.4642083E-02  0.0000000E+00  0.9999892E+00
        45      4 -0.5767290E-02  0.0000000E+00  0.9999834E+00

        46      0  0.0000000E+00  0.0000000E+00  0.0000000E+00
        46      1 -0.4015873E-02  0.0000000E+00  0.9999919E+00
        46      2 -0.3621210E-02  0.0000000E+00  0.9999934E+00
        46      3 -0.3238215E-02  0.0000000E+00  0.9999948E+00
        46      4 -0.2150142E-02  0.0000000E+00  0.9999977E+00

        47      0  0.0000000E+00  0.0000000E+00  0.0000000E+00
        47      1 -0.4103174E-02  0.0000000E+00  0.9999916E+00
        47      2 -0.4287346E-02  0.0000000E+00  0.9999908E+00
        47      3 -0.4488974E-02  0.0000000E+00  0.9999899E+00
        47      4 -0.5236296E-02  0.0000000E+00  0.9999863E+00

        48      0  0.0000000E+00  0.0000000E+00  0.0000000E+00
        48      1 -0.4190475E-02  0.0000000E+00  0.9999912E+00
        48      2 -0.4365836E-02  0.0000000E+00  0.9999905E+00
        48      3 -0.4550906E-02  0.0000000E+00  0.9999896E+00
        48      4 -0.5125465E-02  0.0000000E+00  0.9999869E+00

        49      0  0.0000000E+00  0.0000000E+00  0.0000000E+00
        49      1 -0.4277776E-02  0.0000000E+00  0.9999909E+00
        49      2 -0.3886126E-02  0.0000000E+00  0.9999924E+00
        49      3 -0.3509171E-02  0.0000000E+00  0.9999938E+00
        49      4 -0.2481360E-02  0.0000000E+00  0.9999969E+00

        50      0  0.0000000E+00  0.0000000E+00  0.0000000E+00
        50      1 -0.4365077E-02  0.0000000E+00  0.9999905E+00
        50      2 -0.4722801E-02  0.0000000E+00  0.9999888E+00
        50      3 -0.5097275E-02  0.0000000E+00  0.9999870E+00
        50      4 -0.6344036E-02  0.0000000E+00  0.9999799E+00

        51      0  0.0000000E+00  0.0000000E+00  0.0000000E+00
        51      1 -0.4452378E-02  0.0000000E+00  0.9999901E+00
        51      2 -0.4399426E-02  0.0000000E+00  0.9999903E+00
        51      3 -0.4356580E-02  0.0000000E+00  0.9999905E+00
        51      4 -0.4244769E-02  0.0000000E+00  0.9999910E+00

        52      0  0.0000000E+00  0.0000000E+00  0.0000000E+00
        52      1 -0.4539679E-02  0.0000000E+00  0.9999897E+00
        52      2 -0.4274040E-02  0.0000000E+00  0.9999909E+00
        52      3 -0.4026350E-02  0.0000000E+00  0.9999919E+00
        52      4 -0.3428044E-02  0.0000000E+00  0.9999941E+00

        53      0  0.0000000E+00  0.0000000E+00  0.0000000E+00
        53      1 -0.4626980E-02  0.0000000E+00  0.9999893E+00
        53      2 -0.5049933E-02  0.0000000E+00  0.9999872E+00
        53      3 -0.5487805E-02  0.0000000E+00  0.9999849E+00
        53      4 -0.6889600E-02  0.0000000E+00  0.9999763E+00

        54      0  0.0000000E+00  0.0000000E+00  0.0000000E+00
        54      1 -0.4714281E-02  0.0000000E+00  0.9999889E+00
        54      2 -0.4451377E-02  0.0000000E+00  0.9999901E+00
        54      3 -0.4200124E-02  0.0000000E+00  0.9999912E+00
        54      4 -0.3481578E-02  0.0000000E+00  0.9999939E+00

        55      0  0.0000000E+00  0.0000000E+00  0.0000000E+00
        55      1 -0.4801582E-02  0.0000000E+00  0.9999885E+00
        55      2 -0.4746149E-02  0.0000000E+00  0.9999887E+00
        55      3 -0.4711210E-02  0.0000000E+00  0.9999889E+00
        55      4 -0.4778884E-02  0.0000000E+00  0.9999886E+00

        56      0  0.0000000E+00  0.0000000E+00  0.0000000E+00
        56      1 -0.4888882E-02  0.0000000E+00  0.9999880E+00
        56      2 -0.5248863E-02  0.0000000E+00  0.9999862E+00
        56      3 -0.5621831E-02  0.0000000E+00  0.9999842E+00
        56      4 -0.6791081E-02  0.0000000E+00  0.9999769E+00

        57      0  0.0000000E+00  0.0000000E+00  0.0000000E+00
        57      1 -0.4976183E-02  0.0000000E+00  0.9999876E+00
        57      2 -0.4586614E-02  0.0000000E+00  0.9999895E+00
        57      3 -0.4211354E-02  0.0000000E+00  0.9999911E+00
        57      4 -0.3159089E-02  0.0000000E+00  0.9999950E+00

        58      0  0.0000000E+00  0.0000000E+00  0.0000000E+00
        58      1 -0.5063484E-02  0.0000000E+00  0.9999872E+00
        58      2 -0.5237601E-02  0.0000000E+00  0.9999863E+00
        58      3 -0.5433139E-02  0.0000000E+00  0.9999852E+00
        58      4 -0.6195320E-02  0.0000000E+00  0.9999808E+00

        59      0  0.0000000E+00  0.0000000E+00  0.0000000E+00
        59      1 -0.5150784E-02  0.0000000E+00  0.9999867E+00
        59      2 -0.5339171E-02  0.0000000E+00  0.9999857E+00
        59      3 -0.5539448E-02  0.0000000E+00  0.9999847E+00
        59      4 -0.6164255E-02  0.0000000E+00  0.9999810E+00

        60      0  0.0000000E+00  0.0000000E+00  0.0000000E+00
        60      1 -0.5238085E-02  0.0000000E+00  0.9999863E+00
        60      2 -0.4844460E-02  0.0000000E+00  0.9999883E+00
        60      3 -0.4468674E-02  0.0000000E+00  0.9999900E+00
        60      4 -0.3465451E-02  0.0000000E+00  0.9999940E+00

        61      0  0.0000000E+00  0.0000000E+00  0.0000000E+00
        61      1 -0.5325386E-02  0.0000000E+00  0.9999858E+00
        61      2 -0.5677639E-02  0.0000000E+00  0.9999839E+00
        61      3 -0.6050321E-02  0.0000000E+00  0.9999817E+00
        61      4 -0.7319802E-02  0.0000000E+00  0.9999732E+00

        62      0  0.0000000E+00  0.0000000E+00  0.0000000E+00
        62      1 -0.5412686E-02  0.0000000E+00  0.9999854E+00
        62      2 -0.5373826E-02  0.0000000E+00  0.9999856E+00
        62      3 -0.5347089E-02  0.0000000E+00  0.9999857E+00
        62      4 -0.5286045E-02  0.0000000E+00  0.9999860E+00

        63      0  0.0000000E+00  0.0000000E+00  0.0000000E+00
        63      1 -0.5499987E-02  0.0000000E+00  0.9999849E+00
        63      2 -0.5226376E-02  0.0000000E+00  0.9999863E+00
        63      3 -0.4974322E-02  0.0000000E+00  0.9999876E+00
        63      4 -0.4391642E-02  0.0000000E+00  0.9999904E+00

        64      0  0.0000000E+00  0.0000000E+00  0.0000000E+00
        64      1 -0.5587287E-02  0.0000000E+00  0.9999844E+00
        64      2 -0.6011499E-02  0.0000000E+00  0.9999819E+00
        64      3 -0.6453807E-02  0.0000000E+00  0.9999792E+00
        64      4 -0.7888923E-02  0.0000000E+00  0.9999689E+00

        65      0  0.0000000E+00  0.0000000E+00  0.0000000E+00
        65      1 -0.5674588E-02  0.0000000E+00  0.9999839E+00
        65      2 -0.5422960E-02  0.0000000E+00  0.9999853E+00
        65      3 -0.5185136E-02  0.0000000E+00  0.9999866E+00
        65      4 -0.4511907E-02  0.0000000E+00  0.9999898E+00

        66      0  0.0000000E+00  0.0000000E+00  0.0000000E+00
        66      1 -0.5761888E-02  0.0000000E+00  0.9999834E+00
        66      2 -0.5695414E-02  0.0000000E+00  0.9999838E+00
        66      3 -0.5653334E-02  0.0000000E+00  0.9999840E+00
        66      4 -0.5732767E-02  0.0000000E+00  0.9999836E+00

        67      0  0.0000000E+00  0.0000000E+00  0.0000000E+00
        67      1 -0.5849188E-02  0.0000000E+00  0.9999829E+00
        67      2 -0.6217225E-02  0.0000000E+00  0.9999807E+00
        67      3 -0.6600859E-02  0.0000000E+00  0.9999782E+00
        67      4 -0.7813421E-02  0.0000000E+00  0.9999695E+00

        68      0  0.0000000E+00  0.0000000E+00  0.0000000E+00
        68      1 -0.5936489E-02  0.0000000E+00  0.9999824E+00
        68      2 -0.5552357E-02  0.0000000E+00  0.9999846E+00
        68      3 -0.5185067E-02  0.0000000E+00  0.9999866E+00
        68      4 -0.4168255E-02  0.0000000E+00  0.9999913E+00

        69      0  0.0000000E+00  0.0000000E+00  0.0000000E+00
        69      1 -0.6023789E-02  0.0000000E+00  0.9999819E+00
        69      2 -0.6187668E-02  0.0000000E+00  0.9999809E+00
        69      3 -0.6376898E-02  0.0000000E+00  0.9999797E+00
        69      4 -0.7153237E-02  0.0000000E+00  0.9999744E+00

        70      0  0.0000000E+00  0.0000000E+00  0.0000000E+00
        70      1 -0.6111089E-02  0.0000000E+00  0.9999813E+00
        70      2 -0.6312305E-02  0.0000000E+00  0.9999801E+00
        70      3 -0.6527569E-02  0.0000000E+00  0.9999787E+00
        70      4 -0.7201992E-02  0.0000000E+00  0.9999741E+00

        71      0  0.0000000E+00  0.0000000E+00  0.0000000E+00
        71      1 -0.6198389E-02  0.0000000E+00  0.9999808E+00
        71      2 -0.5803137E-02  0.0000000E+00  0.9999832E+00
        71      3 -0.5428757E-02  0.0000000E+00  0.9999853E+00
        71      4 -0.4449750E-02  0.0000000E+00  0.9999901E+00

        72      0  0.0000000E+00  0.0000000E+00  0.0000000E+00
        72      1 -0.6285689E-02  0.0000000E+00  0.9999802E+00
        72      2 -0.6632123E-02  0.0000000E+00  0.9999780E+00
        72      3 -0.7002656E-02  0.0000000E+00  0.9999755E+00
        72      4 -0.8294084E-02  0.0000000E+00  0.9999656E+00

        73      0  0.0000000E+00  0.0000000E+00  0.0000000E+00
        73      1 -0.6372990E-02  0.0000000E+00  0.9999797E+00
        73      2 -0.6348237E-02  0.0000000E+00  0.9999798E+00
        73      3 -0.6337568E-02  0.0000000E+00  0.9999799E+00
        73      4 -0.6326784E-02  0.0000000E+00  0.9999800E+00

        74      0  0.0000000E+00  0.0000000E+00  0.0000000E+00
        74      1 -0.6460290E-02  0.0000000E+00  0.9999791E+00
        74      2 -0.6178943E-02  0.0000000E+00  0.9999809E+00
        74      3 -0.5922666E-02  0.0000000E+00  0.9999825E+00
        74      4 -0.5355156E-02  0.0000000E+00  0.9999857E+00

        75      0  0.0000000E+00  0.0000000E+00  0.0000000E+00
        75      1 -0.6547590E-02  0.0000000E+00  0.9999786E+00
        75      2 -0.6972645E-02  0.0000000E+00  0.9999757E+00
        75      3 -0.7418979E-02  0.0000000E+00  0.9999725E+00
        75      4 -0.8886635E-02  0.0000000E+00  0.9999605E+00

        76      0  0.0000000E+00  0.0000000E+00  0.0000000E+00
        76      1 -0.6634889E-02  0.0000000E+00  0.9999780E+00
        76      2 -0.6394753E-02  0.0000000E+00  0.9999796E+00
        76      3 -0.6170487E-02  0.0000000E+00  0.9999810E+00
        76      4 -0.5542172E-02  0.0000000E+00  0.9999846E+00

        77      0  0.0000000E+00  0.0000000E+00  0.0000000E+00
        77      1 -0.6722189E-02  0.0000000E+00  0.9999774E+00
        77      2 -0.6644717E-02  0.0000000E+00  0.9999779E+00
        77      3 -0.6595471E-02  0.0000000E+00  0.9999782E+00
        77      4 -0.6686085E-02  0.0000000E+00  0.9999776E+00

        78      0  0.0000000E+00  0.0000000E+00  0.0000000E+00
        78      1 -0.6809489E-02  0.0000000E+00  0.9999768E+00
        78      2 -0.7185220E-02  0.0000000E+00  0.9999742E+00
        78      3 -0.7579157E-02  0.0000000E+00  0.9999713E+00
        78      4 -0.8834307E-02  0.0000000E+00  0.9999610E+00

        79      0  0.0000000E+00  0.0000000E+00  0.0000000E+00
        79      1 -0.6896789E-02  0.0000000E+00  0.9999762E+00
        79      2 -0.6518434E-02  0.0000000E+00  0.9999788E+00
        79      3 -0.6159347E-02  0.0000000E+00  0.9999810E+00
        79      4 -0.5177641E-02  0.0000000E+00  0.9999866E+00

        80      0  0.0000000E+00  0.0000000E+00  0.0000000E+00
        80      1 -0.6984089E-02  0.0000000E+00  0.9999756E+00
        80      2 -0.7137557E-02  0.0000000E+00  0.9999745E+00
        80      3 -0.7320270E-02  0.0000000E+00  0.9999732E+00
        80      4 -0.8110074E-02  0.0000000E+00  0.9999671E+00

        81      0  0.0000000E+00  0.0000000E+00  0.0000000E+00
        81      1 -0.7071388E-02  0.0000000E+00  0.9999750E+00
        81      2 -0.7285227E-02  0.0000000E+00  0.9999735E+00
        81      3 -0.7515249E-02  0.0000000E+00  0.9999718E+00
        81      4 -0.8238669E-02  0.0000000E+00  0.9999661E+00

        82      0  0.0000000E+00  0.0000000E+00  0.0000000E+00
        82      1 -0.7158688E-02  0.0000000E+00  0.9999744E+00
        82      2 -0.6762160E-02  0.0000000E+00  0.9999771E+00
        82      3 -0.6389426E-02  0.0000000E+00  0.9999796E+00
        82      4 -0.5434272E-02  0.0000000E+00  0.9999852E+00

        83      0  0.0000000E+00  0.0000000E+00  0.0000000E+00
        83      1 -0.7245987E-02  0.0000000E+00  0.9999737E+00
        83      2 -0.7586261E-02  0.0000000E+00  0.9999712E+00
        83      3 -0.7954293E-02  0.0000000E+00  0.9999684E+00
        83      4 -0.9266900E-02  0.0000000E+00  0.9999571E+00

        84      0  0.0000000E+00  0.0000000E+00  0.0000000E+00
        84      1 -0.7333287E-02  0.0000000E+00  0.9999731E+00
        84      2 -0.7322647E-02  0.0000000E+00  0.9999732E+00
        84      3 -0.7327997E-02  0.0000000E+00  0.9999731E+00
        84      4 -0.7366974E-02  0.0000000E+00  0.9999729E+00

        85      0  0.0000000E+00  0.0000000E+00  0.0000000E+00
        85      1 -0.7420586E-02  0.0000000E+00  0.9999725E+00
        85      2 -0.7131750E-02  0.0000000E+00  0.9999746E+00
        85      3 -0.6871397E-02  0.0000000E+00  0.9999764E+00
        85      4 -0.6318610E-02  0.0000000E+00  0.9999800E+00

        86      0  0.0000000E+00  0.0000000E+00  0.0000000E+00
        86      1 -0.7507886E-02  0.0000000E+00  0.9999718E+00
        86      2 -0.7933371E-02  0.0000000E+00  0.9999685E+00
        86      3 -0.8383322E-02  0.0000000E+00  0.9999649E+00
        86      4 -0.9882744E-02  0.0000000E+00  0.9999512E+00

        87      0  0.0000000E+00  0.0000000E+00  0.0000000E+00
        87      1 -0.7595185E-02  0.0000000E+00  0.9999712E+00
        87      2 -0.7366747E-02  0.0000000E+00  0.9999729E+00
        87      3 -0.7156160E-02  0.0000000E+00  0.9999744E+00
        87      4 -0.6572366E-02  0.0000000E+00  0.9999784E+00

        88      0  0.0000000E+00  0.0000000E+00  0.0000000E+00
        88      1 -0.7682484E-02  0.0000000E+00  0.9999705E+00
        88      2 -0.7594070E-02  0.0000000E+00  0.9999712E+00
        88      3 -0.7537639E-02  0.0000000E+00  0.9999716E+00
        88      4 -0.7638868E-02  0.0000000E+00  0.9999708E+00

        89      0  0.0000000E+00  0.0000000E+00  0.0000000E+00
        89      1 -0.7769784E-02  0.0000000E+00  0.9999698E+00
        89      2 -0.8152841E-02  0.0000000E+00  0.9999668E+00
        89      3 -0.8556716E-02  0.0000000E+00  0.9999634E+00
        89      4 -0.9853737E-02  0.0000000E+00  0.9999515E+00

        90      0  0.0000000E+00  0.0000000E+00  0.0000000E+00
        90      1 -0.7857083E-02  0.0000000E+00  0.9999691E+00
        90      2 -0.7484843E-02  0.0000000E+00  0.9999720E+00
        90      3 -0.7134189E-02  0.0000000E+00  0.9999746E+00
        90      4 -0.6187249E-02  0.0000000E+00  0.9999809E+00

        91      0  0.0000000E+00  0.0000000E+00  0.0000000E+00
        91      1 -0.7944382E-02  0.0000000E+00  0.9999684E+00
        91      2 -0.8087281E-02  0.0000000E+00  0.9999673E+00
        91      3 -0.8263275E-02  0.0000000E+00  0.9999659E+00
        91      4 -0.9065858E-02  0.0000000E+00  0.9999589E+00

        92      0  0.0000000E+00  0.0000000E+00  0.0000000E+00
        92      1 -0.8031681E-02  0.0000000E+00  0.9999677E+00
        92      2 -0.8257927E-02  0.0000000E+00  0.9999659E+00
        92      3 -0.8502471E-02  0.0000000E+00  0.9999639E+00
        92      4 -0.9274275E-02  0.0000000E+00  0.9999570E+00

        93      0  0.0000000E+00  0.0000000E+00  0.0000000E+00
        93      1 -0.8118980E-02  0.0000000E+00  0.9999670E+00
        93      2 -0.7721530E-02  0.0000000E+00  0.9999702E+00
        93      3 -0.7350687E-02  0.0000000E+00  0.9999730E+00
        93      4 -0.6419031E-02  0.0000000E+00  0.9999794E+00

        94      0  0.0000000E+00  0.0000000E+00  0.0000000E+00
        94      1 -0.8206279E-02  0.0000000E+00  0.9999663E+00
        94      2 -0.8540057E-02  0.0000000E+00  0.9999635E+00
        94      3 -0.8905243E-02  0.0000000E+00  0.9999603E+00
        94      4 -0.1023827E-01  0.0000000E+00  0.9999476E+00

        95      0  0.0000000E+00  0.0000000E+00  0.0000000E+00
        95      1 -0.8293578E-02  0.0000000E+00  0.9999656E+00
        95      2 -0.8297044E-02  0.0000000E+00  0.9999656E+00
        95      3 -0.8318356E-02  0.0000000E+00  0.9999654E+00
        95      4 -0.8406604E-02  0.0000000E+00  0.9999647E+00

        96      0  0.0000000E+00  0.0000000E+00  0.0000000E+00
        96      1 -0.8380876E-02  0.0000000E+00  0.9999649E+00
        96      2 -0.8084805E-02  0.0000000E+00  0.9999673E+00
        96      3 -0.7820530E-02  0.0000000E+00  0.9999694E+00
        96      4 -0.7282028E-02  0.0000000E+00  0.9999735E+00

        97      0  0.0000000E+00  0.0000000E+00  0.0000000E+00
        97      1 -0.8468175E-02  0.0000000E+00  0.9999641E+00
        97      2 -0.8893678E-02  0.0000000E+00  0.9999605E+00
        97      3 -0.9346837E-02  0.0000000E+00  0.9999563E+00
        97      4 -0.1087726E-01  0.0000000E+00  0.9999408E+00

        98      0  0.0000000E+00  0.0000000E+00  0.0000000E+00
        98      1 -0.8555474E-02  0.0000000E+00  0.9999634E+00
        98      2 -0.8338931E-02  0.0000000E+00  0.9999652E+00
        98      3 -0.8142139E-02  0.0000000E+00  0.9999669E+00
        98      4 -0.7602482E-02  0.0000000E+00  0.9999711E+00

        99      0  0.0000000E+00  0.0000000E+00  0.0000000E+00
        99      1 -0.8642772E-02  0.0000000E+00  0.9999627E+00
        99      2 -0.8543482E-02  0.0000000E+00  0.9999635E+00
        99      3 -0.8479862E-02  0.0000000E+00  0.9999640E+00
        99      4 -0.8591143E-02  0.0000000E+00  0.9999631E+00

       100      0  0.0000000E+00  0.0000000E+00  0.0000000E+00
       100      1 -0.8730071E-02  0.0000000E+00  0.9999619E+00
       100      2 -0.9120083E-02  0.0000000E+00  0.9999584E+00
       100      3 -0.9533526E-02  0.0000000E+00  0.9999546E+00
       100      4 -0.1087171E-01  0.0000000E+00  0.9999409E+00
