 13.31280000000000     0.0000000000000000E+000
 12.75955756628259      1.000000000000000
 1.994990699718067      2.000000000000000
 1.885776527963847      3.000000000000000
 2.003348132322177      4.000000000000000
 2.323818285318708      5.000000000000000
 7.150347042965885      6.000000000000000
 9.040565427774881      7.000000000000000
 9.534571818200211      8.000000000000000
 9.181101707013287      9.000000000000000
 8.288200185473082      10.00000000000000
 3.486976230395066      11.00000000000000
 2.794522347636501      12.00000000000000
 2.681184758116812      13.00000000000000
 2.859502100926677      14.00000000000000
 3.290433292212875      15.00000000000000
 8.641762972077714      16.00000000000000
 10.58105891183076      17.00000000000000
 11.01664540604091      18.00000000000000
 10.47045769546659      19.00000000000000
 1.662147974977426      20.00000000000000
 1.576166393869980      21.00000000000000
 1.661143170086241      22.00000000000000
 10.44565608083719      23.00000000000000
 10.99081857119001      24.00000000000000
 10.55654348602300      25.00000000000000
 9.495418801914445      26.00000000000000
 3.718130248139728      27.00000000000000
 2.857387512669856      28.00000000000000
 2.680132435404448      29.00000000000000
 2.794430263012948      30.00000000000000
 3.139212625372788      31.00000000000000
 7.569735464578486      32.00000000000000
 9.200160139058100      33.00000000000000
 9.554874724759554      34.00000000000000
 9.060269403889626      35.00000000000000
 8.016532832662902      36.00000000000000
 2.673751144039846      37.00000000000000
 2.006890253938773      38.00000000000000
 1.888377860157742      39.00000000000000
 1.996847187196703      40.00000000000000
 12.73292128679945      41.00000000000000
 13.28450320613059      42.00000000000000
