 2.545030000000000     0.0000000000000000E+000
 2.669722815833666      1.000000000000000
 12.42852269581112      2.000000000000000
 12.77342468127982      3.000000000000000
 11.92210675931483      4.000000000000000
 10.29066490876499      5.000000000000000
 2.174204221488304      6.000000000000000
 1.289800913999032      7.000000000000000
 1.101111999557325      8.000000000000000
 1.092326076815952      9.000000000000000
 1.240614955316452      10.00000000000000
 5.740946007837922      11.00000000000000
 7.798479965840042      12.00000000000000
 8.433328388393956      13.00000000000000
 8.285621863944208      14.00000000000000
 7.654695592590642      15.00000000000000
 4.109525564373121      16.00000000000000
 3.555746678645440      17.00000000000000
 3.514821155825190      18.00000000000000
 3.824759504037844      19.00000000000000
 17.02655402159372      20.00000000000000
 17.67941744661670      21.00000000000000
 17.02869640281740      22.00000000000000
 3.839439611466956      23.00000000000000
 3.529751625614224      24.00000000000000
 3.572169534468125      25.00000000000000
 3.851922594053585      26.00000000000000
 7.152194766266089      27.00000000000000
 8.308728198154498      28.00000000000000
 8.458050978036372      29.00000000000000
 7.822435633654897      30.00000000000000
 6.676083568625844      31.00000000000000
 1.455585435082359      32.00000000000000
 1.087386581109965      33.00000000000000
 1.096330243594076      34.00000000000000
 1.285084123847444      35.00000000000000
 1.697813328490003      36.00000000000000
 8.967089801912945      37.00000000000000
 11.93224813840936      38.00000000000000
 12.78988050888987      39.00000000000000
 12.44984670209994      40.00000000000000
 2.705319768205085      41.00000000000000
 2.579855816623751      42.00000000000000
