0.5160270000000000E-002     0.0000000000000000E+000
0.5160269907005312E-002      1.000000000000000
0.6542722133396189E-002      2.000000000000000
-.1791409529843799E-001      3.000000000000000
-.2801635859596736E-001      4.000000000000000
-.3273997395613145E-001      5.000000000000000
0.5018309796105242E-001      6.000000000000000
0.1006316360693737      7.000000000000000
0.1583823337009647      8.000000000000000
0.2038594917515804      9.000000000000000
0.6405009104967171      10.00000000000000
0.7795138995064397      11.00000000000000
0.8190344336269151      12.00000000000000
0.8075586634049655      13.00000000000000
0.7937877391386262      14.00000000000000
0.7903450080720414      15.00000000000000
0.6963953314889886      16.00000000000000
0.7005125395691195      17.00000000000000
0.7826123034714489      18.00000000000000
0.8234954518036309      19.00000000000000
0.8725552298022493      20.00000000000000
 1.514444199721233      21.00000000000000
 2.129642824599305      22.00000000000000
 2.169265869632131      23.00000000000000
 2.169259938302492      24.00000000000000
 2.169252820706925      25.00000000000000
 2.169246889377286      26.00000000000000
 2.129599431463346      27.00000000000000
 1.514215779505039      28.00000000000000
0.8721419720806938      29.00000000000000
0.8230686448958425      30.00000000000000
0.7821742055751332      31.00000000000000
0.6999786356667589      32.00000000000000
0.6956927445223715      33.00000000000000
0.7889843458493693      34.00000000000000
0.7924161302826854      35.00000000000000
0.8061432680159497      36.00000000000000
0.8175825494603365      37.00000000000000
0.7780697080530264      38.00000000000000
0.6392379255976962      39.00000000000000
0.2033207013040851      40.00000000000000
0.1579463887652187      41.00000000000000
0.1003176000114084      42.00000000000000
0.4996323443330613E-001      43.00000000000000
-.3258721003953913E-001      44.00000000000000
-.2781119560063578E-001      45.00000000000000
-.1764839159308007E-001      46.00000000000000
0.6952044529616397E-002      47.00000000000000
0.5712974742419606E-002      48.00000000000000
