# number of spin vectors:       5
# iteration vector   S_X            S_Y            S_Z
         0      0  0.0000000E+00  0.0000000E+00  0.0000000E+00
         0      1  0.0000000E+00  0.0000000E+00  0.1000000E+01
         0      2  0.0000000E+00  0.0000000E+00  0.1000000E+01
         0      3  0.0000000E+00  0.0000000E+00  0.1000000E+01
         0      4  0.0000000E+00  0.0000000E+00  0.1000000E+01

        10      0  0.0000000E+00  0.0000000E+00  0.0000000E+00
        10      1 -0.8652608E-03  0.0000000E+00  0.9999996E+00
        10      2  0.3774133E-03  0.0000000E+00  0.9999999E+00
        10      3  0.1619900E-02  0.0000000E+00  0.9999987E+00
        10      4  0.5346287E-02  0.0000000E+00  0.9999857E+00

        20      0  0.0000000E+00  0.0000000E+00  0.0000000E+00
        20      1 -0.1730521E-02  0.0000000E+00  0.9999985E+00
        20      2  0.7552317E-03  0.0000000E+00  0.9999997E+00
        20      3  0.3240571E-02  0.0000000E+00  0.9999947E+00
        20      4  0.1069400E-01  0.0000000E+00  0.9999428E+00

        30      0  0.0000000E+00  0.0000000E+00  0.0000000E+00
        30      1 -0.2595780E-02  0.0000000E+00  0.9999966E+00
        30      2  0.1133305E-02  0.0000000E+00  0.9999994E+00
        30      3  0.4861798E-02  0.0000000E+00  0.9999882E+00
        30      4  0.1604291E-01  0.0000000E+00  0.9998713E+00

        40      0  0.0000000E+00  0.0000000E+00  0.0000000E+00
        40      1 -0.3461037E-02  0.0000000E+00  0.9999940E+00
        40      2  0.1511389E-02  0.0000000E+00  0.9999989E+00
        40      3  0.6483137E-02  0.0000000E+00  0.9999790E+00
        40      4  0.2139236E-01  0.0000000E+00  0.9997712E+00

        50      0  0.0000000E+00  0.0000000E+00  0.0000000E+00
        50      1 -0.4326291E-02  0.0000000E+00  0.9999906E+00
        50      2  0.1889459E-02  0.0000000E+00  0.9999982E+00
        50      3  0.8104403E-02  0.0000000E+00  0.9999672E+00
        50      4  0.2674157E-01  0.0000000E+00  0.9996424E+00

        60      0  0.0000000E+00  0.0000000E+00  0.0000000E+00
        60      1 -0.5191542E-02  0.0000000E+00  0.9999865E+00
        60      2  0.2267741E-02  0.0000000E+00  0.9999974E+00
        60      3  0.9725872E-02  0.0000000E+00  0.9999527E+00
        60      4  0.3209004E-01  0.0000000E+00  0.9994850E+00

        70      0  0.0000000E+00  0.0000000E+00  0.0000000E+00
        70      1 -0.6056790E-02  0.0000000E+00  0.9999817E+00
        70      2  0.2646414E-02  0.0000000E+00  0.9999965E+00
        70      3  0.1134795E-01  0.0000000E+00  0.9999356E+00
        70      4  0.3743772E-01  0.0000000E+00  0.9992990E+00

        80      0  0.0000000E+00  0.0000000E+00  0.0000000E+00
        80      1 -0.6922032E-02  0.0000000E+00  0.9999760E+00
        80      2  0.3025375E-02  0.0000000E+00  0.9999954E+00
        80      3  0.1297072E-01  0.0000000E+00  0.9999159E+00
        80      4  0.4278494E-01  0.0000000E+00  0.9990843E+00

        90      0  0.0000000E+00  0.0000000E+00  0.0000000E+00
        90      1 -0.7787270E-02  0.0000000E+00  0.9999697E+00
        90      2  0.3404371E-02  0.0000000E+00  0.9999942E+00
        90      3  0.1459381E-01  0.0000000E+00  0.9998935E+00
        90      4  0.4813202E-01  0.0000000E+00  0.9988410E+00

       100      0  0.0000000E+00  0.0000000E+00  0.0000000E+00
       100      1 -0.8652501E-02  0.0000000E+00  0.9999626E+00
       100      2  0.3783323E-02  0.0000000E+00  0.9999928E+00
       100      3  0.1621682E-01  0.0000000E+00  0.9998685E+00
       100      4  0.5347888E-01  0.0000000E+00  0.9985690E+00

       110      0  0.0000000E+00  0.0000000E+00  0.0000000E+00
       110      1 -0.9517727E-02  0.0000000E+00  0.9999547E+00
       110      2  0.4162428E-02  0.0000000E+00  0.9999913E+00
       110      3  0.1783975E-01  0.0000000E+00  0.9998409E+00
       110      4  0.5882497E-01  0.0000000E+00  0.9982683E+00

       120      0  0.0000000E+00  0.0000000E+00  0.0000000E+00
       120      1 -0.1038294E-01  0.0000000E+00  0.9999461E+00
       120      2  0.4541898E-02  0.0000000E+00  0.9999897E+00
       120      3  0.1946299E-01  0.0000000E+00  0.9998106E+00
       120      4  0.6416946E-01  0.0000000E+00  0.9979390E+00

       130      0  0.0000000E+00  0.0000000E+00  0.0000000E+00
       130      1 -0.1124815E-01  0.0000000E+00  0.9999367E+00
       130      2  0.4921682E-02  0.0000000E+00  0.9999879E+00
       130      3  0.2108686E-01  0.0000000E+00  0.9997776E+00
       130      4  0.6951161E-01  0.0000000E+00  0.9975811E+00

       140      0  0.0000000E+00  0.0000000E+00  0.0000000E+00
       140      1 -0.1211336E-01  0.0000000E+00  0.9999266E+00
       140      2  0.5301530E-02  0.0000000E+00  0.9999859E+00
       140      3  0.2271123E-01  0.0000000E+00  0.9997421E+00
       140      4  0.7485111E-01  0.0000000E+00  0.9971947E+00

       150      0  0.0000000E+00  0.0000000E+00  0.0000000E+00
       150      1 -0.1297855E-01  0.0000000E+00  0.9999158E+00
       150      2  0.5681314E-02  0.0000000E+00  0.9999839E+00
       150      3  0.2433566E-01  0.0000000E+00  0.9997038E+00
       150      4  0.8018808E-01  0.0000000E+00  0.9967798E+00

       160      0  0.0000000E+00  0.0000000E+00  0.0000000E+00
       160      1 -0.1384373E-01  0.0000000E+00  0.9999042E+00
       160      2  0.6061190E-02  0.0000000E+00  0.9999816E+00
       160      3  0.2595988E-01  0.0000000E+00  0.9996630E+00
       160      4  0.8552284E-01  0.0000000E+00  0.9963362E+00

       170      0  0.0000000E+00  0.0000000E+00  0.0000000E+00
       170      1 -0.1470891E-01  0.0000000E+00  0.9998918E+00
       170      2  0.6441394E-02  0.0000000E+00  0.9999793E+00
       170      3  0.2758407E-01  0.0000000E+00  0.9996195E+00
       170      4  0.9085548E-01  0.0000000E+00  0.9958641E+00

       180      0  0.0000000E+00  0.0000000E+00  0.0000000E+00
       180      1 -0.1557407E-01  0.0000000E+00  0.9998787E+00
       180      2  0.6821932E-02  0.0000000E+00  0.9999767E+00
       180      3  0.2920863E-01  0.0000000E+00  0.9995733E+00
       180      4  0.9618561E-01  0.0000000E+00  0.9953634E+00

       190      0  0.0000000E+00  0.0000000E+00  0.0000000E+00
       190      1 -0.1643922E-01  0.0000000E+00  0.9998649E+00
       190      2  0.7202565E-02  0.0000000E+00  0.9999741E+00
       190      3  0.3083375E-01  0.0000000E+00  0.9995245E+00
       190      4  0.1015124E+00  0.0000000E+00  0.9948343E+00

       200      0  0.0000000E+00  0.0000000E+00  0.0000000E+00
       200      1 -0.1730435E-01  0.0000000E+00  0.9998503E+00
       200      2  0.7583122E-02  0.0000000E+00  0.9999712E+00
       200      3  0.3245913E-01  0.0000000E+00  0.9994731E+00
       200      4  0.1068351E+00  0.0000000E+00  0.9942768E+00

       210      0  0.0000000E+00  0.0000000E+00  0.0000000E+00
       210      1 -0.1816948E-01  0.0000000E+00  0.9998349E+00
       210      2  0.7963714E-02  0.0000000E+00  0.9999683E+00
       210      3  0.3408432E-01  0.0000000E+00  0.9994190E+00
       210      4  0.1121529E+00  0.0000000E+00  0.9936910E+00

       220      0  0.0000000E+00  0.0000000E+00  0.0000000E+00
       220      1 -0.1903459E-01  0.0000000E+00  0.9998188E+00
       220      2  0.8344588E-02  0.0000000E+00  0.9999652E+00
       220      3  0.3570922E-01  0.0000000E+00  0.9993622E+00
       220      4  0.1174659E+00  0.0000000E+00  0.9930769E+00

       230      0  0.0000000E+00  0.0000000E+00  0.0000000E+00
       230      1 -0.1989969E-01  0.0000000E+00  0.9998020E+00
       230      2  0.8725803E-02  0.0000000E+00  0.9999619E+00
       230      3  0.3733415E-01  0.0000000E+00  0.9993028E+00
       230      4  0.1227743E+00  0.0000000E+00  0.9924346E+00

       240      0  0.0000000E+00  0.0000000E+00  0.0000000E+00
       240      1 -0.2076477E-01  0.0000000E+00  0.9997844E+00
       240      2  0.9107148E-02  0.0000000E+00  0.9999585E+00
       240      3  0.3895948E-01  0.0000000E+00  0.9992408E+00
       240      4  0.1280782E+00  0.0000000E+00  0.9917641E+00

       250      0  0.0000000E+00  0.0000000E+00  0.0000000E+00
       250      1 -0.2162984E-01  0.0000000E+00  0.9997660E+00
       250      2  0.9488414E-02  0.0000000E+00  0.9999550E+00
       250      3  0.4058520E-01  0.0000000E+00  0.9991761E+00
       250      4  0.1333775E+00  0.0000000E+00  0.9910653E+00

       260      0  0.0000000E+00  0.0000000E+00  0.0000000E+00
       260      1 -0.2249489E-01  0.0000000E+00  0.9997470E+00
       260      2  0.9869662E-02  0.0000000E+00  0.9999513E+00
       260      3  0.4221090E-01  0.0000000E+00  0.9991087E+00
       260      4  0.1386715E+00  0.0000000E+00  0.9903384E+00

       270      0  0.0000000E+00  0.0000000E+00  0.0000000E+00
       270      1 -0.2335992E-01  0.0000000E+00  0.9997271E+00
       270      2  0.1025114E-01  0.0000000E+00  0.9999475E+00
       270      3  0.4383621E-01  0.0000000E+00  0.9990387E+00
       270      4  0.1439593E+00  0.0000000E+00  0.9895836E+00

       280      0  0.0000000E+00  0.0000000E+00  0.0000000E+00
       280      1 -0.2422494E-01  0.0000000E+00  0.9997065E+00
       280      2  0.1063295E-01  0.0000000E+00  0.9999435E+00
       280      3  0.4546120E-01  0.0000000E+00  0.9989661E+00
       280      4  0.1492401E+00  0.0000000E+00  0.9888010E+00

       290      0  0.0000000E+00  0.0000000E+00  0.0000000E+00
       290      1 -0.2508993E-01  0.0000000E+00  0.9996852E+00
       290      2  0.1101493E-01  0.0000000E+00  0.9999393E+00
       290      3  0.4708630E-01  0.0000000E+00  0.9988908E+00
       290      4  0.1545135E+00  0.0000000E+00  0.9879907E+00

       300      0  0.0000000E+00  0.0000000E+00  0.0000000E+00
       300      1 -0.2595491E-01  0.0000000E+00  0.9996631E+00
       300      2  0.1139684E-01  0.0000000E+00  0.9999351E+00
       300      3  0.4871174E-01  0.0000000E+00  0.9988129E+00
       300      4  0.1597796E+00  0.0000000E+00  0.9871527E+00

       310      0  0.0000000E+00  0.0000000E+00  0.0000000E+00
       310      1 -0.2681987E-01  0.0000000E+00  0.9996403E+00
       310      2  0.1177868E-01  0.0000000E+00  0.9999306E+00
       310      3  0.5033732E-01  0.0000000E+00  0.9987323E+00
       310      4  0.1650388E+00  0.0000000E+00  0.9862871E+00

       320      0  0.0000000E+00  0.0000000E+00  0.0000000E+00
       320      1 -0.2768481E-01  0.0000000E+00  0.9996167E+00
       320      2  0.1216068E-01  0.0000000E+00  0.9999261E+00
       320      3  0.5196259E-01  0.0000000E+00  0.9986490E+00
       320      4  0.1702908E+00  0.0000000E+00  0.9853938E+00

       330      0  0.0000000E+00  0.0000000E+00  0.0000000E+00
       330      1 -0.2854973E-01  0.0000000E+00  0.9995924E+00
       330      2  0.1254302E-01  0.0000000E+00  0.9999213E+00
       330      3  0.5358734E-01  0.0000000E+00  0.9985632E+00
       330      4  0.1755354E+00  0.0000000E+00  0.9844731E+00

       340      0  0.0000000E+00  0.0000000E+00  0.0000000E+00
       340      1 -0.2941463E-01  0.0000000E+00  0.9995673E+00
       340      2  0.1292555E-01  0.0000000E+00  0.9999165E+00
       340      3  0.5521180E-01  0.0000000E+00  0.9984747E+00
       340      4  0.1807716E+00  0.0000000E+00  0.9835251E+00

       350      0  0.0000000E+00  0.0000000E+00  0.0000000E+00
       350      1 -0.3027950E-01  0.0000000E+00  0.9995415E+00
       350      2  0.1330802E-01  0.0000000E+00  0.9999114E+00
       350      3  0.5683639E-01  0.0000000E+00  0.9983835E+00
       350      4  0.1859984E+00  0.0000000E+00  0.9825501E+00

       360      0  0.0000000E+00  0.0000000E+00  0.0000000E+00
       360      1 -0.3114436E-01  0.0000000E+00  0.9995149E+00
       360      2  0.1369038E-01  0.0000000E+00  0.9999063E+00
       360      3  0.5846119E-01  0.0000000E+00  0.9982897E+00
       360      4  0.1912153E+00  0.0000000E+00  0.9815481E+00

       370      0  0.0000000E+00  0.0000000E+00  0.0000000E+00
       370      1 -0.3200919E-01  0.0000000E+00  0.9994876E+00
       370      2  0.1407285E-01  0.0000000E+00  0.9999010E+00
       370      3  0.6008584E-01  0.0000000E+00  0.9981932E+00
       370      4  0.1964223E+00  0.0000000E+00  0.9805194E+00

       380      0  0.0000000E+00  0.0000000E+00  0.0000000E+00
       380      1 -0.3287399E-01  0.0000000E+00  0.9994595E+00
       380      2  0.1445563E-01  0.0000000E+00  0.9998955E+00
       380      3  0.6170992E-01  0.0000000E+00  0.9980941E+00
       380      4  0.2016195E+00  0.0000000E+00  0.9794639E+00

       390      0  0.0000000E+00  0.0000000E+00  0.0000000E+00
       390      1 -0.3373877E-01  0.0000000E+00  0.9994307E+00
       390      2  0.1483862E-01  0.0000000E+00  0.9998899E+00
       390      3  0.6333341E-01  0.0000000E+00  0.9979924E+00
       390      4  0.2068070E+00  0.0000000E+00  0.9783817E+00

       400      0  0.0000000E+00  0.0000000E+00  0.0000000E+00
       400      1 -0.3460353E-01  0.0000000E+00  0.9994011E+00
       400      2  0.1522157E-01  0.0000000E+00  0.9998841E+00
       400      3  0.6495666E-01  0.0000000E+00  0.9978881E+00
       400      4  0.2119847E+00  0.0000000E+00  0.9772730E+00

       410      0  0.0000000E+00  0.0000000E+00  0.0000000E+00
       410      1 -0.3546826E-01  0.0000000E+00  0.9993708E+00
       410      2  0.1560439E-01  0.0000000E+00  0.9998782E+00
       410      3  0.6658001E-01  0.0000000E+00  0.9977811E+00
       410      4  0.2171517E+00  0.0000000E+00  0.9761379E+00

       420      0  0.0000000E+00  0.0000000E+00  0.0000000E+00
       420      1 -0.3633296E-01  0.0000000E+00  0.9993397E+00
       420      2  0.1598726E-01  0.0000000E+00  0.9998722E+00
       420      3  0.6820335E-01  0.0000000E+00  0.9976714E+00
       420      4  0.2223070E+00  0.0000000E+00  0.9749767E+00

       430      0  0.0000000E+00  0.0000000E+00  0.0000000E+00
       430      1 -0.3719764E-01  0.0000000E+00  0.9993079E+00
       430      2  0.1637039E-01  0.0000000E+00  0.9998660E+00
       430      3  0.6982622E-01  0.0000000E+00  0.9975592E+00
       430      4  0.2274499E+00  0.0000000E+00  0.9737898E+00

       440      0  0.0000000E+00  0.0000000E+00  0.0000000E+00
       440      1 -0.3806228E-01  0.0000000E+00  0.9992754E+00
       440      2  0.1675375E-01  0.0000000E+00  0.9998596E+00
       440      3  0.7144834E-01  0.0000000E+00  0.9974443E+00
       440      4  0.2325802E+00  0.0000000E+00  0.9725772E+00

       450      0  0.0000000E+00  0.0000000E+00  0.0000000E+00
       450      1 -0.3892690E-01  0.0000000E+00  0.9992421E+00
       450      2  0.1713711E-01  0.0000000E+00  0.9998531E+00
       450      3  0.7306985E-01  0.0000000E+00  0.9973268E+00
       450      4  0.2376979E+00  0.0000000E+00  0.9713391E+00

       460      0  0.0000000E+00  0.0000000E+00  0.0000000E+00
       460      1 -0.3979149E-01  0.0000000E+00  0.9992080E+00
       460      2  0.1752032E-01  0.0000000E+00  0.9998465E+00
       460      3  0.7469116E-01  0.0000000E+00  0.9972067E+00
       460      4  0.2428034E+00  0.0000000E+00  0.9700755E+00

       470      0  0.0000000E+00  0.0000000E+00  0.0000000E+00
       470      1 -0.4065606E-01  0.0000000E+00  0.9991732E+00
       470      2  0.1790350E-01  0.0000000E+00  0.9998397E+00
       470      3  0.7631247E-01  0.0000000E+00  0.9970840E+00
       470      4  0.2478964E+00  0.0000000E+00  0.9687865E+00

       480      0  0.0000000E+00  0.0000000E+00  0.0000000E+00
       480      1 -0.4152059E-01  0.0000000E+00  0.9991376E+00
       480      2  0.1828691E-01  0.0000000E+00  0.9998328E+00
       480      3  0.7793347E-01  0.0000000E+00  0.9969586E+00
       480      4  0.2529765E+00  0.0000000E+00  0.9674724E+00

       490      0  0.0000000E+00  0.0000000E+00  0.0000000E+00
       490      1 -0.4238508E-01  0.0000000E+00  0.9991013E+00
       490      2  0.1867056E-01  0.0000000E+00  0.9998257E+00
       490      3  0.7955373E-01  0.0000000E+00  0.9968306E+00
       490      4  0.2580426E+00  0.0000000E+00  0.9661335E+00

       500      0  0.0000000E+00  0.0000000E+00  0.0000000E+00
       500      1 -0.4324955E-01  0.0000000E+00  0.9990643E+00
       500      2  0.1905424E-01  0.0000000E+00  0.9998185E+00
       500      3  0.8117310E-01  0.0000000E+00  0.9967000E+00
       500      4  0.2630940E+00  0.0000000E+00  0.9647702E+00

       510      0  0.0000000E+00  0.0000000E+00  0.0000000E+00
       510      1 -0.4411399E-01  0.0000000E+00  0.9990265E+00
       510      2  0.1943775E-01  0.0000000E+00  0.9998111E+00
       510      3  0.8279190E-01  0.0000000E+00  0.9965669E+00
       510      4  0.2681301E+00  0.0000000E+00  0.9633827E+00

       520      0  0.0000000E+00  0.0000000E+00  0.0000000E+00
       520      1 -0.4497839E-01  0.0000000E+00  0.9989880E+00
       520      2  0.1982118E-01  0.0000000E+00  0.9998035E+00
       520      3  0.8441050E-01  0.0000000E+00  0.9964311E+00
       520      4  0.2731510E+00  0.0000000E+00  0.9619712E+00

       530      0  0.0000000E+00  0.0000000E+00  0.0000000E+00
       530      1 -0.4584276E-01  0.0000000E+00  0.9989487E+00
       530      2  0.2020478E-01  0.0000000E+00  0.9997959E+00
       530      3  0.8602890E-01  0.0000000E+00  0.9962926E+00
       530      4  0.2781570E+00  0.0000000E+00  0.9605356E+00

       540      0  0.0000000E+00  0.0000000E+00  0.0000000E+00
       540      1 -0.4670709E-01  0.0000000E+00  0.9989086E+00
       540      2  0.2058863E-01  0.0000000E+00  0.9997880E+00
       540      3  0.8764668E-01  0.0000000E+00  0.9961516E+00
       540      4  0.2831481E+00  0.0000000E+00  0.9590762E+00

       550      0  0.0000000E+00  0.0000000E+00  0.0000000E+00
       550      1 -0.4757139E-01  0.0000000E+00  0.9988678E+00
       550      2  0.2097254E-01  0.0000000E+00  0.9997801E+00
       550      3  0.8926348E-01  0.0000000E+00  0.9960080E+00
       550      4  0.2881239E+00  0.0000000E+00  0.9575931E+00

       560      0  0.0000000E+00  0.0000000E+00  0.0000000E+00
       560      1 -0.4843565E-01  0.0000000E+00  0.9988263E+00
       560      2  0.2135628E-01  0.0000000E+00  0.9997719E+00
       560      3  0.9087934E-01  0.0000000E+00  0.9958619E+00
       560      4  0.2930836E+00  0.0000000E+00  0.9560868E+00

       570      0  0.0000000E+00  0.0000000E+00  0.0000000E+00
       570      1 -0.4929988E-01  0.0000000E+00  0.9987840E+00
       570      2  0.2173989E-01  0.0000000E+00  0.9997637E+00
       570      3  0.9249467E-01  0.0000000E+00  0.9957132E+00
       570      4  0.2980263E+00  0.0000000E+00  0.9545577E+00

       580      0  0.0000000E+00  0.0000000E+00  0.0000000E+00
       580      1 -0.5016407E-01  0.0000000E+00  0.9987410E+00
       580      2  0.2212361E-01  0.0000000E+00  0.9997552E+00
       580      3  0.9410973E-01  0.0000000E+00  0.9955618E+00
       580      4  0.3029513E+00  0.0000000E+00  0.9530060E+00

       590      0  0.0000000E+00  0.0000000E+00  0.0000000E+00
       590      1 -0.5102822E-01  0.0000000E+00  0.9986972E+00
       590      2  0.2250757E-01  0.0000000E+00  0.9997467E+00
       590      3  0.9572433E-01  0.0000000E+00  0.9954079E+00
       590      4  0.3078587E+00  0.0000000E+00  0.9514321E+00

       600      0  0.0000000E+00  0.0000000E+00  0.0000000E+00
       600      1 -0.5189234E-01  0.0000000E+00  0.9986527E+00
       600      2  0.2289162E-01  0.0000000E+00  0.9997380E+00
       600      3  0.9733800E-01  0.0000000E+00  0.9952514E+00
       600      4  0.3127486E+00  0.0000000E+00  0.9498360E+00

       610      0  0.0000000E+00  0.0000000E+00  0.0000000E+00
       610      1 -0.5275641E-01  0.0000000E+00  0.9986074E+00
       610      2  0.2327551E-01  0.0000000E+00  0.9997291E+00
       610      3  0.9895052E-01  0.0000000E+00  0.9950924E+00
       610      4  0.3176212E+00  0.0000000E+00  0.9482177E+00

       620      0  0.0000000E+00  0.0000000E+00  0.0000000E+00
       620      1 -0.5362045E-01  0.0000000E+00  0.9985614E+00
       620      2  0.2365923E-01  0.0000000E+00  0.9997201E+00
       620      3  0.1005621E+00  0.0000000E+00  0.9949308E+00
       620      4  0.3224763E+00  0.0000000E+00  0.9465775E+00

       630      0  0.0000000E+00  0.0000000E+00  0.0000000E+00
       630      1 -0.5448445E-01  0.0000000E+00  0.9985146E+00
       630      2  0.2404299E-01  0.0000000E+00  0.9997109E+00
       630      3  0.1021732E+00  0.0000000E+00  0.9947666E+00
       630      4  0.3273133E+00  0.0000000E+00  0.9449159E+00

       640      0  0.0000000E+00  0.0000000E+00  0.0000000E+00
       640      1 -0.5534840E-01  0.0000000E+00  0.9984671E+00
       640      2  0.2442698E-01  0.0000000E+00  0.9997016E+00
       640      3  0.1037839E+00  0.0000000E+00  0.9945999E+00
       640      4  0.3321312E+00  0.0000000E+00  0.9432332E+00

       650      0  0.0000000E+00  0.0000000E+00  0.0000000E+00
       650      1 -0.5621232E-01  0.0000000E+00  0.9984188E+00
       650      2  0.2481108E-01  0.0000000E+00  0.9996922E+00
       650      3  0.1053937E+00  0.0000000E+00  0.9944306E+00
       650      4  0.3369293E+00  0.0000000E+00  0.9415299E+00

       660      0  0.0000000E+00  0.0000000E+00  0.0000000E+00
       660      1 -0.5707619E-01  0.0000000E+00  0.9983698E+00
       660      2  0.2519503E-01  0.0000000E+00  0.9996826E+00
       660      3  0.1070024E+00  0.0000000E+00  0.9942588E+00
       660      4  0.3417074E+00  0.0000000E+00  0.9398064E+00

       670      0  0.0000000E+00  0.0000000E+00  0.0000000E+00
       670      1 -0.5794002E-01  0.0000000E+00  0.9983201E+00
       670      2  0.2557878E-01  0.0000000E+00  0.9996728E+00
       670      3  0.1086099E+00  0.0000000E+00  0.9940844E+00
       670      4  0.3464658E+00  0.0000000E+00  0.9380626E+00

       680      0  0.0000000E+00  0.0000000E+00  0.0000000E+00
       680      1 -0.5880380E-01  0.0000000E+00  0.9982696E+00
       680      2  0.2596251E-01  0.0000000E+00  0.9996629E+00
       680      3  0.1102165E+00  0.0000000E+00  0.9939076E+00
       680      4  0.3512047E+00  0.0000000E+00  0.9362987E+00

       690      0  0.0000000E+00  0.0000000E+00  0.0000000E+00
       690      1 -0.5966754E-01  0.0000000E+00  0.9982183E+00
       690      2  0.2634644E-01  0.0000000E+00  0.9996529E+00
       690      3  0.1118225E+00  0.0000000E+00  0.9937282E+00
       690      4  0.3559240E+00  0.0000000E+00  0.9345149E+00

       700      0  0.0000000E+00  0.0000000E+00  0.0000000E+00
       700      1 -0.6053124E-01  0.0000000E+00  0.9981663E+00
       700      2  0.2673050E-01  0.0000000E+00  0.9996427E+00
       700      3  0.1134278E+00  0.0000000E+00  0.9935462E+00
       700      4  0.3606233E+00  0.0000000E+00  0.9327115E+00

       710      0  0.0000000E+00  0.0000000E+00  0.0000000E+00
       710      1 -0.6139489E-01  0.0000000E+00  0.9981136E+00
       710      2  0.2711444E-01  0.0000000E+00  0.9996323E+00
       710      3  0.1150321E+00  0.0000000E+00  0.9933618E+00
       710      4  0.3653017E+00  0.0000000E+00  0.9308892E+00

       720      0  0.0000000E+00  0.0000000E+00  0.0000000E+00
       720      1 -0.6225850E-01  0.0000000E+00  0.9980601E+00
       720      2  0.2749815E-01  0.0000000E+00  0.9996219E+00
       720      3  0.1166350E+00  0.0000000E+00  0.9931748E+00
       720      4  0.3699585E+00  0.0000000E+00  0.9290483E+00

       730      0  0.0000000E+00  0.0000000E+00  0.0000000E+00
       730      1 -0.6312206E-01  0.0000000E+00  0.9980058E+00
       730      2  0.2788177E-01  0.0000000E+00  0.9996112E+00
       730      3  0.1182366E+00  0.0000000E+00  0.9929855E+00
       730      4  0.3745932E+00  0.0000000E+00  0.9271893E+00

       740      0  0.0000000E+00  0.0000000E+00  0.0000000E+00
       740      1 -0.6398557E-01  0.0000000E+00  0.9979508E+00
       740      2  0.2826555E-01  0.0000000E+00  0.9996004E+00
       740      3  0.1198374E+00  0.0000000E+00  0.9927935E+00
       740      4  0.3792062E+00  0.0000000E+00  0.9253122E+00

       750      0  0.0000000E+00  0.0000000E+00  0.0000000E+00
       750      1 -0.6484903E-01  0.0000000E+00  0.9978951E+00
       750      2  0.2864949E-01  0.0000000E+00  0.9995895E+00
       750      3  0.1214375E+00  0.0000000E+00  0.9925991E+00
       750      4  0.3837976E+00  0.0000000E+00  0.9234172E+00

       760      0  0.0000000E+00  0.0000000E+00  0.0000000E+00
       760      1 -0.6571245E-01  0.0000000E+00  0.9978386E+00
       760      2  0.2903333E-01  0.0000000E+00  0.9995784E+00
       760      3  0.1230367E+00  0.0000000E+00  0.9924021E+00
       760      4  0.3883678E+00  0.0000000E+00  0.9215045E+00

       770      0  0.0000000E+00  0.0000000E+00  0.0000000E+00
       770      1 -0.6657581E-01  0.0000000E+00  0.9977814E+00
       770      2  0.2941692E-01  0.0000000E+00  0.9995672E+00
       770      3  0.1246345E+00  0.0000000E+00  0.9922027E+00
       770      4  0.3929162E+00  0.0000000E+00  0.9195743E+00

       780      0  0.0000000E+00  0.0000000E+00  0.0000000E+00
       780      1 -0.6743913E-01  0.0000000E+00  0.9977234E+00
       780      2  0.2980038E-01  0.0000000E+00  0.9995559E+00
       780      3  0.1262307E+00  0.0000000E+00  0.9920009E+00
       780      4  0.3974421E+00  0.0000000E+00  0.9176273E+00

       790      0  0.0000000E+00  0.0000000E+00  0.0000000E+00
       790      1 -0.6830239E-01  0.0000000E+00  0.9976647E+00
       790      2  0.3018394E-01  0.0000000E+00  0.9995444E+00
       790      3  0.1278258E+00  0.0000000E+00  0.9917966E+00
       790      4  0.4019447E+00  0.0000000E+00  0.9156639E+00

       800      0  0.0000000E+00  0.0000000E+00  0.0000000E+00
       800      1 -0.6916561E-01  0.0000000E+00  0.9976052E+00
       800      2  0.3056765E-01  0.0000000E+00  0.9995327E+00
       800      3  0.1294199E+00  0.0000000E+00  0.9915899E+00
       800      4  0.4064236E+00  0.0000000E+00  0.9136848E+00

       810      0  0.0000000E+00  0.0000000E+00  0.0000000E+00
       810      1 -0.7002877E-01  0.0000000E+00  0.9975450E+00
       810      2  0.3095132E-01  0.0000000E+00  0.9995209E+00
       810      3  0.1310133E+00  0.0000000E+00  0.9913806E+00
       810      4  0.4108791E+00  0.0000000E+00  0.9116899E+00

       820      0  0.0000000E+00  0.0000000E+00  0.0000000E+00
       820      1 -0.7089188E-01  0.0000000E+00  0.9974840E+00
       820      2  0.3133472E-01  0.0000000E+00  0.9995089E+00
       820      3  0.1326054E+00  0.0000000E+00  0.9911689E+00
       820      4  0.4153114E+00  0.0000000E+00  0.9096793E+00

       830      0  0.0000000E+00  0.0000000E+00  0.0000000E+00
       830      1 -0.7175494E-01  0.0000000E+00  0.9974223E+00
       830      2  0.3171793E-01  0.0000000E+00  0.9994969E+00
       830      3  0.1341959E+00  0.0000000E+00  0.9909548E+00
       830      4  0.4197208E+00  0.0000000E+00  0.9076533E+00

       840      0  0.0000000E+00  0.0000000E+00  0.0000000E+00
       840      1 -0.7261794E-01  0.0000000E+00  0.9973598E+00
       840      2  0.3210119E-01  0.0000000E+00  0.9994846E+00
       840      3  0.1357848E+00  0.0000000E+00  0.9907384E+00
       840      4  0.4241070E+00  0.0000000E+00  0.9056121E+00

       850      0  0.0000000E+00  0.0000000E+00  0.0000000E+00
       850      1 -0.7348089E-01  0.0000000E+00  0.9972966E+00
       850      2  0.3248460E-01  0.0000000E+00  0.9994722E+00
       850      3  0.1373725E+00  0.0000000E+00  0.9905195E+00
       850      4  0.4284694E+00  0.0000000E+00  0.9035563E+00

       860      0  0.0000000E+00  0.0000000E+00  0.0000000E+00
       860      1 -0.7434379E-01  0.0000000E+00  0.9972327E+00
       860      2  0.3286800E-01  0.0000000E+00  0.9994597E+00
       860      3  0.1389593E+00  0.0000000E+00  0.9902981E+00
       860      4  0.4328071E+00  0.0000000E+00  0.9014865E+00

       870      0  0.0000000E+00  0.0000000E+00  0.0000000E+00
       870      1 -0.7520662E-01  0.0000000E+00  0.9971680E+00
       870      2  0.3325114E-01  0.0000000E+00  0.9994470E+00
       870      3  0.1405450E+00  0.0000000E+00  0.9900743E+00
       870      4  0.4371198E+00  0.0000000E+00  0.8994033E+00

       880      0  0.0000000E+00  0.0000000E+00  0.0000000E+00
       880      1 -0.7606941E-01  0.0000000E+00  0.9971025E+00
       880      2  0.3363403E-01  0.0000000E+00  0.9994342E+00
       880      3  0.1421292E+00  0.0000000E+00  0.9898481E+00
       880      4  0.4414077E+00  0.0000000E+00  0.8973067E+00

       890      0  0.0000000E+00  0.0000000E+00  0.0000000E+00
       890      1 -0.7693213E-01  0.0000000E+00  0.9970363E+00
       890      2  0.3401692E-01  0.0000000E+00  0.9994213E+00
       890      3  0.1437116E+00  0.0000000E+00  0.9896196E+00
       890      4  0.4456710E+00  0.0000000E+00  0.8951968E+00

       900      0  0.0000000E+00  0.0000000E+00  0.0000000E+00
       900      1 -0.7779480E-01  0.0000000E+00  0.9969694E+00
       900      2  0.3439996E-01  0.0000000E+00  0.9994081E+00
       900      3  0.1452924E+00  0.0000000E+00  0.9893888E+00
       900      4  0.4499102E+00  0.0000000E+00  0.8930738E+00

       910      0  0.0000000E+00  0.0000000E+00  0.0000000E+00
       910      1 -0.7865741E-01  0.0000000E+00  0.9969017E+00
       910      2  0.3478300E-01  0.0000000E+00  0.9993949E+00
       910      3  0.1468721E+00  0.0000000E+00  0.9891555E+00
       910      4  0.4541251E+00  0.0000000E+00  0.8909379E+00

       920      0  0.0000000E+00  0.0000000E+00  0.0000000E+00
       920      1 -0.7951996E-01  0.0000000E+00  0.9968333E+00
       920      2  0.3516580E-01  0.0000000E+00  0.9993815E+00
       920      3  0.1484507E+00  0.0000000E+00  0.9889198E+00
       920      4  0.4583151E+00  0.0000000E+00  0.8887898E+00

       930      0  0.0000000E+00  0.0000000E+00  0.0000000E+00
       930      1 -0.8038245E-01  0.0000000E+00  0.9967641E+00
       930      2  0.3554832E-01  0.0000000E+00  0.9993680E+00
       930      3  0.1500279E+00  0.0000000E+00  0.9886818E+00
       930      4  0.4624794E+00  0.0000000E+00  0.8866300E+00

       940      0  0.0000000E+00  0.0000000E+00  0.0000000E+00
       940      1 -0.8124488E-01  0.0000000E+00  0.9966942E+00
       940      2  0.3593077E-01  0.0000000E+00  0.9993543E+00
       940      3  0.1516033E+00  0.0000000E+00  0.9884414E+00
       940      4  0.4666175E+00  0.0000000E+00  0.8844592E+00

       950      0  0.0000000E+00  0.0000000E+00  0.0000000E+00
       950      1 -0.8210725E-01  0.0000000E+00  0.9966235E+00
       950      2  0.3631334E-01  0.0000000E+00  0.9993405E+00
       950      3  0.1531769E+00  0.0000000E+00  0.9881988E+00
       950      4  0.4707298E+00  0.0000000E+00  0.8822774E+00

       960      0  0.0000000E+00  0.0000000E+00  0.0000000E+00
       960      1 -0.8296956E-01  0.0000000E+00  0.9965521E+00
       960      2  0.3669594E-01  0.0000000E+00  0.9993265E+00
       960      3  0.1547490E+00  0.0000000E+00  0.9879538E+00
       960      4  0.4748166E+00  0.0000000E+00  0.8800848E+00

       970      0  0.0000000E+00  0.0000000E+00  0.0000000E+00
       970      1 -0.8383181E-01  0.0000000E+00  0.9964799E+00
       970      2  0.3707833E-01  0.0000000E+00  0.9993124E+00
       970      3  0.1563198E+00  0.0000000E+00  0.9877065E+00
       970      4  0.4788784E+00  0.0000000E+00  0.8778813E+00

       980      0  0.0000000E+00  0.0000000E+00  0.0000000E+00
       980      1 -0.8469399E-01  0.0000000E+00  0.9964070E+00
       980      2  0.3746040E-01  0.0000000E+00  0.9992981E+00
       980      3  0.1578895E+00  0.0000000E+00  0.9874568E+00
       980      4  0.4829149E+00  0.0000000E+00  0.8756673E+00

       990      0  0.0000000E+00  0.0000000E+00  0.0000000E+00
       990      1 -0.8555611E-01  0.0000000E+00  0.9963334E+00
       990      2  0.3784234E-01  0.0000000E+00  0.9992837E+00
       990      3  0.1594574E+00  0.0000000E+00  0.9872048E+00
       990      4  0.4869257E+00  0.0000000E+00  0.8734434E+00

      1000      0  0.0000000E+00  0.0000000E+00  0.0000000E+00
      1000      1 -0.8641817E-01  0.0000000E+00  0.9962590E+00
      1000      2  0.3822438E-01  0.0000000E+00  0.9992692E+00
      1000      3  0.1610233E+00  0.0000000E+00  0.9869506E+00
      1000      4  0.4909101E+00  0.0000000E+00  0.8712103E+00
