# number of rays:       5
# iteration   ray    X              A              Y              B              T              D
         0      0  0.0000000E+00  0.0000000E+00  0.0000000E+00  0.0000000E+00  0.0000000E+00  0.0000000E+00
         0      1  0.0000000E+00  0.0000000E+00  0.0000000E+00  0.0000000E+00  0.0000000E+00  0.0000000E+00
         0      2  0.0000000E+00  0.0000000E+00  0.0000000E+00  0.0000000E+00  0.0000000E+00  0.1000000E-03
         0      3  0.0000000E+00  0.0000000E+00  0.0000000E+00  0.0000000E+00  0.0000000E+00  0.2000000E-03
         0      4  0.0000000E+00  0.0000000E+00  0.0000000E+00  0.0000000E+00  0.0000000E+00  0.5000000E-03

        10      0  0.0000000E+00  0.0000000E+00  0.0000000E+00  0.0000000E+00  0.0000000E+00  0.0000000E+00
        10      1  0.0000000E+00  0.0000000E+00  0.0000000E+00  0.0000000E+00  0.0000000E+00  0.0000000E+00
        10      2 -0.2615629E-06 -0.1284403E-06  0.0000000E+00  0.0000000E+00 -0.1729846E-02  0.9999989E-04
        10      3 -0.4788382E-06 -0.2732957E-06  0.0000000E+00  0.0000000E+00 -0.3463625E-02  0.1999995E-03
        10      4 -0.7954606E-06 -0.7387197E-06  0.0000000E+00  0.0000000E+00 -0.8688593E-02  0.4999971E-03

        20      0  0.0000000E+00  0.0000000E+00  0.0000000E+00  0.0000000E+00  0.0000000E+00  0.0000000E+00
        20      1  0.0000000E+00  0.0000000E+00  0.0000000E+00  0.0000000E+00  0.0000000E+00  0.0000000E+00
        20      2 -0.7762630E-06  0.7332998E-08  0.0000000E+00  0.0000000E+00 -0.3443890E-02  0.9999977E-04
        20      3 -0.1518235E-05 -0.5733747E-07  0.0000000E+00  0.0000000E+00 -0.6895613E-02  0.1999990E-03
        20      4 -0.3004225E-05 -0.6643018E-06  0.0000000E+00  0.0000000E+00 -0.1729785E-01  0.4999934E-03

        30      0  0.0000000E+00  0.0000000E+00  0.0000000E+00  0.0000000E+00  0.0000000E+00  0.0000000E+00
        30      1  0.0000000E+00  0.0000000E+00  0.0000000E+00  0.0000000E+00  0.0000000E+00  0.0000000E+00
        30      2 -0.8752704E-06  0.2308825E-06  0.0000000E+00  0.0000000E+00 -0.5142276E-02  0.9999964E-04
        30      3 -0.1944693E-05  0.4040451E-06  0.0000000E+00  0.0000000E+00 -0.1029625E-01  0.1999984E-03
        30      4 -0.5149437E-05  0.1734895E-06  0.0000000E+00  0.0000000E+00 -0.2582850E-01  0.4999881E-03

        40      0  0.0000000E+00  0.0000000E+00  0.0000000E+00  0.0000000E+00  0.0000000E+00  0.0000000E+00
        40      1  0.0000000E+00  0.0000000E+00  0.0000000E+00  0.0000000E+00  0.0000000E+00  0.0000000E+00
        40      2 -0.4299711E-06  0.2517034E-06  0.0000000E+00  0.0000000E+00 -0.6825145E-02  0.9999949E-04
        40      3 -0.1276798E-05  0.5899206E-06  0.0000000E+00  0.0000000E+00 -0.1366583E-01  0.1999977E-03
        40      4 -0.5796790E-05  0.1214443E-05  0.0000000E+00  0.0000000E+00 -0.3428125E-01  0.4999804E-03

        50      0  0.0000000E+00  0.0000000E+00  0.0000000E+00  0.0000000E+00  0.0000000E+00  0.0000000E+00
        50      1  0.0000000E+00  0.0000000E+00  0.0000000E+00  0.0000000E+00  0.0000000E+00  0.0000000E+00
        50      2 -0.1909997E-07  0.4274712E-07  0.0000000E+00  0.0000000E+00 -0.8492639E-02  0.9999931E-04
        50      3 -0.2687651E-06  0.2904375E-06  0.0000000E+00  0.0000000E+00 -0.1700462E-01  0.1999967E-03
        50      4 -0.4513591E-05  0.1762525E-05  0.0000000E+00  0.0000000E+00 -0.4265681E-01  0.4999697E-03

        60      0  0.0000000E+00  0.0000000E+00  0.0000000E+00  0.0000000E+00  0.0000000E+00  0.0000000E+00
        60      1  0.0000000E+00  0.0000000E+00  0.0000000E+00  0.0000000E+00  0.0000000E+00  0.0000000E+00
        60      2 -0.1766454E-06 -0.1244319E-06  0.0000000E+00  0.0000000E+00 -0.1014490E-01  0.9999910E-04
        60      3 -0.5883278E-07 -0.1562458E-06  0.0000000E+00  0.0000000E+00 -0.2031292E-01  0.1999955E-03
        60      4 -0.2158025E-05  0.1451281E-05  0.0000000E+00  0.0000000E+00 -0.5095587E-01  0.4999550E-03

        70      0  0.0000000E+00  0.0000000E+00  0.0000000E+00  0.0000000E+00  0.0000000E+00  0.0000000E+00
        70      1  0.0000000E+00  0.0000000E+00  0.0000000E+00  0.0000000E+00  0.0000000E+00  0.0000000E+00
        70      2 -0.6979171E-06 -0.3257215E-07  0.0000000E+00  0.0000000E+00 -0.1178207E-01  0.9999886E-04
        70      3 -0.8841099E-06 -0.2457775E-06  0.0000000E+00  0.0000000E+00 -0.2359099E-01  0.1999940E-03
        70      4 -0.3052937E-06  0.4888447E-06  0.0000000E+00  0.0000000E+00 -0.5917913E-01  0.4999358E-03

        80      0  0.0000000E+00  0.0000000E+00  0.0000000E+00  0.0000000E+00  0.0000000E+00  0.0000000E+00
        80      1  0.0000000E+00  0.0000000E+00  0.0000000E+00  0.0000000E+00  0.0000000E+00  0.0000000E+00
        80      2 -0.9055540E-06  0.1989585E-06  0.0000000E+00  0.0000000E+00 -0.1340428E-01  0.9999858E-04
        80      3 -0.1812883E-05  0.1229397E-06  0.0000000E+00  0.0000000E+00 -0.2683912E-01  0.1999922E-03
        80      4 -0.1943614E-06 -0.4812243E-06  0.0000000E+00  0.0000000E+00 -0.6732726E-01  0.4999113E-03

        90      0  0.0000000E+00  0.0000000E+00  0.0000000E+00  0.0000000E+00  0.0000000E+00  0.0000000E+00
        90      1  0.0000000E+00  0.0000000E+00  0.0000000E+00  0.0000000E+00  0.0000000E+00  0.0000000E+00
        90      2 -0.5297741E-06  0.2692881E-06  0.0000000E+00  0.0000000E+00 -0.1501167E-01  0.9999825E-04
        90      3 -0.1796593E-05  0.5336122E-06  0.0000000E+00  0.0000000E+00 -0.3005758E-01  0.1999900E-03
        90      4 -0.1899521E-05 -0.8102415E-06  0.0000000E+00  0.0000000E+00 -0.7540095E-01  0.4998809E-03

       100      0  0.0000000E+00  0.0000000E+00  0.0000000E+00  0.0000000E+00  0.0000000E+00  0.0000000E+00
       100      1  0.0000000E+00  0.0000000E+00  0.0000000E+00  0.0000000E+00  0.0000000E+00  0.0000000E+00
       100      2 -0.5895724E-07  0.8703016E-07  0.0000000E+00  0.0000000E+00 -0.1660437E-01  0.9999786E-04
       100      3 -0.8537156E-06  0.5225825E-06  0.0000000E+00  0.0000000E+00 -0.3324663E-01  0.1999874E-03
       100      4 -0.4280625E-05 -0.2781550E-06  0.0000000E+00  0.0000000E+00 -0.8340087E-01  0.4998439E-03

       110      0  0.0000000E+00  0.0000000E+00  0.0000000E+00  0.0000000E+00  0.0000000E+00  0.0000000E+00
       110      1  0.0000000E+00  0.0000000E+00  0.0000000E+00  0.0000000E+00  0.0000000E+00  0.0000000E+00
       110      2 -0.1049802E-06 -0.1109607E-06  0.0000000E+00  0.0000000E+00 -0.1818252E-01  0.9999742E-04
       110      3 -0.4888477E-07  0.1023181E-06  0.0000000E+00  0.0000000E+00 -0.3640655E-01  0.1999843E-03
       110      4 -0.5745346E-05  0.7592562E-06  0.0000000E+00  0.0000000E+00 -0.9132768E-01  0.4997996E-03

       120      0  0.0000000E+00  0.0000000E+00  0.0000000E+00  0.0000000E+00  0.0000000E+00  0.0000000E+00
       120      1  0.0000000E+00  0.0000000E+00  0.0000000E+00  0.0000000E+00  0.0000000E+00  0.0000000E+00
       120      2 -0.6080772E-06 -0.6738659E-07  0.0000000E+00  0.0000000E+00 -0.1974626E-01  0.9999692E-04
       120      3 -0.2908588E-06 -0.2526712E-06  0.0000000E+00  0.0000000E+00 -0.3953760E-01  0.1999807E-03
       120      4 -0.5313952E-05  0.1608216E-05  0.0000000E+00  0.0000000E+00 -0.9918201E-01  0.4997474E-03

       130      0  0.0000000E+00  0.0000000E+00  0.0000000E+00  0.0000000E+00  0.0000000E+00  0.0000000E+00
       130      1  0.0000000E+00  0.0000000E+00  0.0000000E+00  0.0000000E+00  0.0000000E+00  0.0000000E+00
       130      2 -0.9145121E-06  0.1611336E-06  0.0000000E+00  0.0000000E+00 -0.2129571E-01  0.9999635E-04
       130      3 -0.1306503E-05 -0.1415779E-06  0.0000000E+00  0.0000000E+00 -0.4264004E-01  0.1999766E-03
       130      4 -0.3274683E-05  0.1700866E-05  0.0000000E+00  0.0000000E+00 -0.1069645E+00  0.4996868E-03

       140      0  0.0000000E+00  0.0000000E+00  0.0000000E+00  0.0000000E+00  0.0000000E+00  0.0000000E+00
       140      1  0.0000000E+00  0.0000000E+00  0.0000000E+00  0.0000000E+00  0.0000000E+00  0.0000000E+00
       140      2 -0.6261143E-06  0.2776437E-06  0.0000000E+00  0.0000000E+00 -0.2283100E-01  0.9999570E-04
       140      3 -0.1949177E-05  0.3101779E-06  0.0000000E+00  0.0000000E+00 -0.4571413E-01  0.1999719E-03
       140      4 -0.9912964E-06  0.9751089E-06  0.0000000E+00  0.0000000E+00 -0.1146758E+00  0.4996172E-03

       150      0  0.0000000E+00  0.0000000E+00  0.0000000E+00  0.0000000E+00  0.0000000E+00  0.0000000E+00
       150      1  0.0000000E+00  0.0000000E+00  0.0000000E+00  0.0000000E+00  0.0000000E+00  0.0000000E+00
       150      2 -0.1176991E-06  0.1307463E-06  0.0000000E+00  0.0000000E+00 -0.2435227E-01  0.9999499E-04
       150      3 -0.1493335E-05  0.5925558E-06  0.0000000E+00  0.0000000E+00 -0.4876013E-01  0.1999666E-03
       150      4  0.8850353E-08 -0.8369178E-07  0.0000000E+00  0.0000000E+00 -0.1223165E+00  0.4995380E-03

       160      0  0.0000000E+00  0.0000000E+00  0.0000000E+00  0.0000000E+00  0.0000000E+00  0.0000000E+00
       160      1  0.0000000E+00  0.0000000E+00  0.0000000E+00  0.0000000E+00  0.0000000E+00  0.0000000E+00
       160      2 -0.4998974E-07 -0.8865901E-07  0.0000000E+00  0.0000000E+00 -0.2585963E-01  0.9999419E-04
       160      3 -0.4536933E-06  0.3867497E-06  0.0000000E+00  0.0000000E+00 -0.5177830E-01  0.1999606E-03
       160      4 -0.9434500E-06 -0.7672043E-06  0.0000000E+00  0.0000000E+00 -0.1298872E+00  0.4994486E-03

       170      0  0.0000000E+00  0.0000000E+00  0.0000000E+00  0.0000000E+00  0.0000000E+00  0.0000000E+00
       170      1  0.0000000E+00  0.0000000E+00  0.0000000E+00  0.0000000E+00  0.0000000E+00  0.0000000E+00
       170      2 -0.5110117E-06 -0.9545041E-07  0.0000000E+00  0.0000000E+00 -0.2735322E-01  0.9999330E-04
       170      3 -0.4097573E-08 -0.7487020E-07  0.0000000E+00  0.0000000E+00 -0.5476887E-01  0.1999540E-03
       170      4 -0.3211080E-05 -0.6179863E-06  0.0000000E+00  0.0000000E+00 -0.1373886E+00  0.4993485E-03

       180      0  0.0000000E+00  0.0000000E+00  0.0000000E+00  0.0000000E+00  0.0000000E+00  0.0000000E+00
       180      1  0.0000000E+00  0.0000000E+00  0.0000000E+00  0.0000000E+00  0.0000000E+00  0.0000000E+00
       180      2 -0.9017089E-06  0.1192029E-06  0.0000000E+00  0.0000000E+00 -0.2883317E-01  0.9999233E-04
       180      3 -0.6522052E-06 -0.2711095E-06  0.0000000E+00  0.0000000E+00 -0.5773211E-01  0.1999466E-03
       180      4 -0.5276268E-05  0.2642407E-06  0.0000000E+00  0.0000000E+00 -0.1448212E+00  0.4992373E-03

       190      0  0.0000000E+00  0.0000000E+00  0.0000000E+00  0.0000000E+00  0.0000000E+00  0.0000000E+00
       190      1  0.0000000E+00  0.0000000E+00  0.0000000E+00  0.0000000E+00  0.0000000E+00  0.0000000E+00
       190      2 -0.7144126E-06  0.2763674E-06  0.0000000E+00  0.0000000E+00 -0.3029959E-01  0.9999126E-04
       190      3 -0.1666317E-05  0.1960208E-07  0.0000000E+00  0.0000000E+00 -0.6066827E-01  0.1999385E-03
       190      4 -0.5755998E-05  0.1289005E-05  0.0000000E+00  0.0000000E+00 -0.1521855E+00  0.4991144E-03

       200      0  0.0000000E+00  0.0000000E+00  0.0000000E+00  0.0000000E+00  0.0000000E+00  0.0000000E+00
       200      1  0.0000000E+00  0.0000000E+00  0.0000000E+00  0.0000000E+00  0.0000000E+00  0.0000000E+00
       200      2 -0.1925490E-06  0.1718166E-06  0.0000000E+00  0.0000000E+00 -0.3175262E-01  0.9999010E-04
       200      3 -0.1901483E-05  0.4690439E-06  0.0000000E+00  0.0000000E+00 -0.6357758E-01  0.1999297E-03
       200      4 -0.4328079E-05  0.1770083E-05  0.0000000E+00  0.0000000E+00 -0.1594823E+00  0.4989793E-03

       210      0  0.0000000E+00  0.0000000E+00  0.0000000E+00  0.0000000E+00  0.0000000E+00  0.0000000E+00
       210      1  0.0000000E+00  0.0000000E+00  0.0000000E+00  0.0000000E+00  0.0000000E+00  0.0000000E+00
       210      2 -0.1430557E-07 -0.5858143E-07  0.0000000E+00  0.0000000E+00 -0.3319236E-01  0.9998884E-04
       210      3 -0.1092208E-05  0.5697761E-06  0.0000000E+00  0.0000000E+00 -0.6646028E-01  0.1999200E-03
       210      4 -0.1947736E-05  0.1384981E-05  0.0000000E+00  0.0000000E+00 -0.1667120E+00  0.4988316E-03

       220      0  0.0000000E+00  0.0000000E+00  0.0000000E+00  0.0000000E+00  0.0000000E+00  0.0000000E+00
       220      1  0.0000000E+00  0.0000000E+00  0.0000000E+00  0.0000000E+00  0.0000000E+00  0.0000000E+00
       220      2 -0.4113393E-06 -0.1154236E-06  0.0000000E+00  0.0000000E+00 -0.3461895E-01  0.9998747E-04
       220      3 -0.1522304E-06  0.2080661E-06  0.0000000E+00  0.0000000E+00 -0.6931663E-01  0.1999095E-03
       220      4 -0.2088027E-06  0.3912780E-06  0.0000000E+00  0.0000000E+00 -0.1738752E+00  0.4986709E-03

       230      0  0.0000000E+00  0.0000000E+00  0.0000000E+00  0.0000000E+00  0.0000000E+00  0.0000000E+00
       230      1  0.0000000E+00  0.0000000E+00  0.0000000E+00  0.0000000E+00  0.0000000E+00  0.0000000E+00
       230      2 -0.8677461E-06  0.7516007E-07  0.0000000E+00  0.0000000E+00 -0.3603250E-01  0.9998599E-04
       230      3 -0.1428699E-06 -0.2076910E-06  0.0000000E+00  0.0000000E+00 -0.7214684E-01  0.1998981E-03
       230      4 -0.2763207E-06 -0.5454274E-06  0.0000000E+00  0.0000000E+00 -0.1809724E+00  0.4984967E-03

       240      0  0.0000000E+00  0.0000000E+00  0.0000000E+00  0.0000000E+00  0.0000000E+00  0.0000000E+00
       240      1  0.0000000E+00  0.0000000E+00  0.0000000E+00  0.0000000E+00  0.0000000E+00  0.0000000E+00
       240      2 -0.7904680E-06  0.2655156E-06  0.0000000E+00  0.0000000E+00 -0.3743313E-01  0.9998441E-04
       240      3 -0.1074717E-05 -0.2080686E-06  0.0000000E+00  0.0000000E+00 -0.7495116E-01  0.1998858E-03
       240      4 -0.2105164E-05 -0.7972428E-06  0.0000000E+00  0.0000000E+00 -0.1880042E+00  0.4983086E-03

       250      0  0.0000000E+00  0.0000000E+00  0.0000000E+00  0.0000000E+00  0.0000000E+00  0.0000000E+00
       250      1  0.0000000E+00  0.0000000E+00  0.0000000E+00  0.0000000E+00  0.0000000E+00  0.0000000E+00
       250      2 -0.2799575E-06  0.2082860E-06  0.0000000E+00  0.0000000E+00 -0.3882096E-01  0.9998271E-04
       250      3 -0.1895642E-05  0.2073656E-06  0.0000000E+00  0.0000000E+00 -0.7772982E-01  0.1998727E-03
       250      4 -0.4468918E-05 -0.1950652E-06  0.0000000E+00  0.0000000E+00 -0.1949711E+00  0.4981062E-03

       260      0  0.0000000E+00  0.0000000E+00  0.0000000E+00  0.0000000E+00  0.0000000E+00  0.0000000E+00
       260      1  0.0000000E+00  0.0000000E+00  0.0000000E+00  0.0000000E+00  0.0000000E+00  0.0000000E+00
       260      2  0.3605702E-09 -0.2215521E-07  0.0000000E+00  0.0000000E+00 -0.4019611E-01  0.9998089E-04
       260      3 -0.1678720E-05  0.5695452E-06  0.0000000E+00  0.0000000E+00 -0.8048306E-01  0.1998585E-03
       260      4 -0.5781111E-05  0.8574156E-06  0.0000000E+00  0.0000000E+00 -0.2018736E+00  0.4978892E-03

       270      0  0.0000000E+00  0.0000000E+00  0.0000000E+00  0.0000000E+00  0.0000000E+00  0.0000000E+00
       270      1  0.0000000E+00  0.0000000E+00  0.0000000E+00  0.0000000E+00  0.0000000E+00  0.0000000E+00
       270      2 -0.3138075E-06 -0.1263515E-06  0.0000000E+00  0.0000000E+00 -0.4155868E-01  0.9997895E-04
       270      3 -0.6688566E-06  0.4695205E-06  0.0000000E+00  0.0000000E+00 -0.8321108E-01  0.1998435E-03
       270      4 -0.5159422E-05  0.1653874E-05  0.0000000E+00  0.0000000E+00 -0.2087122E+00  0.4976572E-03

       280      0  0.0000000E+00  0.0000000E+00  0.0000000E+00  0.0000000E+00  0.0000000E+00  0.0000000E+00
       280      1  0.0000000E+00  0.0000000E+00  0.0000000E+00  0.0000000E+00  0.0000000E+00  0.0000000E+00
       280      2 -0.8142367E-06  0.3110156E-07  0.0000000E+00  0.0000000E+00 -0.4290880E-01  0.9997689E-04
       280      3 -0.6304520E-08  0.2022230E-07  0.0000000E+00  0.0000000E+00 -0.8591413E-01  0.1998274E-03
       280      4 -0.3019105E-05  0.1659147E-05  0.0000000E+00  0.0000000E+00 -0.2154875E+00  0.4974098E-03

       290      0  0.0000000E+00  0.0000000E+00  0.0000000E+00  0.0000000E+00  0.0000000E+00  0.0000000E+00
       290      1  0.0000000E+00  0.0000000E+00  0.0000000E+00  0.0000000E+00  0.0000000E+00  0.0000000E+00
       290      2 -0.8506599E-06  0.2456023E-06  0.0000000E+00  0.0000000E+00 -0.4424658E-01  0.9997470E-04
       290      3 -0.4391791E-06 -0.2710288E-06  0.0000000E+00  0.0000000E+00 -0.8859241E-01  0.1998103E-03
       290      4 -0.7960357E-06  0.8689775E-06  0.0000000E+00  0.0000000E+00 -0.2221998E+00  0.4971467E-03

       300      0  0.0000000E+00  0.0000000E+00  0.0000000E+00  0.0000000E+00  0.0000000E+00  0.0000000E+00
       300      1  0.0000000E+00  0.0000000E+00  0.0000000E+00  0.0000000E+00  0.0000000E+00  0.0000000E+00
       300      2 -0.3757714E-06  0.2384176E-06  0.0000000E+00  0.0000000E+00 -0.4557213E-01  0.9997239E-04
       300      3 -0.1478681E-05 -0.7535701E-07  0.0000000E+00  0.0000000E+00 -0.9124617E-01  0.1997922E-03
       300      4  0.1664440E-07 -0.1862428E-06  0.0000000E+00  0.0000000E+00 -0.2288497E+00  0.4968676E-03

       310      0  0.0000000E+00  0.0000000E+00  0.0000000E+00  0.0000000E+00  0.0000000E+00  0.0000000E+00
       310      1  0.0000000E+00  0.0000000E+00  0.0000000E+00  0.0000000E+00  0.0000000E+00  0.0000000E+00
       310      2 -0.6698983E-08  0.1888770E-07  0.0000000E+00  0.0000000E+00 -0.4688556E-01  0.9996994E-04
       310      3 -0.1950972E-05  0.3862892E-06  0.0000000E+00  0.0000000E+00 -0.9387560E-01  0.1997731E-03
       310      4 -0.1127504E-05 -0.7971988E-06  0.0000000E+00  0.0000000E+00 -0.2354377E+00  0.4965722E-03

       320      0  0.0000000E+00  0.0000000E+00  0.0000000E+00  0.0000000E+00  0.0000000E+00  0.0000000E+00
       320      1  0.0000000E+00  0.0000000E+00  0.0000000E+00  0.0000000E+00  0.0000000E+00  0.0000000E+00
       320      2 -0.2230643E-06 -0.1277111E-06  0.0000000E+00  0.0000000E+00 -0.4818697E-01  0.9996736E-04
       320      3 -0.1322663E-05  0.5926031E-06  0.0000000E+00  0.0000000E+00 -0.9648093E-01  0.1997528E-03
       320      4 -0.3458773E-05 -0.5525814E-06  0.0000000E+00  0.0000000E+00 -0.2419642E+00  0.4962601E-03

       330      0  0.0000000E+00  0.0000000E+00  0.0000000E+00  0.0000000E+00  0.0000000E+00  0.0000000E+00
       330      1  0.0000000E+00  0.0000000E+00  0.0000000E+00  0.0000000E+00  0.0000000E+00  0.0000000E+00
       330      2 -0.7437289E-06 -0.1087430E-07  0.0000000E+00  0.0000000E+00 -0.4947649E-01  0.9996464E-04
       330      3 -0.3031945E-06  0.3105867E-06  0.0000000E+00  0.0000000E+00 -0.9906237E-01  0.1997315E-03
       330      4 -0.5406904E-05  0.3833938E-06  0.0000000E+00  0.0000000E+00 -0.2484296E+00  0.4959312E-03

       340      0  0.0000000E+00  0.0000000E+00  0.0000000E+00  0.0000000E+00  0.0000000E+00  0.0000000E+00
       340      1  0.0000000E+00  0.0000000E+00  0.0000000E+00  0.0000000E+00  0.0000000E+00  0.0000000E+00
       340      2 -0.8921239E-06  0.2175753E-06  0.0000000E+00  0.0000000E+00 -0.5075421E-01  0.9996178E-04
       340      3 -0.4377021E-07 -0.1413076E-06  0.0000000E+00  0.0000000E+00 -0.1016201E+00  0.1997090E-03
       340      4 -0.5657305E-05  0.1380412E-05  0.0000000E+00  0.0000000E+00 -0.2548345E+00  0.4955852E-03

       350      0  0.0000000E+00  0.0000000E+00  0.0000000E+00  0.0000000E+00  0.0000000E+00  0.0000000E+00
       350      1  0.0000000E+00  0.0000000E+00  0.0000000E+00  0.0000000E+00  0.0000000E+00  0.0000000E+00
       350      2 -0.4754325E-06  0.2607768E-06  0.0000000E+00  0.0000000E+00 -0.5202025E-01  0.9995878E-04
       350      3 -0.8373224E-06 -0.2527633E-06  0.0000000E+00  0.0000000E+00 -0.1041544E+00  0.1996855E-03
       350      4 -0.4037908E-05  0.1765974E-05  0.0000000E+00  0.0000000E+00 -0.2611792E+00  0.4952217E-03

       360      0  0.0000000E+00  0.0000000E+00  0.0000000E+00  0.0000000E+00  0.0000000E+00  0.0000000E+00
       360      1  0.0000000E+00  0.0000000E+00  0.0000000E+00  0.0000000E+00  0.0000000E+00  0.0000000E+00
       360      2 -0.3515208E-07  0.6259366E-07  0.0000000E+00  0.0000000E+00 -0.5327471E-01  0.9995564E-04
       360      3 -0.1787616E-05  0.1020926E-06  0.0000000E+00  0.0000000E+00 -0.1066654E+00  0.1996608E-03
       360      4 -0.1637939E-05  0.1279010E-05  0.0000000E+00  0.0000000E+00 -0.2674642E+00  0.4948407E-03

       370      0  0.0000000E+00  0.0000000E+00  0.0000000E+00  0.0000000E+00  0.0000000E+00  0.0000000E+00
       370      1  0.0000000E+00  0.0000000E+00  0.0000000E+00  0.0000000E+00  0.0000000E+00  0.0000000E+00
       370      2 -0.1434334E-06 -0.1194375E-06  0.0000000E+00  0.0000000E+00 -0.5451769E-01  0.9995235E-04
       370      3 -0.1821323E-05  0.5224948E-06  0.0000000E+00  0.0000000E+00 -0.1091534E+00  0.1996349E-03
       370      4 -0.7556820E-07  0.2471634E-06  0.0000000E+00  0.0000000E+00 -0.2736898E+00  0.4944418E-03

       380      0  0.0000000E+00  0.0000000E+00  0.0000000E+00  0.0000000E+00  0.0000000E+00  0.0000000E+00
       380      1  0.0000000E+00  0.0000000E+00  0.0000000E+00  0.0000000E+00  0.0000000E+00  0.0000000E+00
       380      2 -0.6595838E-06 -0.4876847E-07  0.0000000E+00  0.0000000E+00 -0.5574929E-01  0.9994891E-04
       380      3 -0.9002465E-06  0.5336198E-06  0.0000000E+00  0.0000000E+00 -0.1116185E+00  0.1996078E-03
       380      4 -0.4058324E-06 -0.6330834E-06  0.0000000E+00  0.0000000E+00 -0.2798566E+00  0.4940249E-03

       390      0  0.0000000E+00  0.0000000E+00  0.0000000E+00  0.0000000E+00  0.0000000E+00  0.0000000E+00
       390      1  0.0000000E+00  0.0000000E+00  0.0000000E+00  0.0000000E+00  0.0000000E+00  0.0000000E+00
       390      2 -0.9128905E-06  0.1827704E-06  0.0000000E+00  0.0000000E+00 -0.5696963E-01  0.9994533E-04
       390      3 -0.6456670E-07  0.1228685E-06  0.0000000E+00  0.0000000E+00 -0.1140609E+00  0.1995796E-03
       390      4 -0.2405595E-05 -0.7664372E-06  0.0000000E+00  0.0000000E+00 -0.2859648E+00  0.4935898E-03

       400      0  0.0000000E+00  0.0000000E+00  0.0000000E+00  0.0000000E+00  0.0000000E+00  0.0000000E+00
       400      1  0.0000000E+00  0.0000000E+00  0.0000000E+00  0.0000000E+00  0.0000000E+00  0.0000000E+00
       400      2 -0.5741975E-06  0.2743006E-06  0.0000000E+00  0.0000000E+00 -0.5817880E-01  0.9994159E-04
       400      3 -0.2580830E-06 -0.2458518E-06  0.0000000E+00  0.0000000E+00 -0.1164809E+00  0.1995501E-03
       400      4 -0.4720953E-05 -0.6203561E-07  0.0000000E+00  0.0000000E+00 -0.2920150E+00  0.4931363E-03

       410      0  0.0000000E+00  0.0000000E+00  0.0000000E+00  0.0000000E+00  0.0000000E+00  0.0000000E+00
       410      1  0.0000000E+00  0.0000000E+00  0.0000000E+00  0.0000000E+00  0.0000000E+00  0.0000000E+00
       410      2 -0.8364191E-07  0.1068815E-06  0.0000000E+00  0.0000000E+00 -0.5937691E-01  0.9993770E-04
       410      3 -0.1262146E-05 -0.1560717E-06  0.0000000E+00  0.0000000E+00 -0.1188786E+00  0.1995194E-03
       410      4 -0.5781166E-05  0.1003499E-05  0.0000000E+00  0.0000000E+00 -0.2980074E+00  0.4926642E-03

       420      0  0.0000000E+00  0.0000000E+00  0.0000000E+00  0.0000000E+00  0.0000000E+00  0.0000000E+00
       420      1  0.0000000E+00  0.0000000E+00  0.0000000E+00  0.0000000E+00  0.0000000E+00  0.0000000E+00
       420      2 -0.7870555E-07 -0.1019267E-06  0.0000000E+00  0.0000000E+00 -0.6056404E-01  0.9993365E-04
       420      3 -0.1942496E-05  0.2907972E-06  0.0000000E+00  0.0000000E+00 -0.1212542E+00  0.1994875E-03
       420      4 -0.4863202E-05  0.1707533E-05  0.0000000E+00  0.0000000E+00 -0.3039425E+00  0.4921734E-03

       430      0  0.0000000E+00  0.0000000E+00  0.0000000E+00  0.0000000E+00  0.0000000E+00  0.0000000E+00
       430      1  0.0000000E+00  0.0000000E+00  0.0000000E+00  0.0000000E+00  0.0000000E+00  0.0000000E+00
       430      2 -0.5658139E-06 -0.8077778E-07  0.0000000E+00  0.0000000E+00 -0.6174031E-01  0.9992945E-04
       430      3 -0.1530434E-05  0.5899532E-06  0.0000000E+00  0.0000000E+00 -0.1236080E+00  0.1994544E-03
       430      4 -0.2585295E-05  0.1571176E-05  0.0000000E+00  0.0000000E+00 -0.3098205E+00  0.4916637E-03

       440      0  0.0000000E+00  0.0000000E+00  0.0000000E+00  0.0000000E+00  0.0000000E+00  0.0000000E+00
       440      1  0.0000000E+00  0.0000000E+00  0.0000000E+00  0.0000000E+00  0.0000000E+00  0.0000000E+00
       440      2 -0.9119805E-06  0.1428472E-06  0.0000000E+00  0.0000000E+00 -0.6290581E-01  0.9992509E-04
       440      3 -0.4912610E-06  0.4034139E-06  0.0000000E+00  0.0000000E+00 -0.1259400E+00  0.1994199E-03
       440      4 -0.4913134E-06  0.6855101E-06  0.0000000E+00  0.0000000E+00 -0.3156420E+00  0.4911351E-03

       450      0  0.0000000E+00  0.0000000E+00  0.0000000E+00  0.0000000E+00  0.0000000E+00  0.0000000E+00
       450      1  0.0000000E+00  0.0000000E+00  0.0000000E+00  0.0000000E+00  0.0000000E+00  0.0000000E+00
       450      2 -0.6673668E-06  0.2783492E-06  0.0000000E+00  0.0000000E+00 -0.6406063E-01  0.9992057E-04
       450      3  0.1216642E-08 -0.5813331E-07  0.0000000E+00  0.0000000E+00 -0.1282506E+00  0.1993842E-03
       450      4 -0.3745868E-08 -0.3483841E-06  0.0000000E+00  0.0000000E+00 -0.3214072E+00  0.4905874E-03

       460      0  0.0000000E+00  0.0000000E+00  0.0000000E+00  0.0000000E+00  0.0000000E+00  0.0000000E+00
       460      1  0.0000000E+00  0.0000000E+00  0.0000000E+00  0.0000000E+00  0.0000000E+00  0.0000000E+00
       460      2 -0.1498524E-06  0.1496431E-06  0.0000000E+00  0.0000000E+00 -0.6520488E-01  0.9991589E-04
       460      3 -0.6092735E-06 -0.2732797E-06  0.0000000E+00  0.0000000E+00 -0.1305398E+00  0.1993473E-03
       460      4 -0.1454551E-05 -0.8269236E-06  0.0000000E+00  0.0000000E+00 -0.3271165E+00  0.4900205E-03

       470      0  0.0000000E+00  0.0000000E+00  0.0000000E+00  0.0000000E+00  0.0000000E+00  0.0000000E+00
       470      1  0.0000000E+00  0.0000000E+00  0.0000000E+00  0.0000000E+00  0.0000000E+00  0.0000000E+00
       470      2 -0.3195513E-07 -0.7601679E-07  0.0000000E+00  0.0000000E+00 -0.6633864E-01  0.9991105E-04
       470      3 -0.1632878E-05  0.1045454E-08  0.0000000E+00  0.0000000E+00 -0.1328079E+00  0.1993090E-03
       470      4 -0.3854755E-05 -0.4233359E-06  0.0000000E+00  0.0000000E+00 -0.3327702E+00  0.4894343E-03

       480      0  0.0000000E+00  0.0000000E+00  0.0000000E+00  0.0000000E+00  0.0000000E+00  0.0000000E+00
       480      1  0.0000000E+00  0.0000000E+00  0.0000000E+00  0.0000000E+00  0.0000000E+00  0.0000000E+00
       480      2 -0.4668886E-06 -0.1053820E-06  0.0000000E+00  0.0000000E+00 -0.6746202E-01  0.9990604E-04
       480      3 -0.1912876E-05  0.4548850E-06  0.0000000E+00  0.0000000E+00 -0.1350550E+00  0.1992694E-03
       480      4 -0.5564392E-05  0.5878257E-06  0.0000000E+00  0.0000000E+00 -0.3383687E+00  0.4888287E-03

       490      0  0.0000000E+00  0.0000000E+00  0.0000000E+00  0.0000000E+00  0.0000000E+00  0.0000000E+00
       490      1  0.0000000E+00  0.0000000E+00  0.0000000E+00  0.0000000E+00  0.0000000E+00  0.0000000E+00
       490      2 -0.8894516E-06  0.9970921E-07  0.0000000E+00  0.0000000E+00 -0.6857511E-01  0.9990087E-04
       490      3 -0.1132646E-05  0.5754002E-06  0.0000000E+00  0.0000000E+00 -0.1372814E+00  0.1992285E-03
       490      4 -0.5410706E-05  0.1515916E-05  0.0000000E+00  0.0000000E+00 -0.3439123E+00  0.4882038E-03

       500      0  0.0000000E+00  0.0000000E+00  0.0000000E+00  0.0000000E+00  0.0000000E+00  0.0000000E+00
       500      1  0.0000000E+00  0.0000000E+00  0.0000000E+00  0.0000000E+00  0.0000000E+00  0.0000000E+00
       500      2 -0.7505115E-06  0.2727365E-06  0.0000000E+00  0.0000000E+00 -0.6967799E-01  0.9989553E-04
       500      3 -0.1736009E-06  0.2263514E-06  0.0000000E+00  0.0000000E+00 -0.1394872E+00  0.1991863E-03
       500      4 -0.3492609E-05  0.1725083E-05  0.0000000E+00  0.0000000E+00 -0.3494013E+00  0.4875594E-03

       510      0  0.0000000E+00  0.0000000E+00  0.0000000E+00  0.0000000E+00  0.0000000E+00  0.0000000E+00
       510      1  0.0000000E+00  0.0000000E+00  0.0000000E+00  0.0000000E+00  0.0000000E+00  0.0000000E+00
       510      2 -0.2306206E-06  0.1888450E-06  0.0000000E+00  0.0000000E+00 -0.7077076E-01  0.9989003E-04
       510      3 -0.1193337E-06 -0.1978729E-06  0.0000000E+00  0.0000000E+00 -0.1416725E+00  0.1991428E-03
       510      4 -0.1118326E-05  0.1070173E-05  0.0000000E+00  0.0000000E+00 -0.3548360E+00  0.4868954E-03

       520      0  0.0000000E+00  0.0000000E+00  0.0000000E+00  0.0000000E+00  0.0000000E+00  0.0000000E+00
       520      1  0.0000000E+00  0.0000000E+00  0.0000000E+00  0.0000000E+00  0.0000000E+00  0.0000000E+00
       520      2 -0.5392121E-08 -0.4294720E-07  0.0000000E+00  0.0000000E+00 -0.7185351E-01  0.9988436E-04
       520      3 -0.1031035E-05 -0.2178728E-06  0.0000000E+00  0.0000000E+00 -0.1438376E+00  0.1990979E-03
       520      4  0.8686837E-07 -0.1520620E-08  0.0000000E+00  0.0000000E+00 -0.3602167E+00  0.4862119E-03

       530      0  0.0000000E+00  0.0000000E+00  0.0000000E+00  0.0000000E+00  0.0000000E+00  0.0000000E+00
       530      1  0.0000000E+00  0.0000000E+00  0.0000000E+00  0.0000000E+00  0.0000000E+00  0.0000000E+00
       530      2 -0.3675181E-06 -0.1214172E-06  0.0000000E+00  0.0000000E+00 -0.7292633E-01  0.9987851E-04
       530      3 -0.1878136E-05  0.1889523E-06  0.0000000E+00  0.0000000E+00 -0.1459826E+00  0.1990517E-03
       530      4 -0.7041380E-06 -0.7548784E-06  0.0000000E+00  0.0000000E+00 -0.3655438E+00  0.4855089E-03

       540      0  0.0000000E+00  0.0000000E+00  0.0000000E+00  0.0000000E+00  0.0000000E+00  0.0000000E+00
       540      1  0.0000000E+00  0.0000000E+00  0.0000000E+00  0.0000000E+00  0.0000000E+00  0.0000000E+00
       540      2 -0.8463952E-06  0.5541094E-07  0.0000000E+00  0.0000000E+00 -0.7398932E-01  0.9987250E-04
       540      3 -0.1702929E-05  0.5627672E-06  0.0000000E+00  0.0000000E+00 -0.1481077E+00  0.1990042E-03
       540      4 -0.2947513E-05 -0.6713945E-06  0.0000000E+00  0.0000000E+00 -0.3708175E+00  0.4847863E-03

       550      0  0.0000000E+00  0.0000000E+00  0.0000000E+00  0.0000000E+00  0.0000000E+00  0.0000000E+00
       550      1  0.0000000E+00  0.0000000E+00  0.0000000E+00  0.0000000E+00  0.0000000E+00  0.0000000E+00
       550      2 -0.8196872E-06  0.2577390E-06  0.0000000E+00  0.0000000E+00 -0.7504255E-01  0.9986632E-04
       550      3 -0.7031395E-06  0.4809822E-06  0.0000000E+00  0.0000000E+00 -0.1502131E+00  0.1989553E-03
       550      4 -0.5096606E-05  0.1925150E-06  0.0000000E+00  0.0000000E+00 -0.3760381E+00  0.4840441E-03

       560      0  0.0000000E+00  0.0000000E+00  0.0000000E+00  0.0000000E+00  0.0000000E+00  0.0000000E+00
       560      1  0.0000000E+00  0.0000000E+00  0.0000000E+00  0.0000000E+00  0.0000000E+00  0.0000000E+00
       560      2 -0.3220908E-06  0.2226269E-06  0.0000000E+00  0.0000000E+00 -0.7608611E-01  0.9985996E-04
       560      3 -0.8660385E-08  0.3597116E-07  0.0000000E+00  0.0000000E+00 -0.1522989E+00  0.1989050E-03
       560      4 -0.5664284E-05  0.1241610E-05  0.0000000E+00  0.0000000E+00 -0.3812059E+00  0.4832823E-03

       570      0  0.0000000E+00  0.0000000E+00  0.0000000E+00  0.0000000E+00  0.0000000E+00  0.0000000E+00
       570      1  0.0000000E+00  0.0000000E+00  0.0000000E+00  0.0000000E+00  0.0000000E+00  0.0000000E+00
       570      2 -0.2566418E-09 -0.4297932E-08  0.0000000E+00  0.0000000E+00 -0.7712010E-01  0.9985344E-04
       570      3 -0.4043895E-06 -0.2692444E-06  0.0000000E+00  0.0000000E+00 -0.1543652E+00  0.1988534E-03
       570      4 -0.4251034E-05  0.1750484E-05  0.0000000E+00  0.0000000E+00 -0.3863212E+00  0.4825011E-03

       580      0  0.0000000E+00  0.0000000E+00  0.0000000E+00  0.0000000E+00  0.0000000E+00  0.0000000E+00
       580      1  0.0000000E+00  0.0000000E+00  0.0000000E+00  0.0000000E+00  0.0000000E+00  0.0000000E+00
       580      2 -0.2724253E-06 -0.1281311E-06  0.0000000E+00  0.0000000E+00 -0.7814459E-01  0.9984674E-04
       580      3 -0.1442752E-05 -0.8961622E-07  0.0000000E+00  0.0000000E+00 -0.1564124E+00  0.1988004E-03
       580      4 -0.1827162E-05  0.1365019E-05  0.0000000E+00  0.0000000E+00 -0.3913842E+00  0.4817003E-03

       590      0  0.0000000E+00  0.0000000E+00  0.0000000E+00  0.0000000E+00  0.0000000E+00  0.0000000E+00
       590      1  0.0000000E+00  0.0000000E+00  0.0000000E+00  0.0000000E+00  0.0000000E+00  0.0000000E+00
       590      2 -0.7848809E-06  0.1205884E-07  0.0000000E+00  0.0000000E+00 -0.7915967E-01  0.9983986E-04
       590      3 -0.1949474E-05  0.3717538E-06  0.0000000E+00  0.0000000E+00 -0.1584404E+00  0.1987460E-03
       590      4 -0.6732920E-07  0.3498738E-06  0.0000000E+00  0.0000000E+00 -0.3963953E+00  0.4808801E-03

       600      0  0.0000000E+00  0.0000000E+00  0.0000000E+00  0.0000000E+00  0.0000000E+00  0.0000000E+00
       600      1  0.0000000E+00  0.0000000E+00  0.0000000E+00  0.0000000E+00  0.0000000E+00  0.0000000E+00
       600      2 -0.8716232E-06  0.2340807E-06  0.0000000E+00  0.0000000E+00 -0.8016544E-01  0.9983281E-04
       600      3 -0.1351232E-05  0.5931427E-06  0.0000000E+00  0.0000000E+00 -0.1604496E+00  0.1986902E-03
       600      4 -0.1913908E-06 -0.5919306E-06  0.0000000E+00  0.0000000E+00 -0.4013547E+00  0.4800405E-03

       610      0  0.0000000E+00  0.0000000E+00  0.0000000E+00  0.0000000E+00  0.0000000E+00  0.0000000E+00
       610      1  0.0000000E+00  0.0000000E+00  0.0000000E+00  0.0000000E+00  0.0000000E+00  0.0000000E+00
       610      2 -0.4199017E-06  0.2493908E-06  0.0000000E+00  0.0000000E+00 -0.8116196E-01  0.9982559E-04
       610      3 -0.3241554E-06  0.3241196E-06  0.0000000E+00  0.0000000E+00 -0.1624399E+00  0.1986331E-03
       610      4 -0.2113294E-05 -0.8056150E-06  0.0000000E+00  0.0000000E+00 -0.4062626E+00  0.4791815E-03

       620      0  0.0000000E+00  0.0000000E+00  0.0000000E+00  0.0000000E+00  0.0000000E+00  0.0000000E+00
       620      1  0.0000000E+00  0.0000000E+00  0.0000000E+00  0.0000000E+00  0.0000000E+00  0.0000000E+00
       620      2 -0.1676118E-07  0.3808729E-07  0.0000000E+00  0.0000000E+00 -0.8214932E-01  0.9981819E-04
       620      3 -0.2947273E-07 -0.1311634E-06  0.0000000E+00  0.0000000E+00 -0.1644117E+00  0.1985745E-03
       620      4 -0.4493583E-05 -0.1411961E-06  0.0000000E+00  0.0000000E+00 -0.4111193E+00  0.4783033E-03

       630      0  0.0000000E+00  0.0000000E+00  0.0000000E+00  0.0000000E+00  0.0000000E+00  0.0000000E+00
       630      1  0.0000000E+00  0.0000000E+00  0.0000000E+00  0.0000000E+00  0.0000000E+00  0.0000000E+00
       630      2 -0.1861174E-06 -0.1252187E-06  0.0000000E+00  0.0000000E+00 -0.8312760E-01  0.9981061E-04
       630      3 -0.8002517E-06 -0.2578317E-06  0.0000000E+00  0.0000000E+00 -0.1663649E+00  0.1985146E-03
       630      4 -0.5667105E-05  0.9388664E-06  0.0000000E+00  0.0000000E+00 -0.4159250E+00  0.4774059E-03

       640      0  0.0000000E+00  0.0000000E+00  0.0000000E+00  0.0000000E+00  0.0000000E+00  0.0000000E+00
       640      1  0.0000000E+00  0.0000000E+00  0.0000000E+00  0.0000000E+00  0.0000000E+00  0.0000000E+00
       640      2 -0.7078544E-06 -0.2829071E-07  0.0000000E+00  0.0000000E+00 -0.8409689E-01  0.9980286E-04
       640      3 -0.1764434E-05  0.8737794E-07  0.0000000E+00  0.0000000E+00 -0.1682999E+00  0.1984533E-03
       640      4 -0.4805565E-05  0.1679432E-05  0.0000000E+00  0.0000000E+00 -0.4206801E+00  0.4764895E-03

       650      0  0.0000000E+00  0.0000000E+00  0.0000000E+00  0.0000000E+00  0.0000000E+00  0.0000000E+00
       650      1  0.0000000E+00  0.0000000E+00  0.0000000E+00  0.0000000E+00  0.0000000E+00  0.0000000E+00
       650      2 -0.9038788E-06  0.2028978E-06  0.0000000E+00  0.0000000E+00 -0.8505727E-01  0.9979493E-04
       650      3 -0.1830996E-05  0.5139512E-06  0.0000000E+00  0.0000000E+00 -0.1702168E+00  0.1983906E-03
       650      4 -0.2502944E-05  0.1559953E-05  0.0000000E+00  0.0000000E+00 -0.4253846E+00  0.4755540E-03

       660      0  0.0000000E+00  0.0000000E+00  0.0000000E+00  0.0000000E+00  0.0000000E+00  0.0000000E+00
       660      1  0.0000000E+00  0.0000000E+00  0.0000000E+00  0.0000000E+00  0.0000000E+00  0.0000000E+00
       660      2 -0.5193990E-06  0.2678777E-06  0.0000000E+00  0.0000000E+00 -0.8600881E-01  0.9978682E-04
       660      3 -0.9241953E-06  0.5392460E-06  0.0000000E+00  0.0000000E+00 -0.1721156E+00  0.1983266E-03
       660      4 -0.3673956E-06  0.6613146E-06  0.0000000E+00  0.0000000E+00 -0.4300390E+00  0.4745997E-03

       670      0  0.0000000E+00  0.0000000E+00  0.0000000E+00  0.0000000E+00  0.0000000E+00  0.0000000E+00
       670      1  0.0000000E+00  0.0000000E+00  0.0000000E+00  0.0000000E+00  0.0000000E+00  0.0000000E+00
       670      2 -0.5408341E-07  0.8219085E-07  0.0000000E+00  0.0000000E+00 -0.8695159E-01  0.9977854E-04
       670      3 -0.6956108E-07  0.1345398E-06  0.0000000E+00  0.0000000E+00 -0.1739966E+00  0.1982611E-03
       670      4  0.1032932E-06 -0.3872352E-06  0.0000000E+00  0.0000000E+00 -0.4346433E+00  0.4736266E-03

       680      0  0.0000000E+00  0.0000000E+00  0.0000000E+00  0.0000000E+00  0.0000000E+00  0.0000000E+00
       680      1  0.0000000E+00  0.0000000E+00  0.0000000E+00  0.0000000E+00  0.0000000E+00  0.0000000E+00
       680      2 -0.1126695E-06 -0.1128354E-06  0.0000000E+00  0.0000000E+00 -0.8788569E-01  0.9977007E-04
       680      3 -0.2337978E-06 -0.2423353E-06  0.0000000E+00  0.0000000E+00 -0.1758598E+00  0.1981942E-03
       680      4 -0.1422216E-05 -0.8479270E-06  0.0000000E+00  0.0000000E+00 -0.4391979E+00  0.4726349E-03

       690      0  0.0000000E+00  0.0000000E+00  0.0000000E+00  0.0000000E+00  0.0000000E+00  0.0000000E+00
       690      1  0.0000000E+00  0.0000000E+00  0.0000000E+00  0.0000000E+00  0.0000000E+00  0.0000000E+00
       690      2 -0.6189929E-06 -0.6373041E-07  0.0000000E+00  0.0000000E+00 -0.8881118E-01  0.9976143E-04
       690      3 -0.1230809E-05 -0.1649454E-06  0.0000000E+00  0.0000000E+00 -0.1777055E+00  0.1981260E-03
       690      4 -0.3867207E-05 -0.3946406E-06  0.0000000E+00  0.0000000E+00 -0.4437029E+00  0.4716247E-03

       700      0  0.0000000E+00  0.0000000E+00  0.0000000E+00  0.0000000E+00  0.0000000E+00  0.0000000E+00
       700      1  0.0000000E+00  0.0000000E+00  0.0000000E+00  0.0000000E+00  0.0000000E+00  0.0000000E+00
       700      2 -0.9149578E-06  0.1656818E-06  0.0000000E+00  0.0000000E+00 -0.8972816E-01  0.9975261E-04
       700      3 -0.1931952E-05  0.2791188E-06  0.0000000E+00  0.0000000E+00 -0.1795338E+00  0.1980563E-03
       700      4 -0.5499187E-05  0.6536203E-06  0.0000000E+00  0.0000000E+00 -0.4481586E+00  0.4705962E-03

       710      0  0.0000000E+00  0.0000000E+00  0.0000000E+00  0.0000000E+00  0.0000000E+00  0.0000000E+00
       710      1  0.0000000E+00  0.0000000E+00  0.0000000E+00  0.0000000E+00  0.0000000E+00  0.0000000E+00
       710      2 -0.6158601E-06  0.2772267E-06  0.0000000E+00  0.0000000E+00 -0.9063668E-01  0.9974362E-04
       710      3 -0.1543204E-05  0.5872198E-06  0.0000000E+00  0.0000000E+00 -0.1813448E+00  0.1979852E-03
       710      4 -0.5153578E-05  0.1554474E-05  0.0000000E+00  0.0000000E+00 -0.4525652E+00  0.4695494E-03

       720      0  0.0000000E+00  0.0000000E+00  0.0000000E+00  0.0000000E+00  0.0000000E+00  0.0000000E+00
       720      1  0.0000000E+00  0.0000000E+00  0.0000000E+00  0.0000000E+00  0.0000000E+00  0.0000000E+00
       720      2 -0.1104097E-06  0.1259191E-06  0.0000000E+00  0.0000000E+00 -0.9153683E-01  0.9973444E-04
       720      3 -0.5040887E-06  0.4105119E-06  0.0000000E+00  0.0000000E+00 -0.1831386E+00  0.1979128E-03
       720      4 -0.3064959E-05  0.1666593E-05  0.0000000E+00  0.0000000E+00 -0.4569229E+00  0.4684846E-03

       730      0  0.0000000E+00  0.0000000E+00  0.0000000E+00  0.0000000E+00  0.0000000E+00  0.0000000E+00
       730      1  0.0000000E+00  0.0000000E+00  0.0000000E+00  0.0000000E+00  0.0000000E+00  0.0000000E+00
       730      2 -0.5552994E-07 -0.9158788E-07  0.0000000E+00  0.0000000E+00 -0.9242867E-01  0.9972509E-04
       730      3  0.9501180E-08 -0.5108440E-07  0.0000000E+00  0.0000000E+00 -0.1849155E+00  0.1978390E-03
       730      4 -0.7099307E-06  0.9069605E-06  0.0000000E+00  0.0000000E+00 -0.4612319E+00  0.4674020E-03

       740      0  0.0000000E+00  0.0000000E+00  0.0000000E+00  0.0000000E+00  0.0000000E+00  0.0000000E+00
       740      1  0.0000000E+00  0.0000000E+00  0.0000000E+00  0.0000000E+00  0.0000000E+00  0.0000000E+00
       740      2 -0.5225241E-06 -0.9259330E-07  0.0000000E+00  0.0000000E+00 -0.9331229E-01  0.9971556E-04
       740      3 -0.5835910E-06 -0.2750477E-06  0.0000000E+00  0.0000000E+00 -0.1866755E+00  0.1977637E-03
       740      4  0.2374239E-06 -0.1859057E-06  0.0000000E+00  0.0000000E+00 -0.4654924E+00  0.4663016E-03

       750      0  0.0000000E+00  0.0000000E+00  0.0000000E+00  0.0000000E+00  0.0000000E+00  0.0000000E+00
       750      1  0.0000000E+00  0.0000000E+00  0.0000000E+00  0.0000000E+00  0.0000000E+00  0.0000000E+00
       750      2 -0.9043769E-06  0.1242068E-06  0.0000000E+00  0.0000000E+00 -0.9418775E-01  0.9970585E-04
       750      3 -0.1611520E-05 -0.7811233E-08  0.0000000E+00  0.0000000E+00 -0.1884187E+00  0.1976871E-03
       750      4 -0.8990015E-06 -0.8324453E-06  0.0000000E+00  0.0000000E+00 -0.4697047E+00  0.4651837E-03

       760      0  0.0000000E+00  0.0000000E+00  0.0000000E+00  0.0000000E+00  0.0000000E+00  0.0000000E+00
       760      1  0.0000000E+00  0.0000000E+00  0.0000000E+00  0.0000000E+00  0.0000000E+00  0.0000000E+00
       760      2 -0.7047223E-06  0.2770150E-06  0.0000000E+00  0.0000000E+00 -0.9505513E-01  0.9969596E-04
       760      3 -0.1909830E-05  0.4479895E-06  0.0000000E+00  0.0000000E+00 -0.1901454E+00  0.1976091E-03
       760      4 -0.3305512E-05 -0.5688682E-06  0.0000000E+00  0.0000000E+00 -0.4738689E+00  0.4640485E-03

       770      0  0.0000000E+00  0.0000000E+00  0.0000000E+00  0.0000000E+00  0.0000000E+00  0.0000000E+00
       770      1  0.0000000E+00  0.0000000E+00  0.0000000E+00  0.0000000E+00  0.0000000E+00  0.0000000E+00
       770      2 -0.1830267E-06  0.1672035E-06  0.0000000E+00  0.0000000E+00 -0.9591450E-01  0.9968589E-04
       770      3 -0.1140116E-05  0.5760770E-06  0.0000000E+00  0.0000000E+00 -0.1918556E+00  0.1975297E-03
       770      4 -0.5251796E-05  0.4174005E-06  0.0000000E+00  0.0000000E+00 -0.4779852E+00  0.4628962E-03

       780      0  0.0000000E+00  0.0000000E+00  0.0000000E+00  0.0000000E+00  0.0000000E+00  0.0000000E+00
       780      1  0.0000000E+00  0.0000000E+00  0.0000000E+00  0.0000000E+00  0.0000000E+00  0.0000000E+00
       780      2 -0.1735676E-07 -0.6250262E-07  0.0000000E+00  0.0000000E+00 -0.9676593E-01  0.9967564E-04
       780      3 -0.1736424E-06  0.2312441E-06  0.0000000E+00  0.0000000E+00 -0.1935495E+00  0.1974490E-03
       780      4 -0.5329424E-05  0.1417679E-05  0.0000000E+00  0.0000000E+00 -0.4820539E+00  0.4617269E-03

       790      0  0.0000000E+00  0.0000000E+00  0.0000000E+00  0.0000000E+00  0.0000000E+00  0.0000000E+00
       790      1  0.0000000E+00  0.0000000E+00  0.0000000E+00  0.0000000E+00  0.0000000E+00  0.0000000E+00
       790      2 -0.4230209E-06 -0.1135318E-06  0.0000000E+00  0.0000000E+00 -0.9760949E-01  0.9966522E-04
       790      3 -0.1047892E-06 -0.1960122E-06  0.0000000E+00  0.0000000E+00 -0.1952272E+00  0.1973668E-03
       790      4 -0.3470461E-05  0.1709292E-05  0.0000000E+00  0.0000000E+00 -0.4860751E+00  0.4605408E-03

       800      0  0.0000000E+00  0.0000000E+00  0.0000000E+00  0.0000000E+00  0.0000000E+00  0.0000000E+00
       800      1  0.0000000E+00  0.0000000E+00  0.0000000E+00  0.0000000E+00  0.0000000E+00  0.0000000E+00
       800      2 -0.8726838E-06  0.8044222E-07  0.0000000E+00  0.0000000E+00 -0.9844525E-01  0.9965462E-04
       800      3 -0.1011238E-05 -0.2217083E-06  0.0000000E+00  0.0000000E+00 -0.1968888E+00  0.1972833E-03
       800      4 -0.1007061E-05  0.1078055E-05  0.0000000E+00  0.0000000E+00 -0.4900491E+00  0.4593383E-03

       810      0  0.0000000E+00  0.0000000E+00  0.0000000E+00  0.0000000E+00  0.0000000E+00  0.0000000E+00
       810      1  0.0000000E+00  0.0000000E+00  0.0000000E+00  0.0000000E+00  0.0000000E+00  0.0000000E+00
       810      2 -0.7818011E-06  0.2672758E-06  0.0000000E+00  0.0000000E+00 -0.9927328E-01  0.9964384E-04
       810      3 -0.1865558E-05  0.1832573E-06  0.0000000E+00  0.0000000E+00 -0.1985345E+00  0.1971984E-03
       810      4  0.2830862E-06 -0.2245210E-07  0.0000000E+00  0.0000000E+00 -0.4939759E+00  0.4581194E-03

       820      0  0.0000000E+00  0.0000000E+00  0.0000000E+00  0.0000000E+00  0.0000000E+00  0.0000000E+00
       820      1  0.0000000E+00  0.0000000E+00  0.0000000E+00  0.0000000E+00  0.0000000E+00  0.0000000E+00
       820      2 -0.2684570E-06  0.2041000E-06  0.0000000E+00  0.0000000E+00 -0.1000936E+00  0.9963288E-04
       820      3 -0.1699099E-05  0.5599462E-06  0.0000000E+00  0.0000000E+00 -0.2001644E+00  0.1971122E-03
       820      4 -0.5351776E-06 -0.7950952E-06  0.0000000E+00  0.0000000E+00 -0.4978558E+00  0.4568845E-03

       830      0  0.0000000E+00  0.0000000E+00  0.0000000E+00  0.0000000E+00  0.0000000E+00  0.0000000E+00
       830      1  0.0000000E+00  0.0000000E+00  0.0000000E+00  0.0000000E+00  0.0000000E+00  0.0000000E+00
       830      2  0.1052078E-09 -0.2697444E-07  0.0000000E+00  0.0000000E+00 -0.1009064E+00  0.9962175E-04
       830      3 -0.6998701E-06  0.4813389E-06  0.0000000E+00  0.0000000E+00 -0.2017786E+00  0.1970245E-03
       830      4 -0.2866538E-05 -0.6769867E-06  0.0000000E+00  0.0000000E+00 -0.5016891E+00  0.4556337E-03

       840      0  0.0000000E+00  0.0000000E+00  0.0000000E+00  0.0000000E+00  0.0000000E+00  0.0000000E+00
       840      1  0.0000000E+00  0.0000000E+00  0.0000000E+00  0.0000000E+00  0.0000000E+00  0.0000000E+00
       840      2 -0.3251797E-06 -0.1255806E-06  0.0000000E+00  0.0000000E+00 -0.1017116E+00  0.9961043E-04
       840      3  0.1063597E-09  0.3638335E-07  0.0000000E+00  0.0000000E+00 -0.2033772E+00  0.1969355E-03
       840      4 -0.5007303E-05  0.2476023E-06  0.0000000E+00  0.0000000E+00 -0.5054758E+00  0.4543673E-03

       850      0  0.0000000E+00  0.0000000E+00  0.0000000E+00  0.0000000E+00  0.0000000E+00  0.0000000E+00
       850      1  0.0000000E+00  0.0000000E+00  0.0000000E+00  0.0000000E+00  0.0000000E+00  0.0000000E+00
       850      2 -0.8214248E-06  0.3645734E-07  0.0000000E+00  0.0000000E+00 -0.1025094E+00  0.9959895E-04
       850      3 -0.3922563E-06 -0.2706286E-06  0.0000000E+00  0.0000000E+00 -0.2049604E+00  0.1968452E-03
       850      4 -0.5383206E-05  0.1303554E-05  0.0000000E+00  0.0000000E+00 -0.5092161E+00  0.4530855E-03

       860      0  0.0000000E+00  0.0000000E+00  0.0000000E+00  0.0000000E+00  0.0000000E+00  0.0000000E+00
       860      1  0.0000000E+00  0.0000000E+00  0.0000000E+00  0.0000000E+00  0.0000000E+00  0.0000000E+00
       860      2 -0.8434887E-06  0.2484942E-06  0.0000000E+00  0.0000000E+00 -0.1032998E+00  0.9958728E-04
       860      3 -0.1431755E-05 -0.9166077E-07  0.0000000E+00  0.0000000E+00 -0.2065282E+00  0.1967535E-03
       860      4 -0.3705669E-05  0.1715334E-05  0.0000000E+00  0.0000000E+00 -0.5129104E+00  0.4517886E-03

       870      0  0.0000000E+00  0.0000000E+00  0.0000000E+00  0.0000000E+00  0.0000000E+00  0.0000000E+00
       870      1  0.0000000E+00  0.0000000E+00  0.0000000E+00  0.0000000E+00  0.0000000E+00  0.0000000E+00
       870      2 -0.3626297E-06  0.2348813E-06  0.0000000E+00  0.0000000E+00 -0.1040829E+00  0.9957544E-04
       870      3 -0.1939209E-05  0.3703389E-06  0.0000000E+00  0.0000000E+00 -0.2080809E+00  0.1966605E-03
       870      4 -0.1194996E-05  0.1176645E-05  0.0000000E+00  0.0000000E+00 -0.5165586E+00  0.4504767E-03

       880      0  0.0000000E+00  0.0000000E+00  0.0000000E+00  0.0000000E+00  0.0000000E+00  0.0000000E+00
       880      1  0.0000000E+00  0.0000000E+00  0.0000000E+00  0.0000000E+00  0.0000000E+00  0.0000000E+00
       880      2 -0.3897466E-08  0.1330270E-07  0.0000000E+00  0.0000000E+00 -0.1048586E+00  0.9956342E-04
       880      3 -0.1338475E-05  0.5913675E-06  0.0000000E+00  0.0000000E+00 -0.2096185E+00  0.1965661E-03
       880      4  0.3067108E-06  0.8034493E-07  0.0000000E+00  0.0000000E+00 -0.5201610E+00  0.4491503E-03

       890      0  0.0000000E+00  0.0000000E+00  0.0000000E+00  0.0000000E+00  0.0000000E+00  0.0000000E+00
       890      1  0.0000000E+00  0.0000000E+00  0.0000000E+00  0.0000000E+00  0.0000000E+00  0.0000000E+00
       890      2 -0.2335944E-06 -0.1282006E-06  0.0000000E+00  0.0000000E+00 -0.1056272E+00  0.9955123E-04
       890      3 -0.3102126E-06  0.3205864E-06  0.0000000E+00  0.0000000E+00 -0.2111412E+00  0.1964704E-03
       890      4 -0.3077545E-06 -0.7659831E-06  0.0000000E+00  0.0000000E+00 -0.5237178E+00  0.4478095E-03

       900      0  0.0000000E+00  0.0000000E+00  0.0000000E+00  0.0000000E+00  0.0000000E+00  0.0000000E+00
       900      1  0.0000000E+00  0.0000000E+00  0.0000000E+00  0.0000000E+00  0.0000000E+00  0.0000000E+00
       900      2 -0.7530647E-06 -0.5678324E-08  0.0000000E+00  0.0000000E+00 -0.1063886E+00  0.9953887E-04
       900      3 -0.2028738E-07 -0.1349997E-06  0.0000000E+00  0.0000000E+00 -0.2126489E+00  0.1963733E-03
       900      4 -0.2583479E-05 -0.7350983E-06  0.0000000E+00  0.0000000E+00 -0.5272292E+00  0.4464545E-03

       910      0  0.0000000E+00  0.0000000E+00  0.0000000E+00  0.0000000E+00  0.0000000E+00  0.0000000E+00
       910      1  0.0000000E+00  0.0000000E+00  0.0000000E+00  0.0000000E+00  0.0000000E+00  0.0000000E+00
       910      2 -0.8869231E-06  0.2215808E-06  0.0000000E+00  0.0000000E+00 -0.1071430E+00  0.9952632E-04
       910      3 -0.7972171E-06 -0.2586119E-06  0.0000000E+00  0.0000000E+00 -0.2141420E+00  0.1962749E-03
       910      4 -0.4827785E-05  0.1520785E-06  0.0000000E+00  0.0000000E+00 -0.5306953E+00  0.4450857E-03

       920      0  0.0000000E+00  0.0000000E+00  0.0000000E+00  0.0000000E+00  0.0000000E+00  0.0000000E+00
       920      1  0.0000000E+00  0.0000000E+00  0.0000000E+00  0.0000000E+00  0.0000000E+00  0.0000000E+00
       920      2 -0.4610800E-06  0.2581181E-06  0.0000000E+00  0.0000000E+00 -0.1078903E+00  0.9951361E-04
       920      3 -0.1759005E-05  0.8998693E-07  0.0000000E+00  0.0000000E+00 -0.2156205E+00  0.1961753E-03
       920      4 -0.5360693E-05  0.1236290E-05  0.0000000E+00  0.0000000E+00 -0.5341163E+00  0.4437034E-03

       930      0  0.0000000E+00  0.0000000E+00  0.0000000E+00  0.0000000E+00  0.0000000E+00  0.0000000E+00
       930      1  0.0000000E+00  0.0000000E+00  0.0000000E+00  0.0000000E+00  0.0000000E+00  0.0000000E+00
       930      2 -0.2909762E-07  0.5641877E-07  0.0000000E+00  0.0000000E+00 -0.1086307E+00  0.9950072E-04
       930      3 -0.1813558E-05  0.5151599E-06  0.0000000E+00  0.0000000E+00 -0.2170844E+00  0.1960742E-03
       930      4 -0.3770430E-05  0.1706848E-05  0.0000000E+00  0.0000000E+00 -0.5374924E+00  0.4423077E-03

       940      0  0.0000000E+00  0.0000000E+00  0.0000000E+00  0.0000000E+00  0.0000000E+00  0.0000000E+00
       940      1  0.0000000E+00  0.0000000E+00  0.0000000E+00  0.0000000E+00  0.0000000E+00  0.0000000E+00
       940      2 -0.1525374E-06 -0.1213016E-06  0.0000000E+00  0.0000000E+00 -0.1093642E+00  0.9948766E-04
       940      3 -0.8981947E-06  0.5342209E-06  0.0000000E+00  0.0000000E+00 -0.2185340E+00  0.1959719E-03
       940      4 -0.1233426E-05  0.1207679E-05  0.0000000E+00  0.0000000E+00 -0.5408237E+00  0.4408989E-03

       950      0  0.0000000E+00  0.0000000E+00  0.0000000E+00  0.0000000E+00  0.0000000E+00  0.0000000E+00
       950      1  0.0000000E+00  0.0000000E+00  0.0000000E+00  0.0000000E+00  0.0000000E+00  0.0000000E+00
       950      2 -0.6708619E-06 -0.4399405E-07  0.0000000E+00  0.0000000E+00 -0.1100909E+00  0.9947443E-04
       950      3 -0.5129716E-07  0.1253558E-06  0.0000000E+00  0.0000000E+00 -0.2199693E+00  0.1958683E-03
       950      4  0.3550629E-06  0.1089907E-06  0.0000000E+00  0.0000000E+00 -0.5441105E+00  0.4394775E-03

       960      0  0.0000000E+00  0.0000000E+00  0.0000000E+00  0.0000000E+00  0.0000000E+00  0.0000000E+00
       960      1  0.0000000E+00  0.0000000E+00  0.0000000E+00  0.0000000E+00  0.0000000E+00  0.0000000E+00
       960      2 -0.9101191E-06  0.1878252E-06  0.0000000E+00  0.0000000E+00 -0.1108108E+00  0.9946102E-04
       960      3 -0.2338540E-06 -0.2473852E-06  0.0000000E+00  0.0000000E+00 -0.2213904E+00  0.1957634E-03
       960      4 -0.1978497E-06 -0.7649476E-06  0.0000000E+00  0.0000000E+00 -0.5473528E+00  0.4380435E-03

       970      0  0.0000000E+00  0.0000000E+00  0.0000000E+00  0.0000000E+00  0.0000000E+00  0.0000000E+00
       970      1  0.0000000E+00  0.0000000E+00  0.0000000E+00  0.0000000E+00  0.0000000E+00  0.0000000E+00
       970      2 -0.5591648E-06  0.2727453E-06  0.0000000E+00  0.0000000E+00 -0.1115240E+00  0.9944744E-04
       970      3 -0.1238145E-05 -0.1608149E-06  0.0000000E+00  0.0000000E+00 -0.2227974E+00  0.1956572E-03
       970      4 -0.2475060E-05 -0.7542713E-06  0.0000000E+00  0.0000000E+00 -0.5505510E+00  0.4365973E-03

       980      0  0.0000000E+00  0.0000000E+00  0.0000000E+00  0.0000000E+00  0.0000000E+00  0.0000000E+00
       980      1  0.0000000E+00  0.0000000E+00  0.0000000E+00  0.0000000E+00  0.0000000E+00  0.0000000E+00
       980      2 -0.7422808E-07  0.1003405E-06  0.0000000E+00  0.0000000E+00 -0.1122305E+00  0.9943370E-04
       980      3 -0.1923076E-05  0.2867331E-06  0.0000000E+00  0.0000000E+00 -0.2241906E+00  0.1955497E-03
       980      4 -0.4750421E-05  0.1350767E-06  0.0000000E+00  0.0000000E+00 -0.5537051E+00  0.4351393E-03

       990      0  0.0000000E+00  0.0000000E+00  0.0000000E+00  0.0000000E+00  0.0000000E+00  0.0000000E+00
       990      1  0.0000000E+00  0.0000000E+00  0.0000000E+00  0.0000000E+00  0.0000000E+00  0.0000000E+00
       990      2 -0.8575876E-07 -0.1052432E-06  0.0000000E+00  0.0000000E+00 -0.1129304E+00  0.9941978E-04
       990      3 -0.1509912E-05  0.5868420E-06  0.0000000E+00  0.0000000E+00 -0.2255699E+00  0.1954410E-03
       990      4 -0.5287694E-05  0.1229610E-05  0.0000000E+00  0.0000000E+00 -0.5568153E+00  0.4336696E-03

      1000      0  0.0000000E+00  0.0000000E+00  0.0000000E+00  0.0000000E+00  0.0000000E+00  0.0000000E+00
      1000      1  0.0000000E+00  0.0000000E+00  0.0000000E+00  0.0000000E+00  0.0000000E+00  0.0000000E+00
      1000      2 -0.5787070E-06 -0.7671106E-07  0.0000000E+00  0.0000000E+00 -0.1136238E+00  0.9940569E-04
      1000      3 -0.4671944E-06  0.3984194E-06  0.0000000E+00  0.0000000E+00 -0.2269354E+00  0.1953310E-03
      1000      4 -0.3663090E-05  0.1695034E-05  0.0000000E+00  0.0000000E+00 -0.5598818E+00  0.4321885E-03
