1.504473942634240507e-04
9.268195950523889593e-05
4.391879606314177910e-05
2.886175259981811530e-05
-1.331073295827364395e-04
-4.084468861154827332e-05
-1.768462994761179025e-05
-1.132834057727670642e-04
-5.813934894396099296e-05
2.113144617409710706e-05
1.207445289890501595e-05
-4.314631860885863592e-06
1.872791675399568365e-04
-1.615239030960732774e-05
2.200640922992367612e-05
-1.497156241009922931e-04
7.785238086846321844e-05
-4.406912540267760270e-05
-7.836654379870296866e-05
8.182385900109119753e-05
-1.424581278936754784e-04
2.665524806680114817e-05
1.168003054033735634e-04
-1.869148380243134560e-04
-2.361522179857530629e-04
6.706720982098556450e-05
-1.067895894484723019e-04
-4.130167127886279438e-05
-3.952375646512038291e-05
-6.730764061788614239e-05
1.490081031630016673e-04
-2.515650825129208746e-05
1.341195311164423650e-04
-1.313686575426007514e-04
6.336865921253604663e-05
3.830461614184123330e-05
-9.516410713004615251e-05
1.044765087874971124e-04
-7.115303972450950400e-05
-7.388278730459222916e-05
2.137702945314943353e-04
9.268069679625386508e-06
7.522097114523432671e-05
-1.759865873897836349e-05
1.408301379454081261e-04
7.664298063686659352e-05
-1.279487398405559950e-04
3.296432910483681198e-05
