# TRN EL SYMPE SNRME MAPSE
         1         1  0.0000000E+00  0.0000000E+00  0.1175757E-16
         1         2  0.4695866E-20  0.7401487E-16  0.1175757E-16
         1         3  0.1633721E-18  0.7179442E-15  0.0000000E+00
         1         4  0.2235226E-22  0.0000000E+00  0.2337434E-15
         1         5  0.2457002E-16  0.4810966E-16  0.0000000E+00
         1         6  0.9940873E-22  0.3700743E-17  0.2337434E-15
         1         7  0.2382907E-16  0.9621933E-16  0.0000000E+00
         1         8  0.1329371E-21  0.1850372E-16  0.0000000E+00
         1         9  0.1511719E-20  0.0000000E+00  0.0000000E+00
         1        10  0.1647009E-21  0.0000000E+00  0.0000000E+00
         1        11  0.2015285E-18  0.1228647E-14  0.0000000E+00
         1        12  0.1055561E-17  0.6169139E-14  0.0000000E+00
         1        13  0.1976410E-21  0.1480297E-16  0.2337434E-15
         1        14  0.2173194E-15  0.1702342E-15  0.0000000E+00
         1        15  0.2588156E-22  0.1110223E-16  0.2337434E-15
         1        16  0.2193892E-15  0.1702342E-15  0.0000000E+00
         1        17  0.3013143E-21  0.0000000E+00  0.0000000E+00
         1        18  0.1976410E-21  0.0000000E+00  0.0000000E+00
         1        19  0.1788181E-21  0.0000000E+00  0.1175757E-16
         1        20  0.4356745E-18  0.6713149E-14  0.1175757E-16
         1        21  0.1221771E-17  0.1099491E-13  0.0000000E+00
         1        22  0.1005146E-19  0.3330669E-16  0.2337434E-15
         1        23  0.3914062E-15  0.1998401E-15  0.0000000E+00
         1        24  0.2824178E-20  0.7401487E-17  0.2337434E-15
         1        25  0.3854259E-15  0.1813364E-15  0.0000000E+00
         1        26  0.2108171E-20  0.1850372E-16  0.0000000E+00
         1        27  0.1383781E-20  0.0000000E+00  0.0000000E+00
         1        28  0.3011673E-21  0.0000000E+00  0.0000000E+00
         1        29  0.1163313E-17  0.1093570E-13  0.0000000E+00
         1        30  0.4134538E-18  0.6039613E-14  0.0000000E+00
         1        31  0.5282192E-21  0.3700743E-17  0.2337434E-15
         1        32  0.2207149E-15  0.1406282E-15  0.0000000E+00
         1        33  0.6493919E-21  0.2590520E-16  0.2337434E-15
         1        34  0.2245955E-15  0.1554312E-15  0.0000000E+00
         1        35  0.5586300E-20  0.2220446E-16  0.0000000E+00
         1        36  0.7409480E-20  0.0000000E+00  0.0000000E+00
         1        37  0.6140989E-21  0.0000000E+00  0.1175757E-16
         1        38  0.1121179E-17  0.6635433E-14  0.1175757E-16
         1        39  0.2066677E-18  0.1206442E-14  0.0000000E+00
         1        40  0.3858706E-21  0.1110223E-16  0.2337434E-15
         1        41  0.2603350E-16  0.9251859E-16  0.0000000E+00
         1        42  0.5459833E-20  0.1110223E-16  0.2337434E-15
         1        43  0.2596454E-16  0.1406282E-15  0.0000000E+00
         1        44  0.3256371E-20  0.3700743E-16  0.0000000E+00
         1        45  0.3937527E-20  0.0000000E+00  0.0000000E+00
         1        46  0.9811465E-21  0.0000000E+00  0.0000000E+00
         1        47  0.1674863E-18  0.7586524E-15  0.0000000E+00
         1        48  0.1636057E-19  0.1221245E-15  0.0000000E+00
         1        49  0.3085200E-21  0.1110223E-16  0.2337434E-15
         1        50  0.1215827E-19  0.5921189E-16  0.0000000E+00
         1        51  0.1773696E-20  0.0000000E+00  0.2337434E-15
         1        52  0.7327071E-20  0.6291264E-16  0.0000000E+00
         1        53  0.1995362E-20  0.2220446E-16  0.1175757E-16
         1        54  0.8064848E-20  0.1480297E-15  0.1175757E-16
         1        55  0.1507272E-18  0.6661338E-15  0.3275019E-12
         1        56  0.1620426E-09  0.2357236E-05  0.6167906E-18
         1        57  0.1428401E-06  0.6879682E-13  0.3083953E-17
         1        58  0.2777900E-09  0.1669035E-05  0.3083953E-17
         1        59  0.1045743E-11  0.5274526E-07  0.6167906E-18
         1        60  0.6487700E-09  0.2264855E-14  0.3026129E-16
         1        61  0.2751233E-12  0.1573585E-07  0.3026129E-16
         1        62  0.7909284E-10  0.5443234E-06  0.6167906E-18
         1        63  0.3738353E-07  0.6894855E-13  0.3083953E-17
         1        64  0.7663521E-11  0.7309970E-06  0.3083953E-17
         1        65  0.4313014E-09  0.3862302E-05  0.6167906E-18
         1        66  0.2857540E-06  0.2111496E-12  0.3275019E-12
