# number of rays:       5
# iteration   ray    X              A              Y              B              T              D
         0      0  0.0000000E+00  0.0000000E+00  0.0000000E+00  0.0000000E+00  0.0000000E+00  0.0000000E+00
         0      1  0.0000000E+00  0.0000000E+00  0.0000000E+00  0.0000000E+00  0.0000000E+00  0.0000000E+00
         0      2  0.0000000E+00  0.0000000E+00  0.1000000E-02  0.0000000E+00  0.0000000E+00  0.0000000E+00
         0      3  0.0000000E+00  0.0000000E+00  0.2000000E-02  0.0000000E+00  0.0000000E+00  0.0000000E+00
         0      4  0.0000000E+00  0.0000000E+00  0.5000000E-02  0.0000000E+00  0.0000000E+00  0.0000000E+00

        10      0  0.0000000E+00  0.0000000E+00  0.0000000E+00  0.0000000E+00  0.0000000E+00  0.0000000E+00
        10      1  0.0000000E+00  0.0000000E+00  0.0000000E+00  0.0000000E+00  0.0000000E+00  0.0000000E+00
        10      2  0.1906081E-06  0.1165120E-06  0.7842642E-03 -0.4414396E-04 -0.2425957E-03  0.1599379E-08
        10      3  0.7621431E-06  0.4653864E-06  0.1565910E-02 -0.8880900E-04 -0.9703806E-03  0.6398707E-08
        10      4  0.4750952E-05  0.2879611E-05  0.3868900E-02 -0.2311387E-03 -0.6064783E-02  0.4004413E-07

        20      0  0.0000000E+00  0.0000000E+00  0.0000000E+00  0.0000000E+00  0.0000000E+00  0.0000000E+00
        20      1  0.0000000E+00  0.0000000E+00  0.0000000E+00  0.0000000E+00  0.0000000E+00  0.0000000E+00
        20      2 -0.2983574E-06  0.1346163E-06  0.5592912E-03 -0.8776816E-04 -0.4829957E-03  0.3200070E-08
        20      3 -0.1193851E-05  0.5375379E-06  0.1113153E-02 -0.1765608E-03 -0.1931978E-02  0.1280268E-07
        20      4 -0.7479023E-05  0.3318628E-05  0.2687749E-02 -0.4593089E-03 -0.1207466E-01  0.8012182E-07

        30      0  0.0000000E+00  0.0000000E+00  0.0000000E+00  0.0000000E+00  0.0000000E+00  0.0000000E+00
        30      1  0.0000000E+00  0.0000000E+00  0.0000000E+00  0.0000000E+00  0.0000000E+00  0.0000000E+00
        30      2  0.1062651E-06 -0.7492914E-07  0.3277312E-03 -0.1303585E-03 -0.7212209E-03  0.4799714E-08
        30      3  0.4239603E-06 -0.3016940E-06  0.6471325E-03 -0.2622073E-03 -0.2884876E-02  0.1920232E-07
        30      4  0.2603728E-05 -0.1972670E-05  0.1471892E-02 -0.6815291E-03 -0.1803018E-01  0.1201652E-06

        40      0  0.0000000E+00  0.0000000E+00  0.0000000E+00  0.0000000E+00  0.0000000E+00  0.0000000E+00
        40      1  0.0000000E+00  0.0000000E+00  0.0000000E+00  0.0000000E+00  0.0000000E+00  0.0000000E+00
        40      2  0.1273403E-07  0.1070188E-06  0.9231133E-04 -0.1714136E-03 -0.9572910E-03  0.6395998E-08
        40      3  0.5255619E-07  0.4248758E-06  0.1733994E-03 -0.3447296E-03 -0.3829154E-02  0.2558821E-07
        40      4  0.4030472E-06  0.2514842E-05  0.2370200E-03 -0.8949522E-03 -0.2393184E-01  0.1601080E-06

        50      0  0.0000000E+00  0.0000000E+00  0.0000000E+00  0.0000000E+00  0.0000000E+00  0.0000000E+00
        50      1  0.0000000E+00  0.0000000E+00  0.0000000E+00  0.0000000E+00  0.0000000E+00  0.0000000E+00
        50      2 -0.2693873E-06 -0.2321359E-07 -0.1441958E-03 -0.2104500E-03 -0.1191231E-02  0.7986769E-08
        50      3 -0.1076463E-05 -0.9587669E-07 -0.3024007E-03 -0.4231439E-03 -0.4764911E-02  0.3195160E-07
        50      4 -0.6674480E-05 -0.7315444E-06 -0.1000922E-02 -0.1096819E-02 -0.2978029E-01  0.1998889E-06

        60      0  0.0000000E+00  0.0000000E+00  0.0000000E+00  0.0000000E+00  0.0000000E+00  0.0000000E+00
        60      1  0.0000000E+00  0.0000000E+00  0.0000000E+00  0.0000000E+00  0.0000000E+00  0.0000000E+00
        60      2  0.2334289E-06 -0.1292876E-06 -0.3790046E-03 -0.2470076E-03 -0.1423058E-02  0.9570131E-08
        60      3  0.9363988E-06 -0.5220017E-06 -0.7745968E-03 -0.4965148E-03 -0.5692221E-02  0.3828480E-07
        60      4  0.5976692E-05 -0.3473433E-05 -0.2225935E-02 -0.1284506E-02 -0.3557601E-01  0.2394552E-06

        70      0  0.0000000E+00  0.0000000E+00  0.0000000E+00  0.0000000E+00  0.0000000E+00  0.0000000E+00
        70      1  0.0000000E+00  0.0000000E+00  0.0000000E+00  0.0000000E+00  0.0000000E+00  0.0000000E+00
        70      2 -0.1054999E-06  0.4258404E-07 -0.6093493E-03 -0.2806562E-03 -0.1652796E-02  0.1114454E-07
        70      3 -0.4151072E-06  0.1655042E-06 -0.1237558E-02 -0.5639687E-03 -0.6611170E-02  0.4458158E-07
        70      4 -0.2284465E-05  0.8260106E-06 -0.3422135E-02 -0.1455602E-02 -0.4131957E-01  0.2787649E-06

        80      0  0.0000000E+00  0.0000000E+00  0.0000000E+00  0.0000000E+00  0.0000000E+00  0.0000000E+00
        80      1  0.0000000E+00  0.0000000E+00  0.0000000E+00  0.0000000E+00  0.0000000E+00  0.0000000E+00
        80      2 -0.6384395E-07 -0.1821756E-06 -0.8325174E-03 -0.3109993E-03 -0.1880466E-02  0.1270887E-07
        80      3 -0.2502993E-06 -0.7327987E-06 -0.1685772E-02 -0.6247019E-03 -0.7521850E-02  0.5083740E-07
        80      4 -0.1333791E-05 -0.4752752E-05 -0.4574134E-02 -0.1607898E-02 -0.4701157E-01  0.3177891E-06

        90      0  0.0000000E+00  0.0000000E+00  0.0000000E+00  0.0000000E+00  0.0000000E+00  0.0000000E+00
        90      1  0.0000000E+00  0.0000000E+00  0.0000000E+00  0.0000000E+00  0.0000000E+00  0.0000000E+00
        90      2  0.3289334E-06 -0.1409730E-06 -0.1045880E-02 -0.3376795E-03 -0.2106086E-02  0.1426246E-07
        90      3  0.1325320E-05 -0.5694772E-06 -0.2113896E-02 -0.6779899E-03 -0.8424329E-02  0.5704971E-07
        90      4  0.8708213E-05 -0.3793408E-05 -0.5667043E-02 -0.1739414E-02 -0.5265247E-01  0.3565134E-06

       100      0  0.0000000E+00  0.0000000E+00  0.0000000E+00  0.0000000E+00  0.0000000E+00  0.0000000E+00
       100      1  0.0000000E+00  0.0000000E+00  0.0000000E+00  0.0000000E+00  0.0000000E+00  0.0000000E+00
       100      2 -0.1148481E-06 -0.5052849E-07 -0.1246925E-02 -0.3603828E-03 -0.2329677E-02  0.1580517E-07
       100      3 -0.4476134E-06 -0.2052328E-06 -0.2516821E-02 -0.7231981E-03 -0.9318697E-02  0.6321801E-07
       100      4 -0.2278447E-05 -0.1405056E-05 -0.6686641E-02 -0.1848460E-02 -0.5824285E-01  0.3949393E-06

       110      0  0.0000000E+00  0.0000000E+00  0.0000000E+00  0.0000000E+00  0.0000000E+00  0.0000000E+00
       110      1  0.0000000E+00  0.0000000E+00  0.0000000E+00  0.0000000E+00  0.0000000E+00  0.0000000E+00
       110      2  0.2334949E-06 -0.2768246E-06 -0.1433284E-02 -0.3788417E-03 -0.2551260E-02  0.1733737E-07
       110      3  0.9428911E-06 -0.1109565E-05 -0.2889758E-02 -0.7597884E-03 -0.1020503E-01  0.6934387E-07
       110      4  0.6279821E-05 -0.7014179E-05 -0.7619929E-02 -0.1933640E-02 -0.6378324E-01  0.4330824E-06

       120      0  0.0000000E+00  0.0000000E+00  0.0000000E+00  0.0000000E+00  0.0000000E+00  0.0000000E+00
       120      1  0.0000000E+00  0.0000000E+00  0.0000000E+00  0.0000000E+00  0.0000000E+00  0.0000000E+00
       120      2  0.3536788E-06 -0.1055268E-06 -0.1602762E-02 -0.3928387E-03 -0.2770850E-02  0.1885990E-07
       120      3  0.1429499E-05 -0.4242201E-06 -0.3228253E-02 -0.7873236E-03 -0.1108340E-01  0.7543092E-07
       120      4  0.9569443E-05 -0.2720372E-05 -0.8454746E-02 -0.1993831E-02 -0.6927407E-01  0.4709733E-06

       130      0  0.0000000E+00  0.0000000E+00  0.0000000E+00  0.0000000E+00  0.0000000E+00  0.0000000E+00
       130      1  0.0000000E+00  0.0000000E+00  0.0000000E+00  0.0000000E+00  0.0000000E+00  0.0000000E+00
       130      2 -0.1087581E-07 -0.1340773E-06 -0.1753363E-02 -0.4022090E-03 -0.2988469E-02  0.2037409E-07
       130      3 -0.3175404E-07 -0.5338749E-06 -0.3528272E-02 -0.8054766E-03 -0.1195388E-01  0.8148460E-07
       130      4  0.2965092E-06 -0.3202952E-05 -0.9180270E-02 -0.2028273E-02 -0.7471591E-01  0.5086557E-06

       140      0  0.0000000E+00  0.0000000E+00  0.0000000E+00  0.0000000E+00  0.0000000E+00  0.0000000E+00
       140      1  0.0000000E+00  0.0000000E+00  0.0000000E+00  0.0000000E+00  0.0000000E+00  0.0000000E+00
       140      2  0.5000429E-06 -0.2682099E-06 -0.1883315E-02 -0.4068426E-03 -0.3204134E-02  0.2188162E-07
       140      3  0.2009322E-05 -0.1070169E-05 -0.3786253E-02 -0.8140319E-03 -0.1281654E-01  0.8751195E-07
       140      4  0.1292488E-04 -0.6540949E-05 -0.9787349E-02 -0.2036538E-02 -0.8010921E-01  0.5461824E-06

       150      0  0.0000000E+00  0.0000000E+00  0.0000000E+00  0.0000000E+00  0.0000000E+00  0.0000000E+00
       150      1  0.0000000E+00  0.0000000E+00  0.0000000E+00  0.0000000E+00  0.0000000E+00  0.0000000E+00
       150      2  0.2980434E-06 -0.3782661E-07 -0.1991086E-02 -0.4066844E-03 -0.3417860E-02  0.2338452E-07
       150      3  0.1205439E-05 -0.1462390E-06 -0.3999107E-02 -0.8128856E-03 -0.1367146E-01  0.9352125E-07
       150      4  0.8069796E-05 -0.6626294E-06 -0.1026792E-01 -0.2018484E-02 -0.8545439E-01  0.5836152E-06

       160      0  0.0000000E+00  0.0000000E+00  0.0000000E+00  0.0000000E+00  0.0000000E+00  0.0000000E+00
       160      1  0.0000000E+00  0.0000000E+00  0.0000000E+00  0.0000000E+00  0.0000000E+00  0.0000000E+00
       160      2  0.1639782E-06 -0.1735486E-06 -0.2075407E-02 -0.4017368E-03 -0.3629666E-02  0.2488503E-07
       160      3  0.6602941E-06 -0.6844966E-06 -0.4164305E-02 -0.8020537E-03 -0.1451869E-01  0.9952166E-07
       160      4  0.4263334E-05 -0.3824827E-05 -0.1061590E-01 -0.1974385E-02 -0.9075198E-01  0.6210196E-06

       170      0  0.0000000E+00  0.0000000E+00  0.0000000E+00  0.0000000E+00  0.0000000E+00  0.0000000E+00
       170      1  0.0000000E+00  0.0000000E+00  0.0000000E+00  0.0000000E+00  0.0000000E+00  0.0000000E+00
       170      2  0.6259540E-06 -0.1599077E-06 -0.2135286E-02 -0.3920578E-03 -0.3839567E-02  0.2638548E-07
       170      3  0.2507565E-05 -0.6308875E-06 -0.4279888E-02 -0.7816652E-03 -0.1535831E-01  0.1055227E-06
       170      4  0.1576564E-04 -0.3536037E-05 -0.1082692E-01 -0.1904808E-02 -0.9600236E-01  0.6584618E-06

       180      0  0.0000000E+00  0.0000000E+00  0.0000000E+00  0.0000000E+00  0.0000000E+00  0.0000000E+00
       180      1  0.0000000E+00  0.0000000E+00  0.0000000E+00  0.0000000E+00  0.0000000E+00  0.0000000E+00
       180      2  0.1856221E-06  0.3415625E-07 -0.2170016E-02 -0.3777614E-03 -0.4047579E-02  0.2788822E-07
       180      3  0.7456190E-06  0.1493503E-06 -0.4344462E-02 -0.7519613E-03 -0.1619037E-01  0.1115340E-06
       180      4  0.4722047E-05  0.1505031E-05 -0.1089803E-01 -0.1810622E-02 -0.1012060E+00  0.6960063E-06

       190      0  0.0000000E+00  0.0000000E+00  0.0000000E+00  0.0000000E+00  0.0000000E+00  0.0000000E+00
       190      1  0.0000000E+00  0.0000000E+00  0.0000000E+00  0.0000000E+00  0.0000000E+00  0.0000000E+00
       190      2  0.3377259E-06 -0.1524135E-06 -0.2179190E-02 -0.3590163E-03 -0.4253719E-02  0.2939550E-07
       190      3  0.1342221E-05 -0.5949013E-06 -0.4357275E-02 -0.7132994E-03 -0.1701494E-01  0.1175645E-06
       190      4  0.7927245E-05 -0.3066388E-05 -0.1082856E-01 -0.1693099E-02 -0.1063633E+00  0.7337113E-06

       200      0  0.0000000E+00  0.0000000E+00  0.0000000E+00  0.0000000E+00  0.0000000E+00  0.0000000E+00
       200      1  0.0000000E+00  0.0000000E+00  0.0000000E+00  0.0000000E+00  0.0000000E+00  0.0000000E+00
       200      2  0.5594002E-06  0.3461615E-08 -0.2162700E-02 -0.3360430E-03 -0.4458000E-02  0.3090935E-07
       200      3  0.2231324E-05  0.2642582E-07 -0.4318172E-02 -0.6661383E-03 -0.1783208E-01  0.1236224E-06
       200      4  0.1358563E-04  0.7065959E-06 -0.1061938E-01 -0.1553728E-02 -0.1114747E+00  0.7716257E-06

       210      0  0.0000000E+00  0.0000000E+00  0.0000000E+00  0.0000000E+00  0.0000000E+00  0.0000000E+00
       210      1  0.0000000E+00  0.0000000E+00  0.0000000E+00  0.0000000E+00  0.0000000E+00  0.0000000E+00
       210      2  0.6323411E-07  0.8091509E-07 -0.2120739E-02 -0.3091122E-03 -0.4660439E-02  0.3243147E-07
       210      3  0.2403587E-06  0.3400314E-06 -0.4227609E-02 -0.6110398E-03 -0.1864185E-01  0.1297144E-06
       210      4  0.8775665E-06  0.2815490E-05 -0.1027306E-01 -0.1394300E-02 -0.1165407E+00  0.8097878E-06

       220      0  0.0000000E+00  0.0000000E+00  0.0000000E+00  0.0000000E+00  0.0000000E+00  0.0000000E+00
       220      1  0.0000000E+00  0.0000000E+00  0.0000000E+00  0.0000000E+00  0.0000000E+00  0.0000000E+00
       220      2  0.4384695E-06 -0.7904813E-07 -0.2053803E-02 -0.2785412E-03 -0.4861050E-02  0.3396320E-07
       220      3  0.1731977E-05 -0.3022943E-06 -0.4086687E-02 -0.5486636E-03 -0.1944432E-01  0.1358459E-06
       220      4  0.9798119E-05 -0.1322461E-05 -0.9794348E-02 -0.1216925E-02 -0.1215616E+00  0.8482214E-06

       230      0  0.0000000E+00  0.0000000E+00  0.0000000E+00  0.0000000E+00  0.0000000E+00  0.0000000E+00
       230      1  0.0000000E+00  0.0000000E+00  0.0000000E+00  0.0000000E+00  0.0000000E+00  0.0000000E+00
       230      2  0.3279146E-06  0.1546160E-06 -0.1962680E-02 -0.2446899E-03 -0.5059848E-02  0.3550543E-07
       230      3  0.1294916E-05  0.6296123E-06 -0.3897071E-02 -0.4797496E-03 -0.2023953E-01  0.1420201E-06
       230      4  0.7310697E-05  0.4360013E-05 -0.9189270E-02 -0.1023843E-02 -0.1265379E+00  0.8869361E-06

       240      0  0.0000000E+00  0.0000000E+00  0.0000000E+00  0.0000000E+00  0.0000000E+00  0.0000000E+00
       240      1  0.0000000E+00  0.0000000E+00  0.0000000E+00  0.0000000E+00  0.0000000E+00  0.0000000E+00
       240      2 -0.1857093E-07  0.8350474E-07 -0.1848443E-02 -0.2079570E-03 -0.5256850E-02  0.3705853E-07
       240      3 -0.1009880E-06  0.3467035E-06 -0.3661025E-02 -0.4051208E-03 -0.2102756E-01  0.1482383E-06
       240      4 -0.1820198E-05  0.2642222E-05 -0.8465651E-02 -0.8175690E-03 -0.1314700E+00  0.9259260E-06

       250      0  0.0000000E+00  0.0000000E+00  0.0000000E+00  0.0000000E+00  0.0000000E+00  0.0000000E+00
       250      1  0.0000000E+00  0.0000000E+00  0.0000000E+00  0.0000000E+00  0.0000000E+00  0.0000000E+00
       250      2  0.4241567E-06  0.1657898E-07 -0.1712439E-02 -0.1687753E-03 -0.5452070E-02  0.3862238E-07
       250      3  0.1668403E-05  0.7214988E-07 -0.3381372E-02 -0.3256679E-03 -0.2180846E-01  0.1544996E-06
       250      4  0.9194173E-05  0.6117968E-06 -0.7633021E-02 -0.6007899E-03 -0.1363584E+00  0.9651699E-06

       260      0  0.0000000E+00  0.0000000E+00  0.0000000E+00  0.0000000E+00  0.0000000E+00  0.0000000E+00
       260      1  0.0000000E+00  0.0000000E+00  0.0000000E+00  0.0000000E+00  0.0000000E+00  0.0000000E+00
       260      2  0.2700982E-07  0.2313212E-06 -0.1556267E-02 -0.1276060E-03 -0.5645523E-02  0.4019635E-07
       260      3  0.8603045E-07  0.9288894E-06 -0.3061432E-02 -0.2423344E-03 -0.2258230E-01  0.1608014E-06
       260      4 -0.3829919E-06  0.5852203E-05 -0.6701941E-02 -0.3762529E-03 -0.1412036E+00  0.1004633E-05

       270      0  0.0000000E+00  0.0000000E+00  0.0000000E+00  0.0000000E+00  0.0000000E+00  0.0000000E+00
       270      1  0.0000000E+00  0.0000000E+00  0.0000000E+00  0.0000000E+00  0.0000000E+00  0.0000000E+00
       270      2 -0.2639068E-07  0.4121610E-07 -0.1381769E-02 -0.8493419E-04 -0.5837227E-02  0.4177934E-07
       270      3 -0.1368253E-06  0.1665142E-06 -0.2705026E-02 -0.1561161E-03 -0.2334915E-01  0.1671386E-06
       270      4 -0.2141893E-05  0.9967437E-06 -0.5684539E-02 -0.1468955E-03 -0.1460060E+00  0.1044267E-05

       280      0  0.0000000E+00  0.0000000E+00  0.0000000E+00  0.0000000E+00  0.0000000E+00  0.0000000E+00
       280      1  0.0000000E+00  0.0000000E+00  0.0000000E+00  0.0000000E+00  0.0000000E+00  0.0000000E+00
       280      2  0.3001379E-06  0.9514495E-07 -0.1190999E-02 -0.4126236E-04 -0.6027196E-02  0.4336982E-07
       280      3  0.1177897E-05  0.3734299E-06 -0.2316404E-02 -0.6803958E-04 -0.2410907E-01  0.1735050E-06
       280      4  0.6483941E-05  0.1901360E-05 -0.4593995E-02  0.8432967E-04 -0.1507660E+00  0.1084014E-05

       290      0  0.0000000E+00  0.0000000E+00  0.0000000E+00  0.0000000E+00  0.0000000E+00  0.0000000E+00
       290      1  0.0000000E+00  0.0000000E+00  0.0000000E+00  0.0000000E+00  0.0000000E+00  0.0000000E+00
       290      2 -0.2192242E-06  0.2020146E-06 -0.9862043E-03  0.2895426E-05 -0.6215448E-02  0.4496590E-07
       290      3 -0.8947149E-06  0.8002910E-06 -0.1900189E-02  0.2084764E-04 -0.2486211E-01  0.1798926E-06
       290      4 -0.6210497E-05  0.4543824E-05 -0.3444268E-02  0.3144714E-03 -0.1554842E+00  0.1123811E-05

       300      0  0.0000000E+00  0.0000000E+00  0.0000000E+00  0.0000000E+00  0.0000000E+00  0.0000000E+00
       300      1  0.0000000E+00  0.0000000E+00  0.0000000E+00  0.0000000E+00  0.0000000E+00  0.0000000E+00
       300      2  0.4239351E-07 -0.2827996E-07 -0.7697965E-03  0.4701879E-04 -0.6402000E-02  0.4656544E-07
       300      3  0.1479043E-06 -0.1259243E-06 -0.1461347E-02  0.1094840E-03 -0.2560836E-01  0.1862926E-06
       300      4  0.1664039E-06 -0.1449460E-05 -0.2250282E-02  0.5405269E-03 -0.1601610E+00  0.1163589E-05

       310      0  0.0000000E+00  0.0000000E+00  0.0000000E+00  0.0000000E+00  0.0000000E+00  0.0000000E+00
       310      1  0.0000000E+00  0.0000000E+00  0.0000000E+00  0.0000000E+00  0.0000000E+00  0.0000000E+00
       310      2  0.1171965E-06  0.1241399E-06 -0.5443243E-03  0.9058834E-04 -0.6586865E-02  0.4816614E-07
       310      3  0.4635362E-06  0.4768412E-06 -0.1005105E-02  0.1968153E-03 -0.2634788E-01  0.1926955E-06
       310      4  0.2883323E-05  0.2031042E-05 -0.1027417E-02  0.7596036E-03 -0.1647969E+00  0.1203278E-05

       320      0  0.0000000E+00  0.0000000E+00  0.0000000E+00  0.0000000E+00  0.0000000E+00  0.0000000E+00
       320      1  0.0000000E+00  0.0000000E+00  0.0000000E+00  0.0000000E+00  0.0000000E+00  0.0000000E+00
       320      2 -0.3092894E-06  0.7879322E-07 -0.3124427E-03  0.1330911E-03 -0.6770065E-02  0.4976564E-07
       320      3 -0.1241066E-05  0.2970314E-06 -0.5368961E-03  0.2818017E-03 -0.2708073E-01  0.1990916E-06
       320      4 -0.7683091E-05  0.1003245E-05  0.2085928E-03  0.9688902E-03 -0.1693925E+00  0.1242812E-05

       330      0  0.0000000E+00  0.0000000E+00  0.0000000E+00  0.0000000E+00  0.0000000E+00  0.0000000E+00
       330      1  0.0000000E+00  0.0000000E+00  0.0000000E+00  0.0000000E+00  0.0000000E+00  0.0000000E+00
       330      2  0.1587890E-06 -0.9631753E-07 -0.7688294E-04  0.1740262E-03 -0.6951614E-02  0.5136163E-07
       330      3  0.6353704E-06 -0.4094521E-06 -0.6230040E-04  0.3634295E-03 -0.2780699E-01  0.2054718E-06
       330      4  0.4222708E-05 -0.3639474E-05  0.1441814E-02  0.1165672E-02 -0.1739481E+00  0.1282133E-05

       340      0  0.0000000E+00  0.0000000E+00  0.0000000E+00  0.0000000E+00  0.0000000E+00  0.0000000E+00
       340      1  0.0000000E+00  0.0000000E+00  0.0000000E+00  0.0000000E+00  0.0000000E+00  0.0000000E+00
       340      2 -0.4923534E-07  0.9131694E-07  0.1595812E-03  0.2129120E-03 -0.7131527E-02  0.5295197E-07
       340      3 -0.1789099E-06  0.3395662E-06  0.4130289E-03  0.4407279E-03 -0.2852671E-01  0.2118274E-06
       340      4 -0.8724531E-07  0.1009654E-05  0.2656332E-02  0.1347433E-02 -0.1784642E+00  0.1321190E-05

       350      0  0.0000000E+00  0.0000000E+00  0.0000000E+00  0.0000000E+00  0.0000000E+00  0.0000000E+00
       350      1  0.0000000E+00  0.0000000E+00  0.0000000E+00  0.0000000E+00  0.0000000E+00  0.0000000E+00
       350      2 -0.2061160E-06 -0.8757921E-07  0.3941652E-03  0.2492904E-03 -0.7309826E-02  0.5453479E-07
       350      3 -0.8094465E-06 -0.3724979E-06  0.8834319E-03  0.5127764E-03 -0.2923998E-01  0.2181511E-06
       350      4 -0.4174703E-05 -0.3240103E-05  0.3836550E-02  0.1511840E-02 -0.1829415E+00  0.1359944E-05

       360      0  0.0000000E+00  0.0000000E+00  0.0000000E+00  0.0000000E+00  0.0000000E+00  0.0000000E+00
       360      1  0.0000000E+00  0.0000000E+00  0.0000000E+00  0.0000000E+00  0.0000000E+00  0.0000000E+00
       360      2  0.2744121E-06 -0.1350635E-06  0.6241069E-03  0.2827331E-03 -0.7486523E-02  0.5610856E-07
       360      3  0.1123632E-05 -0.5666008E-06  0.1343307E-02  0.5787164E-03 -0.2994685E-01  0.2244370E-06
       360      4  0.8341610E-05 -0.4589833E-05  0.4967318E-02  0.1656770E-02 -0.1873802E+00  0.1398371E-05

       370      0  0.0000000E+00  0.0000000E+00  0.0000000E+00  0.0000000E+00  0.0000000E+00  0.0000000E+00
       370      1  0.0000000E+00  0.0000000E+00  0.0000000E+00  0.0000000E+00  0.0000000E+00  0.0000000E+00
       370      2 -0.1301721E-06  0.9860944E-08  0.8466979E-03  0.3128464E-03 -0.7661636E-02  0.5767220E-07
       370      3 -0.4833611E-06  0.1839210E-07  0.1787173E-02  0.6377635E-03 -0.3064739E-01  0.2306811E-06
       370      4 -0.1243432E-05 -0.6618391E-06  0.6033983E-02  0.1780368E-02 -0.1917808E+00  0.1436460E-05

       380      0  0.0000000E+00  0.0000000E+00  0.0000000E+00  0.0000000E+00  0.0000000E+00  0.0000000E+00
       380      1  0.0000000E+00  0.0000000E+00  0.0000000E+00  0.0000000E+00  0.0000000E+00  0.0000000E+00
       380      2  0.4768064E-07 -0.2285871E-06  0.1059318E-02  0.3392757E-03 -0.7835182E-02  0.5922508E-07
       380      3  0.2214869E-06 -0.9310188E-06  0.2209751E-02  0.6892151E-03 -0.3134167E-01  0.2368812E-06
       380      4  0.2809773E-05 -0.6357373E-05  0.7022973E-02  0.1881062E-02 -0.1961439E+00  0.1474218E-05

       390      0  0.0000000E+00  0.0000000E+00  0.0000000E+00  0.0000000E+00  0.0000000E+00  0.0000000E+00
       390      1  0.0000000E+00  0.0000000E+00  0.0000000E+00  0.0000000E+00  0.0000000E+00  0.0000000E+00
       390      2  0.3416079E-06 -0.1289074E-06  0.1259464E-02  0.3617098E-03 -0.8007173E-02  0.6076708E-07
       390      3  0.1410368E-05 -0.5323109E-06  0.2606007E-02  0.7324581E-03 -0.3202974E-01  0.2430373E-06
       390      4  0.1073747E-04 -0.3833695E-05  0.7921553E-02  0.1957546E-02 -0.2004697E+00  0.1511664E-05

       400      0  0.0000000E+00  0.0000000E+00  0.0000000E+00  0.0000000E+00  0.0000000E+00  0.0000000E+00
       400      1  0.0000000E+00  0.0000000E+00  0.0000000E+00  0.0000000E+00  0.0000000E+00  0.0000000E+00
       400      2 -0.9166085E-07 -0.8690512E-07  0.1444777E-02  0.3798846E-03 -0.8177628E-02  0.6229861E-07
       400      3 -0.3235676E-06 -0.3537757E-06  0.2971219E-02  0.7669784E-03 -0.3271167E-01  0.2491516E-06
       400      4 -0.2051187E-06 -0.2232208E-05  0.8718078E-02  0.2008847E-02 -0.2047587E+00  0.1548833E-05

       410      0  0.0000000E+00  0.0000000E+00  0.0000000E+00  0.0000000E+00  0.0000000E+00  0.0000000E+00
       410      1  0.0000000E+00  0.0000000E+00  0.0000000E+00  0.0000000E+00  0.0000000E+00  0.0000000E+00
       410      2  0.3474072E-06 -0.2861818E-06  0.1613078E-02  0.3935862E-03 -0.8346560E-02  0.6382055E-07
       410      3  0.1424788E-05 -0.1147215E-05  0.3301052E-02  0.7923664E-03 -0.3338751E-01  0.2552279E-06
       410      4  0.1028077E-04 -0.7010070E-05  0.9402562E-02  0.2034336E-02 -0.2090114E+00  0.1585770E-05

       420      0  0.0000000E+00  0.0000000E+00  0.0000000E+00  0.0000000E+00  0.0000000E+00  0.0000000E+00
       420      1  0.0000000E+00  0.0000000E+00  0.0000000E+00  0.0000000E+00  0.0000000E+00  0.0000000E+00
       420      2  0.3331047E-06 -0.8075042E-07  0.1762384E-02  0.4026532E-03 -0.8513980E-02  0.6533423E-07
       420      3  0.1376836E-05 -0.3209011E-06  0.3591570E-02  0.8083184E-03 -0.3405732E-01  0.2612723E-06
       420      4  0.1030374E-04 -0.1647674E-05  0.9966067E-02  0.2033658E-02 -0.2132281E+00  0.1622530E-05

       430      0  0.0000000E+00  0.0000000E+00  0.0000000E+00  0.0000000E+00  0.0000000E+00  0.0000000E+00
       430      1  0.0000000E+00  0.0000000E+00  0.0000000E+00  0.0000000E+00  0.0000000E+00  0.0000000E+00
       430      2  0.5098596E-07 -0.1591513E-06  0.1890937E-02  0.4069791E-03 -0.8679907E-02  0.6684138E-07
       430      3  0.2345739E-06 -0.6228890E-06  0.3839318E-02  0.8146465E-03 -0.3472116E-01  0.2672920E-06
       430      4  0.2490980E-05 -0.3036086E-05  0.1040139E-01  0.2006853E-02 -0.2174091E+00  0.1659176E-05

       440      0  0.0000000E+00  0.0000000E+00  0.0000000E+00  0.0000000E+00  0.0000000E+00  0.0000000E+00
       440      1  0.0000000E+00  0.0000000E+00  0.0000000E+00  0.0000000E+00  0.0000000E+00  0.0000000E+00
       440      2  0.5694871E-06 -0.2366813E-06  0.1997226E-02  0.4065130E-03 -0.8844350E-02  0.6834404E-07
       440      3  0.2302074E-05 -0.9315550E-06  0.4041358E-02  0.8112763E-03 -0.3537907E-01  0.2732954E-06
       440      4  0.1504611E-04 -0.4925772E-05  0.1070318E-01  0.1954287E-02 -0.2215548E+00  0.1695772E-05

       450      0  0.0000000E+00  0.0000000E+00  0.0000000E+00  0.0000000E+00  0.0000000E+00  0.0000000E+00
       450      1  0.0000000E+00  0.0000000E+00  0.0000000E+00  0.0000000E+00  0.0000000E+00  0.0000000E+00
       450      2  0.2530918E-06 -0.1066061E-07  0.2079996E-02  0.4012602E-03 -0.9007322E-02  0.6984445E-07
       450      3  0.1037164E-05 -0.2008678E-07  0.4195273E-02  0.7982464E-03 -0.3603110E-01  0.2792920E-06
       450      4  0.7125341E-05  0.1047178E-05  0.1086735E-01  0.1876601E-02 -0.2256656E+00  0.1732384E-05

       460      0  0.0000000E+00  0.0000000E+00  0.0000000E+00  0.0000000E+00  0.0000000E+00  0.0000000E+00
       460      1  0.0000000E+00  0.0000000E+00  0.0000000E+00  0.0000000E+00  0.0000000E+00  0.0000000E+00
       460      2  0.2392749E-06 -0.1769343E-06  0.2138276E-02  0.3912830E-03 -0.9168837E-02  0.7134495E-07
       460      3  0.9601883E-06 -0.6774831E-06  0.4299245E-02  0.7757151E-03 -0.3667730E-01  0.2852913E-06
       460      4  0.5659479E-05 -0.2774285E-05  0.1089198E-01  0.1774848E-02 -0.2297417E+00  0.1769072E-05

       470      0  0.0000000E+00  0.0000000E+00  0.0000000E+00  0.0000000E+00  0.0000000E+00  0.0000000E+00
       470      1  0.0000000E+00  0.0000000E+00  0.0000000E+00  0.0000000E+00  0.0000000E+00  0.0000000E+00
       470      2  0.6224203E-06 -0.1005101E-06  0.2171379E-02  0.3766988E-03 -0.9328904E-02  0.7284789E-07
       470      3  0.2489996E-05 -0.3733778E-06  0.4352040E-02  0.7439504E-03 -0.3731773E-01  0.2913026E-06
       470      4  0.1507682E-04 -0.1011723E-05  0.1077688E-01  0.1650330E-02 -0.2337836E+00  0.1805892E-05

       480      0  0.0000000E+00  0.0000000E+00  0.0000000E+00  0.0000000E+00  0.0000000E+00  0.0000000E+00
       480      1  0.0000000E+00  0.0000000E+00  0.0000000E+00  0.0000000E+00  0.0000000E+00  0.0000000E+00
       480      2  0.1352186E-06  0.5249089E-07  0.2178915E-02  0.3576792E-03 -0.9487537E-02  0.7435549E-07
       480      3  0.5324584E-06  0.2454515E-06  0.4353020E-02  0.7033293E-03 -0.3795241E-01  0.2973350E-06
       480      4  0.2486078E-05  0.3075589E-05  0.1052334E-01  0.1504622E-02 -0.2377915E+00  0.1842888E-05

       490      0  0.0000000E+00  0.0000000E+00  0.0000000E+00  0.0000000E+00  0.0000000E+00  0.0000000E+00
       490      1  0.0000000E+00  0.0000000E+00  0.0000000E+00  0.0000000E+00  0.0000000E+00  0.0000000E+00
       490      2  0.3955187E-06 -0.1326061E-06  0.2160797E-02  0.3344487E-03 -0.9644746E-02  0.7586977E-07
       490      3  0.1552866E-05 -0.4948092E-06  0.4302194E-02  0.6543394E-03 -0.3858142E-01  0.3033961E-06
       490      4  0.7984098E-05 -0.1621176E-05  0.1013492E-01  0.1339659E-02 -0.2417658E+00  0.1880093E-05

       500      0  0.0000000E+00  0.0000000E+00  0.0000000E+00  0.0000000E+00  0.0000000E+00  0.0000000E+00
       500      1  0.0000000E+00  0.0000000E+00  0.0000000E+00  0.0000000E+00  0.0000000E+00  0.0000000E+00
       500      2  0.4844909E-06  0.6622851E-07  0.2117238E-02  0.3072804E-03 -0.9800542E-02  0.7739243E-07
       500      3  0.1910765E-05  0.2961155E-06  0.4200162E-02  0.5975616E-03 -0.3920477E-01  0.3094926E-06
       500      4  0.1037198E-04  0.3040541E-05  0.9616542E-02  0.1157520E-02 -0.2457067E+00  0.1917525E-05

       510      0  0.0000000E+00  0.0000000E+00  0.0000000E+00  0.0000000E+00  0.0000000E+00  0.0000000E+00
       510      1  0.0000000E+00  0.0000000E+00  0.0000000E+00  0.0000000E+00  0.0000000E+00  0.0000000E+00
       510      2  0.2845254E-07  0.8292526E-07  0.2048751E-02  0.2764945E-03 -0.9954937E-02  0.7892476E-07
       510      3  0.7217048E-07  0.3657951E-06  0.4048136E-02  0.5336725E-03 -0.3982253E-01  0.3156291E-06
       510      4 -0.1650319E-05  0.3522779E-05  0.8974810E-02  0.9605504E-03 -0.2496147E+00  0.1955188E-05

       520      0  0.0000000E+00  0.0000000E+00  0.0000000E+00  0.0000000E+00  0.0000000E+00  0.0000000E+00
       520      1  0.0000000E+00  0.0000000E+00  0.0000000E+00  0.0000000E+00  0.0000000E+00  0.0000000E+00
       520      2  0.4548903E-06 -0.4409806E-07  0.1956145E-02  0.2424536E-03 -0.1010794E-01  0.8046761E-07
       520      3  0.1766965E-05 -0.1503031E-06  0.3847945E-02  0.4634356E-03 -0.4043474E-01  0.3218085E-06
       520      4  0.8561055E-05 -0.1230090E-06  0.8218223E-02  0.7513211E-03 -0.2534901E+00  0.1993073E-05

       530      0  0.0000000E+00  0.0000000E+00  0.0000000E+00  0.0000000E+00  0.0000000E+00  0.0000000E+00
       530      1  0.0000000E+00  0.0000000E+00  0.0000000E+00  0.0000000E+00  0.0000000E+00  0.0000000E+00
       530      2  0.2126831E-06  0.1948668E-06  0.1840508E-02  0.2055582E-03 -0.1025957E-01  0.8202134E-07
       530      3  0.8043926E-06  0.7996276E-06  0.3601961E-02  0.3876835E-03 -0.4104143E-01  0.3280317E-06
       530      4  0.2954769E-05  0.5486662E-05  0.7356334E-02  0.5324655E-03 -0.2573331E+00  0.2031151E-05

       540      0  0.0000000E+00  0.0000000E+00  0.0000000E+00  0.0000000E+00  0.0000000E+00  0.0000000E+00
       540      1  0.0000000E+00  0.0000000E+00  0.0000000E+00  0.0000000E+00  0.0000000E+00  0.0000000E+00
       540      2 -0.2326304E-07  0.6848005E-07  0.1703203E-02  0.1662431E-03 -0.1040983E-01  0.8358579E-07
       540      3 -0.1528886E-06  0.2913213E-06  0.3313118E-02  0.3073204E-03 -0.4164267E-01  0.3342974E-06
       540      4 -0.3474740E-05  0.2147360E-05  0.6400273E-02  0.3068205E-03 -0.2611443E+00  0.2069385E-05

       550      0  0.0000000E+00  0.0000000E+00  0.0000000E+00  0.0000000E+00  0.0000000E+00  0.0000000E+00
       550      1  0.0000000E+00  0.0000000E+00  0.0000000E+00  0.0000000E+00  0.0000000E+00  0.0000000E+00
       550      2  0.3923228E-06  0.5232886E-07  0.1545847E-02  0.1249711E-03 -0.1055873E-01  0.8516030E-07
       550      3  0.1513390E-05  0.2135415E-06  0.2984865E-02  0.2233036E-03 -0.4223849E-01  0.3406022E-06
       550      4  0.7245962E-05  0.1057597E-05  0.5362428E-02  0.7729193E-04 -0.2649238E+00  0.2107723E-05

       560      0  0.0000000E+00  0.0000000E+00  0.0000000E+00  0.0000000E+00  0.0000000E+00  0.0000000E+00
       560      1  0.0000000E+00  0.0000000E+00  0.0000000E+00  0.0000000E+00  0.0000000E+00  0.0000000E+00
       560      2 -0.8085500E-07  0.2324529E-06  0.1370293E-02  0.8222795E-04 -0.1070629E-01  0.8674373E-07
       560      3 -0.3707092E-06  0.9286145E-06  0.2621097E-02  0.1366301E-03 -0.4282895E-01  0.3469410E-06
       560      4 -0.3996683E-05  0.5280710E-05  0.4255978E-02 -0.1532202E-03 -0.2686721E+00  0.2146106E-05

       570      0  0.0000000E+00  0.0000000E+00  0.0000000E+00  0.0000000E+00  0.0000000E+00  0.0000000E+00
       570      1  0.0000000E+00  0.0000000E+00  0.0000000E+00  0.0000000E+00  0.0000000E+00  0.0000000E+00
       570      2  0.9044132E-09  0.1546505E-07  0.1178608E-02  0.3851716E-04 -0.1085253E-01  0.8833454E-07
       570      3 -0.4971117E-07  0.5317126E-07  0.2226155E-02  0.4833450E-04 -0.4341411E-01  0.3533070E-06
       570      4 -0.2126943E-05 -0.4936879E-06  0.3095204E-02 -0.3817273E-03 -0.2723896E+00  0.2184468E-05

       580      0  0.0000000E+00  0.0000000E+00  0.0000000E+00  0.0000000E+00  0.0000000E+00  0.0000000E+00
       580      1  0.0000000E+00  0.0000000E+00  0.0000000E+00  0.0000000E+00  0.0000000E+00  0.0000000E+00
       580      2  0.2330932E-06  0.1169360E-06  0.9730489E-03 -0.5646789E-05 -0.1099744E-01  0.8993082E-07
       580      3  0.8967115E-06  0.4460644E-06  0.1804740E-02 -0.4053380E-04 -0.4399399E-01  0.3596922E-06
       580      4  0.4672839E-05  0.1432954E-05  0.1894995E-02 -0.6053151E-03 -0.2760765E+00  0.2222740E-05

       590      0  0.0000000E+00  0.0000000E+00  0.0000000E+00  0.0000000E+00  0.0000000E+00  0.0000000E+00
       590      1  0.0000000E+00  0.0000000E+00  0.0000000E+00  0.0000000E+00  0.0000000E+00  0.0000000E+00
       590      2 -0.2750791E-06  0.1635472E-06  0.7560357E-03 -0.4974411E-04 -0.1114105E-01  0.9153042E-07
       590      3 -0.1127629E-05  0.6296595E-06  0.1361862E-02 -0.1289187E-03 -0.4456867E-01  0.3660873E-06
       590      4 -0.7511418E-05  0.2522811E-05  0.6706764E-03 -0.8211437E-03 -0.2797334E+00  0.2260853E-05

       600      0  0.0000000E+00  0.0000000E+00  0.0000000E+00  0.0000000E+00  0.0000000E+00  0.0000000E+00
       600      1  0.0000000E+00  0.0000000E+00  0.0000000E+00  0.0000000E+00  0.0000000E+00  0.0000000E+00
       600      2  0.9028989E-07 -0.5408710E-07  0.5301240E-03 -0.9325538E-04 -0.1128336E-01  0.9313103E-07
       600      3  0.3384289E-06 -0.2497917E-06  0.9027964E-03 -0.2157664E-03 -0.4513820E-01  0.3724831E-06
       600      4  0.1899675E-05 -0.3270708E-05 -0.5620545E-03 -0.1026429E-02 -0.2833606E+00  0.2298746E-05

       610      0  0.0000000E+00  0.0000000E+00  0.0000000E+00  0.0000000E+00  0.0000000E+00  0.0000000E+00
       610      1  0.0000000E+00  0.0000000E+00  0.0000000E+00  0.0000000E+00  0.0000000E+00  0.0000000E+00
       610      2  0.4262382E-07  0.1228812E-06  0.2979733E-03 -0.1356686E-03 -0.1142440E-01  0.9473028E-07
       610      3  0.1721264E-06  0.4507779E-06  0.4330046E-03 -0.3000457E-03 -0.4570261E-01  0.3788698E-06
       610      4  0.1954338E-05  0.8900197E-06 -0.1787410E-02 -0.1218563E-02 -0.2869584E+00  0.2336360E-05

       620      0  0.0000000E+00  0.0000000E+00  0.0000000E+00  0.0000000E+00  0.0000000E+00  0.0000000E+00
       620      1  0.0000000E+00  0.0000000E+00  0.0000000E+00  0.0000000E+00  0.0000000E+00  0.0000000E+00
       620      2 -0.2899607E-06  0.1656501E-07  0.6231621E-04 -0.1764845E-03 -0.1156418E-01  0.9632588E-07
       620      3 -0.1152710E-05  0.2659905E-07 -0.4192583E-04 -0.3807542E-03 -0.4626199E-01  0.3852384E-06
       620      4 -0.6097245E-05 -0.1588681E-05 -0.2989741E-02 -0.1395101E-02 -0.2905273E+00  0.2373649E-05

       630      0  0.0000000E+00  0.0000000E+00  0.0000000E+00  0.0000000E+00  0.0000000E+00  0.0000000E+00
       630      1  0.0000000E+00  0.0000000E+00  0.0000000E+00  0.0000000E+00  0.0000000E+00  0.0000000E+00
       630      2  0.2074205E-06 -0.1115805E-06 -0.1740727E-03 -0.2152225E-03 -0.1170270E-01  0.9791571E-07
       630      3  0.8501187E-06 -0.4920653E-06 -0.5163444E-03 -0.4569311E-03 -0.4681637E-01  0.3915805E-06
       630      4  0.6932848E-05 -0.4966495E-05 -0.4153735E-02 -0.1553781E-02 -0.2940675E+00  0.2410578E-05

       640      0  0.0000000E+00  0.0000000E+00  0.0000000E+00  0.0000000E+00  0.0000000E+00  0.0000000E+00
       640      1  0.0000000E+00  0.0000000E+00  0.0000000E+00  0.0000000E+00  0.0000000E+00  0.0000000E+00
       640      2 -0.1003888E-06  0.6736772E-07 -0.4084107E-03 -0.2514268E-03 -0.1183998E-01  0.9949791E-07
       640      3 -0.3600550E-06  0.2253732E-06 -0.9846068E-03 -0.5276719E-03 -0.4736580E-01  0.3978891E-06
       640      4  0.2031390E-06 -0.2827776E-06 -0.5264431E-02 -0.1692584E-02 -0.2975794E+00  0.2447127E-05

       650      0  0.0000000E+00  0.0000000E+00  0.0000000E+00  0.0000000E+00  0.0000000E+00  0.0000000E+00
       650      1  0.0000000E+00  0.0000000E+00  0.0000000E+00  0.0000000E+00  0.0000000E+00  0.0000000E+00
       650      2 -0.1194614E-06 -0.1479428E-06 -0.6379395E-03 -0.2846713E-03 -0.1197604E-01  0.1010710E-06
       650      3 -0.4355498E-06 -0.6307744E-06 -0.1441147E-02 -0.5921356E-03 -0.4791035E-01  0.4041587E-06
       650      4 -0.3758781E-06 -0.5278202E-05 -0.6307752E-02 -0.1809760E-02 -0.3010635E+00  0.2483290E-05

       660      0  0.0000000E+00  0.0000000E+00  0.0000000E+00  0.0000000E+00  0.0000000E+00  0.0000000E+00
       660      1  0.0000000E+00  0.0000000E+00  0.0000000E+00  0.0000000E+00  0.0000000E+00  0.0000000E+00
       660      2  0.3037283E-06 -0.1336174E-06 -0.8599575E-03 -0.3145645E-03 -0.1211088E-01  0.1026339E-06
       660      3  0.1272982E-05 -0.5735523E-06 -0.1880538E-02 -0.6495555E-03 -0.4845006E-01  0.4103856E-06
       660      4  0.1081767E-04 -0.4811901E-05 -0.7270427E-02 -0.1903807E-02 -0.3045199E+00  0.2519076E-05

       670      0  0.0000000E+00  0.0000000E+00  0.0000000E+00  0.0000000E+00  0.0000000E+00  0.0000000E+00
       670      1  0.0000000E+00  0.0000000E+00  0.0000000E+00  0.0000000E+00  0.0000000E+00  0.0000000E+00
       670      2 -0.1364809E-06 -0.2706174E-07 -0.1071851E-02 -0.3407547E-03 -0.1224453E-01  0.1041860E-06
       670      3 -0.4787918E-06 -0.1371878E-06 -0.2297549E-02 -0.6992497E-03 -0.4898497E-01  0.4165683E-06
       670      4  0.8033099E-07 -0.1543423E-05 -0.8140048E-02 -0.1973531E-02 -0.3079490E+00  0.2554510E-05

       680      0  0.0000000E+00  0.0000000E+00  0.0000000E+00  0.0000000E+00  0.0000000E+00  0.0000000E+00
       680      1  0.0000000E+00  0.0000000E+00  0.0000000E+00  0.0000000E+00  0.0000000E+00  0.0000000E+00
       680      2  0.1660205E-06 -0.2622367E-06 -0.1271126E-02 -0.3629339E-03 -0.1237699E-01  0.1057272E-06
       680      3  0.7266708E-06 -0.1070191E-05 -0.2687234E-02 -0.7406288E-03 -0.4951516E-01  0.4227071E-06
       680      4  0.7190294E-05 -0.6960466E-05 -0.8905760E-02 -0.2018078E-02 -0.3113512E+00  0.2589628E-05

       690      0  0.0000000E+00  0.0000000E+00  0.0000000E+00  0.0000000E+00  0.0000000E+00  0.0000000E+00
       690      1  0.0000000E+00  0.0000000E+00  0.0000000E+00  0.0000000E+00  0.0000000E+00  0.0000000E+00
       690      2  0.3396996E-06 -0.1115230E-06 -0.1455438E-02 -0.3808408E-03 -0.1250827E-01  0.1072580E-06
       690      3  0.1431937E-05 -0.4609647E-06 -0.3044955E-02 -0.7732000E-03 -0.5004064E-01  0.4288046E-06
       690      4  0.1184392E-04 -0.2835148E-05 -0.9557738E-02 -0.2036861E-02 -0.3147267E+00  0.2624478E-05

       700      0  0.0000000E+00  0.0000000E+00  0.0000000E+00  0.0000000E+00  0.0000000E+00  0.0000000E+00
       700      1  0.0000000E+00  0.0000000E+00  0.0000000E+00  0.0000000E+00  0.0000000E+00  0.0000000E+00
       700      2 -0.5013743E-07 -0.1216774E-06 -0.1622617E-02 -0.3942649E-03 -0.1263838E-01  0.1087793E-06
       700      3 -0.1340542E-06 -0.4870003E-06 -0.3366459E-02 -0.7965777E-03 -0.5056147E-01  0.4348651E-06
       700      4  0.1552487E-05 -0.2344654E-05 -0.1008763E-01 -0.2029661E-02 -0.3180758E+00  0.2659117E-05

       710      0  0.0000000E+00  0.0000000E+00  0.0000000E+00  0.0000000E+00  0.0000000E+00  0.0000000E+00
       710      1  0.0000000E+00  0.0000000E+00  0.0000000E+00  0.0000000E+00  0.0000000E+00  0.0000000E+00
       710      2  0.4487240E-06 -0.2792847E-06 -0.1770696E-02 -0.4030484E-03 -0.1276734E-01  0.1102924E-06
       710      3  0.1852368E-05 -0.1109691E-05 -0.3647940E-02 -0.8104857E-03 -0.5107770E-01  0.4408948E-06
       710      4  0.1335922E-04 -0.5921970E-05 -0.1048897E-01 -0.1996607E-02 -0.3213987E+00  0.2693608E-05

       720      0  0.0000000E+00  0.0000000E+00  0.0000000E+00  0.0000000E+00  0.0000000E+00  0.0000000E+00
       720      1  0.0000000E+00  0.0000000E+00  0.0000000E+00  0.0000000E+00  0.0000000E+00  0.0000000E+00
       720      2  0.3010997E-06 -0.5475474E-07 -0.1897933E-02 -0.4070878E-03 -0.1289516E-01  0.1117992E-06
       720      3  0.1261824E-05 -0.2014339E-06 -0.3886041E-02 -0.8147574E-03 -0.5158935E-01  0.4469015E-06
       720      4  0.9502692E-05  0.1342962E-06 -0.1075648E-01 -0.1938086E-02 -0.3246956E+00  0.2728014E-05

       730      0  0.0000000E+00  0.0000000E+00  0.0000000E+00  0.0000000E+00  0.0000000E+00  0.0000000E+00
       730      1  0.0000000E+00  0.0000000E+00  0.0000000E+00  0.0000000E+00  0.0000000E+00  0.0000000E+00
       730      2  0.1235557E-06 -0.1774464E-06 -0.2002830E-02 -0.4063358E-03 -0.1302184E-01  0.1133015E-06
       730      3  0.5321325E-06 -0.6791605E-06 -0.4077942E-02 -0.8093448E-03 -0.5209648E-01  0.4528936E-06
       730      4  0.3942508E-05 -0.2369520E-05 -0.1088687E-01 -0.1854890E-02 -0.3279670E+00  0.2762400E-05

       740      0  0.0000000E+00  0.0000000E+00  0.0000000E+00  0.0000000E+00  0.0000000E+00  0.0000000E+00
       740      1  0.0000000E+00  0.0000000E+00  0.0000000E+00  0.0000000E+00  0.0000000E+00  0.0000000E+00
       740      2  0.6121108E-06 -0.1921183E-06 -0.2084154E-02 -0.4008014E-03 -0.1314740E-01  0.1148017E-06
       740      3  0.2475158E-05 -0.7329778E-06 -0.4221374E-02 -0.7943131E-03 -0.5259911E-01  0.4588806E-06
       740      4  0.1549908E-04 -0.2623243E-05 -0.1087869E-01 -0.1748095E-02 -0.3312128E+00  0.2796825E-05

       750      0  0.0000000E+00  0.0000000E+00  0.0000000E+00  0.0000000E+00  0.0000000E+00  0.0000000E+00
       750      1  0.0000000E+00  0.0000000E+00  0.0000000E+00  0.0000000E+00  0.0000000E+00  0.0000000E+00
       750      2  0.2046071E-06  0.1314152E-07 -0.2140946E-02 -0.3905496E-03 -0.1327184E-01  0.1163022E-06
       750      3  0.8342089E-06  0.9724601E-07 -0.4314619E-02 -0.7698398E-03 -0.5309729E-01  0.4648721E-06
       750      4  0.4735541E-05  0.2815481E-05 -0.1073185E-01 -0.1619029E-02 -0.3344335E+00  0.2831342E-05

       760      0  0.0000000E+00  0.0000000E+00  0.0000000E+00  0.0000000E+00  0.0000000E+00  0.0000000E+00
       760      1  0.0000000E+00  0.0000000E+00  0.0000000E+00  0.0000000E+00  0.0000000E+00  0.0000000E+00
       760      2  0.3131691E-06 -0.1711334E-06 -0.2172542E-02 -0.3757016E-03 -0.1339517E-01  0.1178052E-06
       760      3  0.1244168E-05 -0.6337398E-06 -0.4356590E-02 -0.7362198E-03 -0.5359104E-01  0.4708774E-06
       760      4  0.6236418E-05 -0.1653805E-05 -0.1044849E-01 -0.1469399E-02 -0.3376292E+00  0.2865991E-05

       770      0  0.0000000E+00  0.0000000E+00  0.0000000E+00  0.0000000E+00  0.0000000E+00  0.0000000E+00
       770      1  0.0000000E+00  0.0000000E+00  0.0000000E+00  0.0000000E+00  0.0000000E+00  0.0000000E+00
       770      2  0.5889145E-06 -0.3668093E-07 -0.2178568E-02 -0.3564320E-03 -0.1351740E-01  0.1193130E-06
       770      3  0.2337121E-05 -0.9613818E-07 -0.4346791E-02 -0.6938516E-03 -0.5408040E-01  0.4769051E-06
       770      4  0.1271084E-04  0.1505677E-05 -0.1003226E-01 -0.1301092E-02 -0.3408001E+00  0.2900802E-05

       780      0  0.0000000E+00  0.0000000E+00  0.0000000E+00  0.0000000E+00  0.0000000E+00  0.0000000E+00
       780      1  0.0000000E+00  0.0000000E+00  0.0000000E+00  0.0000000E+00  0.0000000E+00  0.0000000E+00
       780      2  0.9062710E-07  0.6430044E-07 -0.2158954E-02 -0.3329676E-03 -0.1363855E-01  0.1208276E-06
       780      3  0.3273015E-06  0.3114467E-06 -0.4285330E-02 -0.6432388E-03 -0.5456541E-01  0.4829629E-06
       780      4 -0.4439461E-06  0.4030678E-05 -0.9488332E-02 -0.1116239E-02 -0.3439465E+00  0.2935792E-05

       790      0  0.0000000E+00  0.0000000E+00  0.0000000E+00  0.0000000E+00  0.0000000E+00  0.0000000E+00
       790      1  0.0000000E+00  0.0000000E+00  0.0000000E+00  0.0000000E+00  0.0000000E+00  0.0000000E+00
       790      2  0.4403046E-06 -0.1049793E-06 -0.2113933E-02 -0.3055850E-03 -0.1375861E-01  0.1223506E-06
       790      3  0.1706812E-05 -0.3689928E-06 -0.4172963E-02 -0.5849867E-03 -0.5504609E-01  0.4890567E-06
       790      4  0.7509475E-05 -0.5498437E-06 -0.8823945E-02 -0.9172511E-03 -0.3470686E+00  0.2970961E-05

       800      0  0.0000000E+00  0.0000000E+00  0.0000000E+00  0.0000000E+00  0.0000000E+00  0.0000000E+00
       800      1  0.0000000E+00  0.0000000E+00  0.0000000E+00  0.0000000E+00  0.0000000E+00  0.0000000E+00
       800      2  0.3888410E-06  0.1229941E-06 -0.2044034E-02 -0.2746062E-03 -0.1387759E-01  0.1238834E-06
       800      3  0.1495636E-05  0.5370456E-06 -0.4011017E-02 -0.5197850E-03 -0.5552248E-01  0.4951911E-06
       800      4  0.6205956E-05  0.4685178E-05 -0.8047445E-02 -0.7066152E-03 -0.3501666E+00  0.3006294E-05

       810      0  0.0000000E+00  0.0000000E+00  0.0000000E+00  0.0000000E+00  0.0000000E+00  0.0000000E+00
       810      1  0.0000000E+00  0.0000000E+00  0.0000000E+00  0.0000000E+00  0.0000000E+00  0.0000000E+00
       810      2  0.6377050E-08  0.7797661E-07 -0.1950080E-02 -0.2403960E-03 -0.1399551E-01  0.1254267E-06
       810      3 -0.4837064E-07  0.3529303E-06 -0.3801419E-02 -0.4484102E-03 -0.5599462E-01  0.5013685E-06
       810      4 -0.3803230E-05  0.3223757E-05 -0.7168725E-02 -0.4870268E-03 -0.3532408E+00  0.3041764E-05

       820      0  0.0000000E+00  0.0000000E+00  0.0000000E+00  0.0000000E+00  0.0000000E+00  0.0000000E+00
       820      1  0.0000000E+00  0.0000000E+00  0.0000000E+00  0.0000000E+00  0.0000000E+00  0.0000000E+00
       820      2  0.4520107E-06 -0.5926141E-08 -0.1833180E-02 -0.2033573E-03 -0.1411237E-01  0.1269809E-06
       820      3  0.1727532E-05  0.5974141E-08 -0.3546677E-02 -0.3717127E-03 -0.5646253E-01  0.5075892E-06
       820      4  0.7295144E-05  0.4433857E-06 -0.6199159E-02 -0.2613090E-03 -0.3562915E+00  0.3077330E-05

       830      0  0.0000000E+00  0.0000000E+00  0.0000000E+00  0.0000000E+00  0.0000000E+00  0.0000000E+00
       830      1  0.0000000E+00  0.0000000E+00  0.0000000E+00  0.0000000E+00  0.0000000E+00  0.0000000E+00
       830      2  0.9451317E-07  0.2211634E-06 -0.1694706E-02 -0.1639256E-03 -0.1422818E-01  0.1285458E-06
       830      3  0.2995553E-06  0.9043566E-06 -0.3249808E-02 -0.2906004E-03 -0.5692625E-01  0.5138517E-06
       830      4 -0.1218709E-05  0.5552758E-05 -0.5150941E-02 -0.3228329E-04 -0.3593189E+00  0.3112939E-05

       840      0  0.0000000E+00  0.0000000E+00  0.0000000E+00  0.0000000E+00  0.0000000E+00  0.0000000E+00
       840      1  0.0000000E+00  0.0000000E+00  0.0000000E+00  0.0000000E+00  0.0000000E+00  0.0000000E+00
       840      2 -0.1367611E-07  0.4895629E-07 -0.1536292E-02 -0.1225654E-03 -0.1434295E-01  0.1301207E-06
       840      3 -0.1374791E-06  0.2052206E-06 -0.2914350E-02 -0.2060403E-03 -0.5738582E-01  0.5201521E-06
       840      4 -0.3855920E-05  0.7140139E-06 -0.4037482E-02  0.1971089E-03 -0.3623233E+00  0.3148531E-05

       850      0  0.0000000E+00  0.0000000E+00  0.0000000E+00  0.0000000E+00  0.0000000E+00  0.0000000E+00
       850      1  0.0000000E+00  0.0000000E+00  0.0000000E+00  0.0000000E+00  0.0000000E+00  0.0000000E+00
       850      2  0.3428373E-06  0.8535146E-07 -0.1359801E-02 -0.7976328E-04 -0.1445669E-01  0.1317044E-06
       850      3  0.1296608E-05  0.3361304E-06 -0.2544293E-02 -0.1190366E-03 -0.5784128E-01  0.5264849E-06
       850      4  0.5751338E-05  0.9035451E-06 -0.2872992E-02  0.4239539E-03 -0.3653050E+00  0.3184042E-05

       860      0  0.0000000E+00  0.0000000E+00  0.0000000E+00  0.0000000E+00  0.0000000E+00  0.0000000E+00
       860      1  0.0000000E+00  0.0000000E+00  0.0000000E+00  0.0000000E+00  0.0000000E+00  0.0000000E+00
       860      2 -0.1726448E-06  0.2174425E-06 -0.1167309E-02 -0.3602277E-04 -0.1456941E-01  0.1332954E-06
       860      3 -0.7553840E-06  0.8537278E-06 -0.2144028E-02 -0.3062081E-04 -0.5829267E-01  0.5328432E-06
       860      4 -0.6382376E-05  0.3746640E-05 -0.1672189E-02  0.6454036E-03 -0.3682641E+00  0.3219403E-05

       870      0  0.0000000E+00  0.0000000E+00  0.0000000E+00  0.0000000E+00  0.0000000E+00  0.0000000E+00
       870      1  0.0000000E+00  0.0000000E+00  0.0000000E+00  0.0000000E+00  0.0000000E+00  0.0000000E+00
       870      2  0.3808338E-07 -0.1046903E-07 -0.9610842E-03  0.8141050E-05 -0.1468112E-01  0.1348917E-06
       870      3  0.9581642E-07 -0.6987592E-07 -0.1718319E-02  0.5815420E-04 -0.5874002E-01  0.5392186E-06
       870      4 -0.5212937E-06 -0.2429856E-05 -0.4503675E-03  0.8586222E-03 -0.3712012E+00  0.3254548E-05

       880      0  0.0000000E+00  0.0000000E+00  0.0000000E+00  0.0000000E+00  0.0000000E+00  0.0000000E+00
       880      1  0.0000000E+00  0.0000000E+00  0.0000000E+00  0.0000000E+00  0.0000000E+00  0.0000000E+00
       880      2  0.1573472E-06  0.1311453E-06 -0.7435522E-03  0.5220871E-04 -0.1479182E-01  0.1364913E-06
       880      3  0.5916855E-06  0.4845643E-06 -0.1272222E-02  0.1462357E-03 -0.5918338E-01  0.5456019E-06
       880      4  0.3566295E-05  0.6626650E-06  0.7769612E-03  0.1060920E-02 -0.3741162E+00  0.3289416E-05

       890      0  0.0000000E+00  0.0000000E+00  0.0000000E+00  0.0000000E+00  0.0000000E+00  0.0000000E+00
       890      1  0.0000000E+00  0.0000000E+00  0.0000000E+00  0.0000000E+00  0.0000000E+00  0.0000000E+00
       890      2 -0.3024979E-06  0.1134190E-06 -0.5172727E-03  0.9566177E-04 -0.1490154E-01  0.1380916E-06
       890      3 -0.1232009E-05  0.4061921E-06 -0.8110326E-03  0.2325787E-03 -0.5962279E-01  0.5519837E-06
       890      4 -0.7083258E-05  0.5647266E-07  0.1994246E-02  0.1249748E-02 -0.3770097E+00  0.3323952E-05

       900      0  0.0000000E+00  0.0000000E+00  0.0000000E+00  0.0000000E+00  0.0000000E+00  0.0000000E+00
       900      1  0.0000000E+00  0.0000000E+00  0.0000000E+00  0.0000000E+00  0.0000000E+00  0.0000000E+00
       900      2  0.1395503E-06 -0.7570801E-07 -0.2849091E-03  0.1379887E-03 -0.1501027E-01  0.1396906E-06
       900      3  0.5534374E-06 -0.3581686E-06 -0.3402325E-03  0.3161562E-03 -0.6005829E-01  0.5583544E-06
       900      4  0.4814884E-05 -0.4846206E-05  0.3186103E-02  0.1422706E-02 -0.3798819E+00  0.3358112E-05

       910      0  0.0000000E+00  0.0000000E+00  0.0000000E+00  0.0000000E+00  0.0000000E+00  0.0000000E+00
       910      1  0.0000000E+00  0.0000000E+00  0.0000000E+00  0.0000000E+00  0.0000000E+00  0.0000000E+00
       910      2 -0.2806414E-07  0.1122884E-06 -0.4919542E-04  0.1786917E-03 -0.1511804E-01  0.1412857E-06
       910      3 -0.9536202E-07  0.3892087E-06  0.1345892E-03  0.3959778E-03 -0.6048993E-01  0.5647051E-06
       910      4  0.1654938E-05 -0.1349093E-06  0.4337369E-02  0.1577612E-02 -0.3827330E+00  0.3391866E-05

       920      0  0.0000000E+00  0.0000000E+00  0.0000000E+00  0.0000000E+00  0.0000000E+00  0.0000000E+00
       920      1  0.0000000E+00  0.0000000E+00  0.0000000E+00  0.0000000E+00  0.0000000E+00  0.0000000E+00
       920      2 -0.2416023E-06 -0.4802541E-07  0.1870950E-03  0.2172919E-03 -0.1522484E-01  0.1428749E-06
       920      3 -0.9328899E-06 -0.2528623E-06  0.6077964E-03  0.4710964E-03 -0.6091775E-01  0.5710277E-06
       920      4 -0.3038329E-05 -0.3921872E-05  0.5433526E-02  0.1712524E-02 -0.3855633E+00  0.3425195E-05

       930      0  0.0000000E+00  0.0000000E+00  0.0000000E+00  0.0000000E+00  0.0000000E+00  0.0000000E+00
       930      1  0.0000000E+00  0.0000000E+00  0.0000000E+00  0.0000000E+00  0.0000000E+00  0.0000000E+00
       930      2  0.2483329E-06 -0.1200503E-06  0.4211820E-03  0.2533351E-03 -0.1533070E-01  0.1444565E-06
       930      3  0.1044635E-05 -0.5405403E-06  0.1073773E-02  0.5406198E-03 -0.6134178E-01  0.5773154E-06
       930      4  0.9876804E-05 -0.5472074E-05  0.6460786E-02  0.1825733E-02 -0.3883730E+00  0.3458097E-05

       940      0  0.0000000E+00  0.0000000E+00  0.0000000E+00  0.0000000E+00  0.0000000E+00  0.0000000E+00
       940      1  0.0000000E+00  0.0000000E+00  0.0000000E+00  0.0000000E+00  0.0000000E+00  0.0000000E+00
       940      2 -0.1366237E-06  0.3617315E-07  0.6503111E-03  0.2863974E-03 -0.1543562E-01  0.1460288E-06
       940      3 -0.4791903E-06  0.8876031E-07  0.1526984E-02  0.6037243E-03 -0.6176208E-01  0.5835632E-06
       940      4  0.7792627E-06 -0.1112733E-05  0.7406020E-02  0.1915811E-02 -0.3911624E+00  0.3490584E-05

       950      0  0.0000000E+00  0.0000000E+00  0.0000000E+00  0.0000000E+00  0.0000000E+00  0.0000000E+00
       950      1  0.0000000E+00  0.0000000E+00  0.0000000E+00  0.0000000E+00  0.0000000E+00  0.0000000E+00
       950      2 -0.1519930E-07 -0.2003939E-06  0.8717871E-03  0.3160898E-03 -0.1553961E-01  0.1475909E-06
       950      3  0.1786846E-07 -0.8504997E-06  0.1962058E-02  0.6596618E-03 -0.6217868E-01  0.5897678E-06
       950      4  0.4002613E-05 -0.6476611E-05  0.8257466E-02  0.1981651E-02 -0.3939318E+00  0.3522681E-05

       960      0  0.0000000E+00  0.0000000E+00  0.0000000E+00  0.0000000E+00  0.0000000E+00  0.0000000E+00
       960      1  0.0000000E+00  0.0000000E+00  0.0000000E+00  0.0000000E+00  0.0000000E+00  0.0000000E+00
       960      2  0.3194701E-06 -0.1256069E-06  0.1083005E-02  0.3420632E-03 -0.1564269E-01  0.1491422E-06
       960      3  0.1365585E-05 -0.5422236E-06  0.2373832E-02  0.7077684E-03 -0.6259161E-01  0.5959278E-06
       960      4  0.1247277E-04 -0.4012033E-05  0.9004374E-02  0.2022410E-02 -0.3966812E+00  0.3554427E-05

       970      0  0.0000000E+00  0.0000000E+00  0.0000000E+00  0.0000000E+00  0.0000000E+00  0.0000000E+00
       970      1  0.0000000E+00  0.0000000E+00  0.0000000E+00  0.0000000E+00  0.0000000E+00  0.0000000E+00
       970      2 -0.1229625E-06 -0.6614063E-07  0.1281478E-02  0.3640120E-03 -0.1574485E-01  0.1506827E-06
       970      3 -0.3994040E-06 -0.2930246E-06  0.2757417E-02  0.7474746E-03 -0.6300093E-01  0.6020442E-06
       970      4  0.1249148E-05 -0.1837908E-05  0.9637198E-02  0.2037584E-02 -0.3994110E+00  0.3585871E-05

       980      0  0.0000000E+00  0.0000000E+00  0.0000000E+00  0.0000000E+00  0.0000000E+00  0.0000000E+00
       980      1  0.0000000E+00  0.0000000E+00  0.0000000E+00  0.0000000E+00  0.0000000E+00  0.0000000E+00
       980      2  0.2832514E-06 -0.2809671E-06  0.1464874E-02  0.3816782E-03 -0.1584612E-01  0.1522127E-06
       980      3  0.1226133E-05 -0.1139289E-05  0.3108275E-02  0.7783111E-03 -0.6340666E-01  0.6081198E-06
       980      4  0.1101443E-04 -0.6516506E-05  0.1014824E-01  0.2027024E-02 -0.4021213E+00  0.3617072E-05

       990      0  0.0000000E+00  0.0000000E+00  0.0000000E+00  0.0000000E+00  0.0000000E+00  0.0000000E+00
       990      1  0.0000000E+00  0.0000000E+00  0.0000000E+00  0.0000000E+00  0.0000000E+00  0.0000000E+00
       990      2  0.3240272E-06 -0.9052727E-07  0.1631035E-02  0.3948539E-03 -0.1594649E-01  0.1537333E-06
       990      3  0.1384104E-05 -0.3634866E-06  0.3422240E-02  0.7999112E-03 -0.6380884E-01  0.6141594E-06
       990      4  0.1144807E-04 -0.1076604E-05  0.1053093E-01  0.1990833E-02 -0.4048123E+00  0.3648090E-05

      1000      0  0.0000000E+00  0.0000000E+00  0.0000000E+00  0.0000000E+00  0.0000000E+00  0.0000000E+00
      1000      1  0.0000000E+00  0.0000000E+00  0.0000000E+00  0.0000000E+00  0.0000000E+00  0.0000000E+00
      1000      2  0.7934699E-08 -0.1525986E-06  0.1778006E-02  0.4033845E-03 -0.1604599E-01  0.1552458E-06
      1000      3  0.1124849E-06 -0.5982816E-06  0.3695589E-02  0.8120211E-03 -0.6420749E-01  0.6201694E-06
      1000      4  0.2818289E-05 -0.2010686E-05  0.1078047E-01  0.1929503E-02 -0.4074842E+00  0.3678991E-05
