# number of spin vectors:       5
# iteration vector   S_X            S_Y            S_Z
         0      0  0.0000000E+00  0.0000000E+00  0.0000000E+00
         0      1  0.0000000E+00  0.0000000E+00  0.1000000E+01
         0      2  0.0000000E+00  0.0000000E+00  0.1000000E+01
         0      3  0.0000000E+00  0.0000000E+00  0.1000000E+01
         0      4  0.0000000E+00  0.0000000E+00  0.1000000E+01

        10      0  0.0000000E+00  0.0000000E+00  0.0000000E+00
        10      1 -0.8730181E-03  0.0000000E+00  0.9999996E+00
        10      2 -0.8748063E-03 -0.3694665E-04  0.9999996E+00
        10      3 -0.8801715E-03 -0.7432949E-04  0.9999996E+00
        10      4 -0.9177488E-03 -0.1934547E-03  0.9999996E+00

        20      0  0.0000000E+00  0.0000000E+00  0.0000000E+00
        20      1 -0.1746035E-02  0.0000000E+00  0.9999985E+00
        20      2 -0.1749649E-02 -0.7345047E-04  0.9999985E+00
        20      3 -0.1760489E-02 -0.1477583E-03  0.9999984E+00
        20      4 -0.1836400E-02 -0.3843821E-03  0.9999982E+00

        30      0  0.0000000E+00  0.0000000E+00  0.0000000E+00
        30      1 -0.2619052E-02  0.0000000E+00  0.9999966E+00
        30      2 -0.2624635E-02 -0.1090811E-03  0.9999965E+00
        30      3 -0.2641387E-02 -0.2194090E-03  0.9999965E+00
        30      4 -0.2758715E-02 -0.5702845E-03  0.9999960E+00

        40      0  0.0000000E+00  0.0000000E+00  0.0000000E+00
        40      1 -0.3492066E-02  0.0000000E+00  0.9999939E+00
        40      2 -0.3499248E-02 -0.1434189E-03  0.9999939E+00
        40      3 -0.3520796E-02 -0.2884289E-03  0.9999938E+00
        40      4 -0.3671742E-02 -0.7487813E-03  0.9999930E+00

        50      0  0.0000000E+00  0.0000000E+00  0.0000000E+00
        50      1 -0.4365077E-02  0.0000000E+00  0.9999905E+00
        50      2 -0.4374073E-02 -0.1760594E-03  0.9999904E+00
        50      3 -0.4401065E-02 -0.3539951E-03  0.9999903E+00
        50      4 -0.4590106E-02 -0.9175636E-03  0.9999890E+00

        60      0  0.0000000E+00  0.0000000E+00  0.0000000E+00
        60      1 -0.5238085E-02  0.0000000E+00  0.9999863E+00
        60      2 -0.5248832E-02 -0.2066179E-03  0.9999862E+00
        60      3 -0.5281075E-02 -0.4153250E-03  0.9999860E+00
        60      4 -0.5506941E-02 -0.1074436E-02  0.9999843E+00

        70      0  0.0000000E+00  0.0000000E+00  0.0000000E+00
        70      1 -0.6111089E-02  0.0000000E+00  0.9999813E+00
        70      2 -0.6123309E-02 -0.2347347E-03  0.9999812E+00
        70      3 -0.6159973E-02 -0.4716888E-03  0.9999809E+00
        70      4 -0.6416784E-02 -0.1217386E-02  0.9999787E+00

        80      0  0.0000000E+00  0.0000000E+00  0.0000000E+00
        80      1 -0.6984089E-02  0.0000000E+00  0.9999756E+00
        80      2 -0.6998069E-02 -0.2600786E-03  0.9999755E+00
        80      3 -0.7040014E-02 -0.5224148E-03  0.9999751E+00
        80      4 -0.7333769E-02 -0.1344566E-02  0.9999722E+00

        90      0  0.0000000E+00  0.0000000E+00  0.0000000E+00
        90      1 -0.7857083E-02  0.0000000E+00  0.9999691E+00
        90      2 -0.7872558E-02 -0.2823513E-03  0.9999690E+00
        90      3 -0.7918989E-02 -0.5668980E-03  0.9999685E+00
        90      4 -0.8244198E-02 -0.1454325E-02  0.9999650E+00

       100      0  0.0000000E+00  0.0000000E+00  0.0000000E+00
       100      1 -0.8730071E-02  0.0000000E+00  0.9999619E+00
       100      2 -0.8746956E-02 -0.3012906E-03  0.9999617E+00
       100      3 -0.8797615E-02 -0.6046094E-03  0.9999611E+00
       100      4 -0.9152332E-02 -0.1545253E-02  0.9999569E+00

       110      0  0.0000000E+00  0.0000000E+00  0.0000000E+00
       110      1 -0.9603052E-02  0.0000000E+00  0.9999539E+00
       110      2 -0.9621569E-02 -0.3166738E-03  0.9999537E+00
       110      3 -0.9677119E-02 -0.6351004E-03  0.9999530E+00
       110      4 -0.1006606E-01 -0.1616187E-02  0.9999480E+00

       120      0  0.0000000E+00  0.0000000E+00  0.0000000E+00
       120      1 -0.1047603E-01  0.0000000E+00  0.9999451E+00
       120      2 -0.1049580E-01 -0.3283198E-03  0.9999449E+00
       120      3 -0.1055512E-01 -0.6580072E-03  0.9999441E+00
       120      4 -0.1097043E-01 -0.1666195E-02  0.9999384E+00

       130      0  0.0000000E+00  0.0000000E+00  0.0000000E+00
       130      1 -0.1134899E-01  0.0000000E+00  0.9999356E+00
       130      2 -0.1137014E-01 -0.3360920E-03  0.9999353E+00
       130      3 -0.1143360E-01 -0.6730584E-03  0.9999344E+00
       130      4 -0.1187770E-01 -0.1694648E-02  0.9999280E+00

       140      0  0.0000000E+00  0.0000000E+00  0.0000000E+00
       140      1 -0.1222195E-01  0.0000000E+00  0.9999253E+00
       140      2 -0.1224453E-01 -0.3398991E-03  0.9999250E+00
       140      3 -0.1231225E-01 -0.6800761E-03  0.9999240E+00
       140      4 -0.1278628E-01 -0.1701192E-02  0.9999168E+00

       150      0  0.0000000E+00  0.0000000E+00  0.0000000E+00
       150      1 -0.1309490E-01  0.0000000E+00  0.9999143E+00
       150      2 -0.1311855E-01 -0.3396967E-03  0.9999139E+00
       150      3 -0.1318951E-01 -0.6789758E-03  0.9999128E+00
       150      4 -0.1368610E-01 -0.1685719E-02  0.9999049E+00

       160      0  0.0000000E+00  0.0000000E+00  0.0000000E+00
       160      1 -0.1396784E-01  0.0000000E+00  0.9999024E+00
       160      2 -0.1399283E-01 -0.3354879E-03  0.9999020E+00
       160      3 -0.1406781E-01 -0.6697738E-03  0.9999008E+00
       160      4 -0.1459240E-01 -0.1648464E-02  0.9998922E+00

       170      0  0.0000000E+00  0.0000000E+00  0.0000000E+00
       170      1 -0.1484076E-01  0.0000000E+00  0.9998899E+00
       170      2 -0.1486693E-01 -0.3273225E-03  0.9998894E+00
       170      3 -0.1494544E-01 -0.6525804E-03  0.9998881E+00
       170      4 -0.1549477E-01 -0.1589909E-02  0.9998787E+00

       180      0  0.0000000E+00  0.0000000E+00  0.0000000E+00
       180      1 -0.1571368E-01  0.0000000E+00  0.9998765E+00
       180      2 -0.1574083E-01 -0.3152971E-03  0.9998761E+00
       180      3 -0.1582227E-01 -0.6276000E-03  0.9998746E+00
       180      4 -0.1639211E-01 -0.1510788E-02  0.9998645E+00

       190      0  0.0000000E+00  0.0000000E+00  0.0000000E+00
       190      1 -0.1658658E-01  0.0000000E+00  0.9998624E+00
       190      2 -0.1661499E-01 -0.2995544E-03  0.9998619E+00
       190      3 -0.1670021E-01 -0.5951345E-03  0.9998604E+00
       190      4 -0.1729643E-01 -0.1412175E-02  0.9998494E+00

       200      0  0.0000000E+00  0.0000000E+00  0.0000000E+00
       200      1 -0.1745948E-01  0.0000000E+00  0.9998476E+00
       200      2 -0.1748882E-01 -0.2802799E-03  0.9998470E+00
       200      3 -0.1757682E-01 -0.5555701E-03  0.9998454E+00
       200      4 -0.1819276E-01 -0.1295318E-02  0.9998337E+00

       210      0  0.0000000E+00  0.0000000E+00  0.0000000E+00
       210      1 -0.1833235E-01  0.0000000E+00  0.9998319E+00
       210      2 -0.1836265E-01 -0.2577012E-03  0.9998314E+00
       210      3 -0.1845352E-01 -0.5093792E-03  0.9998296E+00
       210      4 -0.1908943E-01 -0.1161725E-02  0.9998171E+00

       220      0  0.0000000E+00  0.0000000E+00  0.0000000E+00
       220      1 -0.1920522E-01  0.0000000E+00  0.9998156E+00
       220      2 -0.1923663E-01 -0.2320851E-03  0.9998149E+00
       220      3 -0.1933083E-01 -0.4571161E-03  0.9998130E+00
       220      4 -0.1999029E-01 -0.1013169E-02  0.9997997E+00

       230      0  0.0000000E+00  0.0000000E+00  0.0000000E+00
       230      1 -0.2007807E-01  0.0000000E+00  0.9997984E+00
       230      2 -0.2011022E-01 -0.2037335E-03  0.9997977E+00
       230      3 -0.2020666E-01 -0.3994016E-03  0.9997957E+00
       230      4 -0.2088193E-01 -0.8515238E-03  0.9997816E+00

       240      0  0.0000000E+00  0.0000000E+00  0.0000000E+00
       240      1 -0.2095090E-01  0.0000000E+00  0.9997805E+00
       240      2 -0.2098401E-01 -0.1729811E-03  0.9997798E+00
       240      3 -0.2108332E-01 -0.3369262E-03  0.9997777E+00
       240      4 -0.2177874E-01 -0.6789011E-03  0.9997626E+00

       250      0  0.0000000E+00  0.0000000E+00  0.0000000E+00
       250      1 -0.2182372E-01  0.0000000E+00  0.9997618E+00
       250      2 -0.2185774E-01 -0.1401905E-03  0.9997611E+00
       250      3 -0.2195979E-01 -0.2704365E-03  0.9997588E+00
       250      4 -0.2267479E-01 -0.4975520E-03  0.9997428E+00

       260      0  0.0000000E+00  0.0000000E+00  0.0000000E+00
       260      1 -0.2269652E-01  0.0000000E+00  0.9997424E+00
       260      2 -0.2273118E-01 -0.1057481E-03  0.9997416E+00
       260      3 -0.2283515E-01 -0.2007228E-03  0.9997392E+00
       260      4 -0.2356377E-01 -0.3097739E-03  0.9997223E+00

       270      0  0.0000000E+00  0.0000000E+00  0.0000000E+00
       270      1 -0.2356931E-01  0.0000000E+00  0.9997222E+00
       270      2 -0.2360490E-01 -0.7006042E-04  0.9997214E+00
       270      3 -0.2371167E-01 -0.1286194E-03  0.9997188E+00
       270      4 -0.2446018E-01 -0.1180309E-03  0.9997008E+00

       280      0  0.0000000E+00  0.0000000E+00  0.0000000E+00
       280      1 -0.2444207E-01  0.0000000E+00  0.9997012E+00
       280      2 -0.2447836E-01 -0.3354790E-04  0.9997004E+00
       280      3 -0.2458722E-01 -0.5498530E-04  0.9996977E+00
       280      4 -0.2535079E-01  0.7521120E-04  0.9996786E+00

       290      0  0.0000000E+00  0.0000000E+00  0.0000000E+00
       290      1 -0.2531482E-01  0.0000000E+00  0.9996795E+00
       290      2 -0.2535171E-01  0.3359288E-05  0.9996786E+00
       290      3 -0.2546240E-01  0.1930306E-04  0.9996758E+00
       290      4 -0.2623894E-01  0.2674840E-03  0.9996557E+00

       300      0  0.0000000E+00  0.0000000E+00  0.0000000E+00
       300      1 -0.2618755E-01  0.0000000E+00  0.9996570E+00
       300      2 -0.2622529E-01  0.4022589E-04  0.9996561E+00
       300      3 -0.2633854E-01  0.9335763E-04  0.9996531E+00
       300      4 -0.2713333E-01  0.4562735E-03  0.9996317E+00

       310      0  0.0000000E+00  0.0000000E+00  0.0000000E+00
       310      1 -0.2706026E-01  0.0000000E+00  0.9996338E+00
       310      2 -0.2709849E-01  0.7661774E-04  0.9996328E+00
       310      3 -0.2721322E-01  0.1662976E-03  0.9996296E+00
       310      4 -0.2801882E-01  0.6391697E-03  0.9996072E+00

       320      0  0.0000000E+00  0.0000000E+00  0.0000000E+00
       320      1 -0.2793295E-01  0.0000000E+00  0.9996098E+00
       320      2 -0.2797180E-01  0.1121062E-03  0.9996087E+00
       320      3 -0.2808838E-01  0.2372539E-03  0.9996054E+00
       320      4 -0.2890709E-01  0.8138200E-03  0.9995818E+00

       330      0  0.0000000E+00  0.0000000E+00  0.0000000E+00
       330      1 -0.2880561E-01  0.0000000E+00  0.9995850E+00
       330      2 -0.2884515E-01  0.1462729E-03  0.9995839E+00
       330      3 -0.2896380E-01  0.3053800E-03  0.9995804E+00
       330      4 -0.2979740E-01  0.9779597E-03  0.9995555E+00

       340      0  0.0000000E+00  0.0000000E+00  0.0000000E+00
       340      1 -0.2967826E-01  0.0000000E+00  0.9995595E+00
       340      2 -0.2971814E-01  0.1787159E-03  0.9995583E+00
       340      3 -0.2983783E-01  0.3698659E-03  0.9995547E+00
       340      4 -0.3067899E-01  0.1129494E-02  0.9995287E+00

       350      0  0.0000000E+00  0.0000000E+00  0.0000000E+00
       350      1 -0.3055088E-01  0.0000000E+00  0.9995332E+00
       350      2 -0.3059138E-01  0.2090530E-03  0.9995320E+00
       350      3 -0.3071290E-01  0.4299433E-03  0.9995282E+00
       350      4 -0.3156703E-01  0.1266474E-02  0.9995008E+00

       360      0  0.0000000E+00  0.0000000E+00  0.0000000E+00
       360      1 -0.3142348E-01  0.0000000E+00  0.9995062E+00
       360      2 -0.3146444E-01  0.2369272E-03  0.9995048E+00
       360      3 -0.3158736E-01  0.4848969E-03  0.9995009E+00
       360      4 -0.3245170E-01  0.1387136E-02  0.9994723E+00

       370      0  0.0000000E+00  0.0000000E+00  0.0000000E+00
       370      1 -0.3229606E-01  0.0000000E+00  0.9994783E+00
       370      2 -0.3233728E-01  0.2620103E-03  0.9994770E+00
       370      3 -0.3246099E-01  0.5340734E-03  0.9994729E+00
       370      4 -0.3333099E-01  0.1489935E-02  0.9994433E+00

       380      0  0.0000000E+00  0.0000000E+00  0.0000000E+00
       380      1 -0.3316861E-01  0.0000000E+00  0.9994498E+00
       380      2 -0.3321038E-01  0.2840074E-03  0.9994483E+00
       380      3 -0.3333573E-01  0.5768879E-03  0.9994440E+00
       380      4 -0.3421736E-01  0.1573565E-02  0.9994132E+00

       390      0  0.0000000E+00  0.0000000E+00  0.0000000E+00
       390      1 -0.3404113E-01  0.0000000E+00  0.9994204E+00
       390      2 -0.3408313E-01  0.3026598E-03  0.9994190E+00
       390      3 -0.3420917E-01  0.6128312E-03  0.9994145E+00
       390      4 -0.3509592E-01  0.1636946E-02  0.9993826E+00

       400      0  0.0000000E+00  0.0000000E+00  0.0000000E+00
       400      1 -0.3491363E-01  0.0000000E+00  0.9993903E+00
       400      2 -0.3495587E-01  0.3177482E-03  0.9993888E+00
       400      3 -0.3508261E-01  0.6414766E-03  0.9993842E+00
       400      4 -0.3597429E-01  0.1679274E-02  0.9993513E+00

       410      0  0.0000000E+00  0.0000000E+00  0.0000000E+00
       410      1 -0.3578610E-01  0.0000000E+00  0.9993595E+00
       410      2 -0.3582874E-01  0.3290956E-03  0.9993579E+00
       410      3 -0.3595668E-01  0.6624852E-03  0.9993531E+00
       410      4 -0.3685705E-01  0.1700032E-02  0.9993191E+00

       420      0  0.0000000E+00  0.0000000E+00  0.0000000E+00
       420      1 -0.3665855E-01  0.0000000E+00  0.9993278E+00
       420      2 -0.3670121E-01  0.3365687E-03  0.9993262E+00
       420      3 -0.3682923E-01  0.6756067E-03  0.9993213E+00
       420      4 -0.3773042E-01  0.1698935E-02  0.9992865E+00

       430      0  0.0000000E+00  0.0000000E+00  0.0000000E+00
       430      1 -0.3753097E-01  0.0000000E+00  0.9992955E+00
       430      2 -0.3757385E-01  0.3400803E-03  0.9992938E+00
       430      3 -0.3770253E-01  0.6806877E-03  0.9992888E+00
       430      4 -0.3860847E-01  0.1676026E-02  0.9992530E+00

       440      0  0.0000000E+00  0.0000000E+00  0.0000000E+00
       440      1 -0.3840335E-01  0.0000000E+00  0.9992623E+00
       440      2 -0.3844643E-01  0.3395897E-03  0.9992606E+00
       440      3 -0.3857567E-01  0.6776698E-03  0.9992555E+00
       440      4 -0.3948603E-01  0.1631622E-02  0.9992188E+00

       450      0  0.0000000E+00  0.0000000E+00  0.0000000E+00
       450      1 -0.3927571E-01  0.0000000E+00  0.9992284E+00
       450      2 -0.3931869E-01  0.3351031E-03  0.9992267E+00
       450      3 -0.3944761E-01  0.6665888E-03  0.9992214E+00
       450      4 -0.4035610E-01  0.1566266E-02  0.9991841E+00

       460      0  0.0000000E+00  0.0000000E+00  0.0000000E+00
       460      1 -0.4014804E-01  0.0000000E+00  0.9991937E+00
       460      2 -0.4019120E-01  0.3266745E-03  0.9991920E+00
       460      3 -0.4032069E-01  0.6475807E-03  0.9991866E+00
       460      4 -0.4123343E-01  0.1480851E-02  0.9991484E+00

       470      0  0.0000000E+00  0.0000000E+00  0.0000000E+00
       470      1 -0.4102034E-01  0.0000000E+00  0.9991583E+00
       470      2 -0.4106345E-01  0.3144036E-03  0.9991565E+00
       470      3 -0.4119278E-01  0.6208730E-03  0.9991510E+00
       470      4 -0.4210519E-01  0.1376471E-02  0.9991122E+00

       480      0  0.0000000E+00  0.0000000E+00  0.0000000E+00
       480      1 -0.4189261E-01  0.0000000E+00  0.9991221E+00
       480      2 -0.4193556E-01  0.2984356E-03  0.9991203E+00
       480      3 -0.4206443E-01  0.5867839E-03  0.9991147E+00
       480      4 -0.4297411E-01  0.1254449E-02  0.9990754E+00

       490      0  0.0000000E+00  0.0000000E+00  0.0000000E+00
       490      1 -0.4276485E-01  0.0000000E+00  0.9990852E+00
       490      2 -0.4280789E-01  0.2789595E-03  0.9990833E+00
       490      3 -0.4293705E-01  0.5457244E-03  0.9990776E+00
       490      4 -0.4384946E-01  0.1116414E-02  0.9990375E+00

       500      0  0.0000000E+00  0.0000000E+00  0.0000000E+00
       500      1 -0.4363705E-01  0.0000000E+00  0.9990475E+00
       500      2 -0.4367983E-01  0.2562052E-03  0.9990455E+00
       500      3 -0.4380820E-01  0.4981823E-03  0.9990398E+00
       500      4 -0.4471611E-01  0.9641039E-03  0.9989993E+00

       510      0  0.0000000E+00  0.0000000E+00  0.0000000E+00
       510      1 -0.4450922E-01  0.0000000E+00  0.9990090E+00
       510      2 -0.4455186E-01  0.2304413E-03  0.9990070E+00
       510      3 -0.4467979E-01  0.4447258E-03  0.9990013E+00
       510      4 -0.4558535E-01  0.7994846E-03  0.9989601E+00

       520      0  0.0000000E+00  0.0000000E+00  0.0000000E+00
       520      1 -0.4538135E-01  0.0000000E+00  0.9989697E+00
       520      2 -0.4542393E-01  0.2019722E-03  0.9989678E+00
       520      3 -0.4555168E-01  0.3859950E-03  0.9989619E+00
       520      4 -0.4645716E-01  0.6247117E-03  0.9989201E+00

       530      0  0.0000000E+00  0.0000000E+00  0.0000000E+00
       530      1 -0.4625346E-01  0.0000000E+00  0.9989297E+00
       530      2 -0.4629563E-01  0.1711333E-03  0.9989278E+00
       530      3 -0.4642218E-01  0.3226872E-03  0.9989219E+00
       530      4 -0.4732037E-01  0.4419798E-03  0.9988797E+00

       540      0  0.0000000E+00  0.0000000E+00  0.0000000E+00
       540      1 -0.4712552E-01  0.0000000E+00  0.9988890E+00
       540      2 -0.4716756E-01  0.1382886E-03  0.9988870E+00
       540      3 -0.4729371E-01  0.2555595E-03  0.9988810E+00
       540      4 -0.4819016E-01  0.2536689E-03  0.9988381E+00

       550      0  0.0000000E+00  0.0000000E+00  0.0000000E+00
       550      1 -0.4799755E-01  0.0000000E+00  0.9988475E+00
       550      2 -0.4803933E-01  0.1038253E-03  0.9988454E+00
       550      3 -0.4816471E-01  0.1854124E-03  0.9988394E+00
       550      4 -0.4905722E-01  0.6220115E-04  0.9987960E+00

       560      0  0.0000000E+00  0.0000000E+00  0.0000000E+00
       560      1 -0.4886955E-01  0.0000000E+00  0.9988052E+00
       560      2 -0.4891086E-01  0.6814955E-04  0.9988031E+00
       560      3 -0.4903487E-01  0.1130792E-03  0.9987971E+00
       560      4 -0.4991898E-01 -0.1300049E-03  0.9987533E+00

       570      0  0.0000000E+00  0.0000000E+00  0.0000000E+00
       570      1 -0.4974150E-01  0.0000000E+00  0.9987621E+00
       570      2 -0.4978265E-01  0.3168206E-04  0.9987601E+00
       570      3 -0.4990618E-01  0.3942454E-04  0.9987539E+00
       570      4 -0.5078821E-01 -0.3204471E-03  0.9987094E+00

       580      0  0.0000000E+00  0.0000000E+00  0.0000000E+00
       580      1 -0.5061342E-01  0.0000000E+00  0.9987183E+00
       580      2 -0.5065411E-01 -0.5147662E-05  0.9987163E+00
       580      3 -0.5077626E-01 -0.3467604E-04  0.9987101E+00
       580      4 -0.5165017E-01 -0.5067062E-03  0.9986651E+00

       590      0  0.0000000E+00  0.0000000E+00  0.0000000E+00
       590      1 -0.5148530E-01  0.0000000E+00  0.9986738E+00
       590      2 -0.5152553E-01 -0.4190581E-04  0.9986717E+00
       590      3 -0.5164633E-01 -0.1083411E-03  0.9986654E+00
       590      4 -0.5251196E-01 -0.6864101E-03  0.9986201E+00

       600      0  0.0000000E+00  0.0000000E+00  0.0000000E+00
       600      1 -0.5235714E-01  0.0000000E+00  0.9986284E+00
       600      2 -0.5239711E-01 -0.7815918E-04  0.9986263E+00
       600      3 -0.5251711E-01 -0.1806918E-03  0.9986200E+00
       600      4 -0.5337864E-01 -0.8572386E-03  0.9985740E+00

       610      0  0.0000000E+00  0.0000000E+00  0.0000000E+00
       610      1 -0.5322894E-01  0.0000000E+00  0.9985823E+00
       610      2 -0.5326828E-01 -0.1134811E-03  0.9985802E+00
       610      3 -0.5338640E-01 -0.2508694E-03  0.9985739E+00
       610      4 -0.5423618E-01 -0.1017031E-02  0.9985276E+00

       620      0  0.0000000E+00  0.0000000E+00  0.0000000E+00
       620      1 -0.5410070E-01  0.0000000E+00  0.9985355E+00
       620      2 -0.5413961E-01 -0.1474557E-03  0.9985334E+00
       620      3 -0.5425645E-01 -0.3180387E-03  0.9985270E+00
       620      4 -0.5509840E-01 -0.1163745E-02  0.9984803E+00

       630      0  0.0000000E+00  0.0000000E+00  0.0000000E+00
       630      1 -0.5497242E-01  0.0000000E+00  0.9984879E+00
       630      2 -0.5501088E-01 -0.1796830E-03  0.9984857E+00
       630      3 -0.5512640E-01 -0.3814003E-03  0.9984793E+00
       630      4 -0.5596054E-01 -0.1295507E-02  0.9984321E+00

       640      0  0.0000000E+00  0.0000000E+00  0.0000000E+00
       640      1 -0.5584410E-01  0.0000000E+00  0.9984395E+00
       640      2 -0.5588182E-01 -0.2097840E-03  0.9984374E+00
       640      3 -0.5599514E-01 -0.4402026E-03  0.9984309E+00
       640      4 -0.5681511E-01 -0.1410647E-02  0.9983837E+00

       650      0  0.0000000E+00  0.0000000E+00  0.0000000E+00
       650      1 -0.5671573E-01  0.0000000E+00  0.9983904E+00
       650      2 -0.5675302E-01 -0.2374044E-03  0.9983882E+00
       650      3 -0.5686502E-01 -0.4937463E-03  0.9983818E+00
       650      4 -0.5767692E-01 -0.1507704E-02  0.9983342E+00

       660      0  0.0000000E+00  0.0000000E+00  0.0000000E+00
       660      1 -0.5758732E-01  0.0000000E+00  0.9983405E+00
       660      2 -0.5762394E-01 -0.2622195E-03  0.9983383E+00
       660      3 -0.5773395E-01 -0.5413959E-03  0.9983319E+00
       660      4 -0.5853334E-01 -0.1585449E-02  0.9982842E+00

       670      0  0.0000000E+00  0.0000000E+00  0.0000000E+00
       670      1 -0.5845887E-01  0.0000000E+00  0.9982898E+00
       670      2 -0.5849471E-01 -0.2839377E-03  0.9982877E+00
       670      3 -0.5860239E-01 -0.5825861E-03  0.9982812E+00
       670      4 -0.5938660E-01 -0.1642892E-02  0.9982337E+00

       680      0  0.0000000E+00  0.0000000E+00  0.0000000E+00
       680      1 -0.5933037E-01  0.0000000E+00  0.9982384E+00
       680      2 -0.5936569E-01 -0.3023038E-03  0.9982363E+00
       680      3 -0.5947179E-01 -0.6168292E-03  0.9982298E+00
       680      4 -0.6024628E-01 -0.1679333E-02  0.9981821E+00

       690      0  0.0000000E+00  0.0000000E+00  0.0000000E+00
       690      1 -0.6020183E-01  0.0000000E+00  0.9981862E+00
       690      2 -0.6023627E-01 -0.3171024E-03  0.9981841E+00
       690      3 -0.6033973E-01 -0.6437190E-03  0.9981777E+00
       690      4 -0.6109718E-01 -0.1694301E-02  0.9981304E+00

       700      0  0.0000000E+00  0.0000000E+00  0.0000000E+00
       700      1 -0.6107324E-01  0.0000000E+00  0.9981333E+00
       700      2 -0.6110690E-01 -0.3281597E-03  0.9981312E+00
       700      3 -0.6120802E-01 -0.6629379E-03  0.9981248E+00
       700      4 -0.6195030E-01 -0.1687618E-02  0.9980778E+00

       710      0  0.0000000E+00  0.0000000E+00  0.0000000E+00
       710      1 -0.6194461E-01  0.0000000E+00  0.9980796E+00
       710      2 -0.6197757E-01 -0.3353467E-03  0.9980775E+00
       710      3 -0.6207662E-01 -0.6742606E-03  0.9980712E+00
       710      4 -0.6280600E-01 -0.1659411E-02  0.9980244E+00

       720      0  0.0000000E+00  0.0000000E+00  0.0000000E+00
       720      1 -0.6281593E-01  0.0000000E+00  0.9980251E+00
       720      2 -0.6284785E-01 -0.3385793E-03  0.9980231E+00
       720      3 -0.6294377E-01 -0.6775529E-03  0.9980168E+00
       720      4 -0.6365287E-01 -0.1610013E-02  0.9979708E+00

       730      0  0.0000000E+00  0.0000000E+00  0.0000000E+00
       730      1 -0.6368720E-01  0.0000000E+00  0.9979699E+00
       730      2 -0.6371833E-01 -0.3378204E-03  0.9979679E+00
       730      3 -0.6381189E-01 -0.6727793E-03  0.9979617E+00
       730      4 -0.6450608E-01 -0.1540096E-02  0.9979161E+00

       740      0  0.0000000E+00  0.0000000E+00  0.0000000E+00
       740      1 -0.6455842E-01  0.0000000E+00  0.9979139E+00
       740      2 -0.6458865E-01 -0.3330799E-03  0.9979119E+00
       740      3 -0.6467949E-01 -0.6599993E-03  0.9979059E+00
       740      4 -0.6535661E-01 -0.1450571E-02  0.9978609E+00

       750      0  0.0000000E+00  0.0000000E+00  0.0000000E+00
       750      1 -0.6542959E-01  0.0000000E+00  0.9978572E+00
       750      2 -0.6545870E-01 -0.3244144E-03  0.9978552E+00
       750      3 -0.6554616E-01 -0.6393651E-03  0.9978493E+00
       750      4 -0.6620162E-01 -0.1342550E-02  0.9978054E+00

       760      0  0.0000000E+00  0.0000000E+00  0.0000000E+00
       760      1 -0.6630071E-01  0.0000000E+00  0.9977997E+00
       760      2 -0.6632899E-01 -0.3119271E-03  0.9977978E+00
       760      3 -0.6641396E-01 -0.6111273E-03  0.9977920E+00
       760      4 -0.6705409E-01 -0.1217474E-02  0.9977486E+00

       770      0  0.0000000E+00  0.0000000E+00  0.0000000E+00
       770      1 -0.6717178E-01  0.0000000E+00  0.9977414E+00
       770      2 -0.6719893E-01 -0.2957656E-03  0.9977396E+00
       770      3 -0.6728052E-01 -0.5756224E-03  0.9977339E+00
       770      4 -0.6789944E-01 -0.1076918E-02  0.9976916E+00

       780      0  0.0000000E+00  0.0000000E+00  0.0000000E+00
       780      1 -0.6804280E-01  0.0000000E+00  0.9976824E+00
       780      2 -0.6806881E-01 -0.2761211E-03  0.9976806E+00
       780      3 -0.6814701E-01 -0.5332738E-03  0.9976751E+00
       780      4 -0.6874453E-01 -0.9226665E-03  0.9976339E+00

       790      0  0.0000000E+00  0.0000000E+00  0.0000000E+00
       790      1 -0.6891377E-01  0.0000000E+00  0.9976226E+00
       790      2 -0.6893884E-01 -0.2532261E-03  0.9976209E+00
       790      3 -0.6901423E-01 -0.4845901E-03  0.9976156E+00
       790      4 -0.6959478E-01 -0.7567411E-03  0.9975751E+00

       800      0  0.0000000E+00  0.0000000E+00  0.0000000E+00
       800      1 -0.6978469E-01  0.0000000E+00  0.9975621E+00
       800      2 -0.6980845E-01 -0.2273505E-03  0.9975604E+00
       800      3 -0.6987994E-01 -0.4301487E-03  0.9975553E+00
       800      4 -0.7043609E-01 -0.5812081E-03  0.9975161E+00

       810      0  0.0000000E+00  0.0000000E+00  0.0000000E+00
       810      1 -0.7065555E-01  0.0000000E+00  0.9975008E+00
       810      2 -0.7067821E-01 -0.1987998E-03  0.9974991E+00
       810      3 -0.7074638E-01 -0.3706000E-03  0.9974943E+00
       810      4 -0.7128222E-01 -0.3983261E-03  0.9974561E+00

       820      0  0.0000000E+00  0.0000000E+00  0.0000000E+00
       820      1 -0.7152636E-01  0.0000000E+00  0.9974387E+00
       820      2 -0.7154791E-01 -0.1679111E-03  0.9974372E+00
       820      3 -0.7161278E-01 -0.3066548E-03  0.9974325E+00
       820      4 -0.7212869E-01 -0.2104469E-03  0.9973953E+00

       830      0  0.0000000E+00  0.0000000E+00  0.0000000E+00
       830      1 -0.7239712E-01  0.0000000E+00  0.9973759E+00
       830      2 -0.7241727E-01 -0.1350481E-03  0.9973744E+00
       830      3 -0.7247796E-01 -0.2390711E-03  0.9973700E+00
       830      4 -0.7296784E-01 -0.1991351E-04  0.9973343E+00

       840      0  0.0000000E+00  0.0000000E+00  0.0000000E+00
       840      1 -0.7326782E-01  0.0000000E+00  0.9973123E+00
       840      2 -0.7328687E-01 -0.1005986E-03  0.9973109E+00
       840      3 -0.7334430E-01 -0.1686563E-03  0.9973067E+00
       840      4 -0.7381452E-01  0.1708116E-03  0.9972720E+00

       850      0  0.0000000E+00  0.0000000E+00  0.0000000E+00
       850      1 -0.7413846E-01  0.0000000E+00  0.9972480E+00
       850      2 -0.7415621E-01 -0.6496857E-04  0.9972466E+00
       850      3 -0.7420976E-01 -0.9624719E-04  0.9972426E+00
       850      4 -0.7465627E-01  0.3593171E-03  0.9972093E+00

       860      0  0.0000000E+00  0.0000000E+00  0.0000000E+00
       860      1 -0.7500905E-01  0.0000000E+00  0.9971829E+00
       860      2 -0.7502539E-01 -0.2857746E-04  0.9971816E+00
       860      3 -0.7507471E-01 -0.2270305E-04  0.9971779E+00
       860      4 -0.7549506E-01  0.5432322E-03  0.9971460E+00

       870      0  0.0000000E+00  0.0000000E+00  0.0000000E+00
       870      1 -0.7587958E-01  0.0000000E+00  0.9971170E+00
       870      2 -0.7589477E-01  0.8145690E-05  0.9971158E+00
       870      3 -0.7594069E-01  0.5109895E-04  0.9971123E+00
       870      4 -0.7634063E-01  0.7201937E-03  0.9970815E+00

       880      0  0.0000000E+00  0.0000000E+00  0.0000000E+00
       880      1 -0.7675005E-01  0.0000000E+00  0.9970504E+00
       880      2 -0.7676376E-01  0.4476876E-04  0.9970493E+00
       880      3 -0.7680526E-01  0.1242842E-03  0.9970461E+00
       880      4 -0.7717775E-01  0.8879845E-03  0.9970170E+00

       890      0  0.0000000E+00  0.0000000E+00  0.0000000E+00
       890      1 -0.7762046E-01  0.0000000E+00  0.9969830E+00
       890      2 -0.7763280E-01  0.8086060E-04  0.9969820E+00
       890      3 -0.7767017E-01  0.1959832E-03  0.9969791E+00
       890      4 -0.7801720E-01  0.1044479E-02  0.9969515E+00

       900      0  0.0000000E+00  0.0000000E+00  0.0000000E+00
       900      1 -0.7849082E-01  0.0000000E+00  0.9969148E+00
       900      2 -0.7850188E-01  0.1159963E-03  0.9969140E+00
       900      3 -0.7853547E-01  0.2653434E-03  0.9969113E+00
       900      4 -0.7885951E-01  0.1187693E-02  0.9968850E+00

       910      0  0.0000000E+00  0.0000000E+00  0.0000000E+00
       910      1 -0.7936111E-01  0.0000000E+00  0.9968459E+00
       910      2 -0.7937056E-01  0.1497626E-03  0.9968452E+00
       910      3 -0.7939933E-01  0.3315436E-03  0.9968428E+00
       910      4 -0.7969308E-01  0.1315828E-02  0.9968186E+00

       920      0  0.0000000E+00  0.0000000E+00  0.0000000E+00
       920      1 -0.8023135E-01  0.0000000E+00  0.9967763E+00
       920      2 -0.8023944E-01  0.1817624E-03  0.9967756E+00
       920      3 -0.8026416E-01  0.3937974E-03  0.9967735E+00
       920      4 -0.8053300E-01  0.1427269E-02  0.9967509E+00

       930      0  0.0000000E+00  0.0000000E+00  0.0000000E+00
       930      1 -0.8110152E-01  0.0000000E+00  0.9967058E+00
       930      2 -0.8110816E-01  0.2116193E-03  0.9967053E+00
       930      3 -0.8112852E-01  0.4513670E-03  0.9967035E+00
       930      4 -0.8137034E-01  0.1520618E-02  0.9966828E+00

       940      0  0.0000000E+00  0.0000000E+00  0.0000000E+00
       940      1 -0.8197163E-01  0.0000000E+00  0.9966347E+00
       940      2 -0.8197659E-01  0.2389826E-03  0.9966342E+00
       940      3 -0.8199193E-01  0.5035708E-03  0.9966329E+00
       940      4 -0.8220203E-01  0.1594697E-02  0.9966144E+00

       950      0  0.0000000E+00  0.0000000E+00  0.0000000E+00
       950      1 -0.8284168E-01  0.0000000E+00  0.9965627E+00
       950      2 -0.8284526E-01  0.2635308E-03  0.9965624E+00
       950      3 -0.8285646E-01  0.5497904E-03  0.9965613E+00
       950      4 -0.8304111E-01  0.1648596E-02  0.9965448E+00

       960      0  0.0000000E+00  0.0000000E+00  0.0000000E+00
       960      1 -0.8371167E-01  0.0000000E+00  0.9964900E+00
       960      2 -0.8371358E-01  0.2849756E-03  0.9964898E+00
       960      3 -0.8371978E-01  0.5894792E-03  0.9964892E+00
       960      4 -0.8387296E-01  0.1681639E-02  0.9964750E+00

       970      0  0.0000000E+00  0.0000000E+00  0.0000000E+00
       970      1 -0.8458159E-01  0.0000000E+00  0.9964166E+00
       970      2 -0.8458181E-01  0.3030654E-03  0.9964165E+00
       970      3 -0.8458295E-01  0.6221680E-03  0.9964162E+00
       970      4 -0.8470434E-01  0.1693412E-02  0.9964047E+00

       980      0  0.0000000E+00  0.0000000E+00  0.0000000E+00
       980      1 -0.8545144E-01  0.0000000E+00  0.9963423E+00
       980      2 -0.8545018E-01  0.3175883E-03  0.9963424E+00
       980      3 -0.8544685E-01  0.6474721E-03  0.9963425E+00
       980      4 -0.8554073E-01  0.1683811E-02  0.9963333E+00

       990      0  0.0000000E+00  0.0000000E+00  0.0000000E+00
       990      1 -0.8632124E-01  0.0000000E+00  0.9962674E+00
       990      2 -0.8631811E-01  0.3283741E-03  0.9962676E+00
       990      3 -0.8630922E-01  0.6650926E-03  0.9962682E+00
       990      4 -0.8636800E-01  0.1652940E-02  0.9962619E+00

      1000      0  0.0000000E+00  0.0000000E+00  0.0000000E+00
      1000      1 -0.8719096E-01  0.0000000E+00  0.9961916E+00
      1000      2 -0.8718616E-01  0.3352971E-03  0.9961920E+00
      1000      3 -0.8717225E-01  0.6748234E-03  0.9961930E+00
      1000      4 -0.8719987E-01  0.1601215E-02  0.9961895E+00
