# number of rays:       5
# iteration   ray    X              A              Y              B              T              D
         0      0  0.0000000E+00  0.0000000E+00  0.0000000E+00  0.0000000E+00  0.0000000E+00  0.0000000E+00
         0      1  0.0000000E+00  0.0000000E+00  0.0000000E+00  0.0000000E+00  0.0000000E+00  0.0000000E+00
         0      2  0.1000000E-02  0.0000000E+00  0.0000000E+00  0.0000000E+00  0.0000000E+00  0.0000000E+00
         0      3  0.0000000E+00  0.0000000E+00  0.1000000E-02  0.0000000E+00  0.0000000E+00  0.0000000E+00
         0      4  0.0000000E+00  0.0000000E+00  0.0000000E+00  0.0000000E+00  0.0000000E+00  0.1000000E-03

       100      0  0.0000000E+00  0.0000000E+00  0.0000000E+00  0.0000000E+00  0.0000000E+00  0.0000000E+00
       100      1  0.0000000E+00  0.0000000E+00  0.0000000E+00  0.0000000E+00  0.0000000E+00  0.0000000E+00
       100      2  0.2497404E-04 -0.4518795E-03  0.0000000E+00  0.0000000E+00 -0.4676584E-03  0.3633573E-06
       100      3 -0.1575749E-06 -0.4166184E-07 -0.1245455E-02 -0.3602263E-03 -0.4802465E-03  0.3735803E-06
       100      4 -0.1105480E-06  0.1134685E-06  0.0000000E+00  0.0000000E+00  0.2093111E+00 -0.5682769E-04

       200      0  0.0000000E+00  0.0000000E+00  0.0000000E+00  0.0000000E+00  0.0000000E+00  0.0000000E+00
       200      1  0.0000000E+00  0.0000000E+00  0.0000000E+00  0.0000000E+00  0.0000000E+00  0.0000000E+00
       200      2 -0.1022015E-02  0.3795748E-03  0.0000000E+00  0.0000000E+00  0.5596730E-03  0.2952563E-06
       200      3  0.2580170E-06  0.3941375E-07 -0.2163595E-02 -0.3368207E-03  0.5751569E-03  0.3039605E-06
       200      4  0.4854605E-07 -0.9484835E-07  0.0000000E+00  0.0000000E+00 -0.2430736E+00 -0.3319429E-04

       300      0  0.0000000E+00  0.0000000E+00  0.0000000E+00  0.0000000E+00  0.0000000E+00  0.0000000E+00
       300      1  0.0000000E+00  0.0000000E+00  0.0000000E+00  0.0000000E+00  0.0000000E+00  0.0000000E+00
       300      2  0.8330264E-03  0.1329716E-03  0.0000000E+00  0.0000000E+00 -0.2023983E-03  0.1346111E-07
       300      3  0.3084974E-07 -0.1342668E-07 -0.7775784E-03  0.4547443E-04 -0.2085723E-03  0.1375806E-07
       300      4  0.1074085E-07 -0.3477732E-07  0.0000000E+00  0.0000000E+00  0.7355461E-01  0.9607924E-04

       400      0  0.0000000E+00  0.0000000E+00  0.0000000E+00  0.0000000E+00  0.0000000E+00  0.0000000E+00
       400      1  0.0000000E+00  0.0000000E+00  0.0000000E+00  0.0000000E+00  0.0000000E+00  0.0000000E+00
       400      2  0.3217292E-03 -0.4915951E-03  0.0000000E+00  0.0000000E+00 -0.3170478E-03  0.4190433E-06
       400      3 -0.1339267E-06 -0.6988925E-07  0.1436637E-02  0.3791466E-03 -0.3253710E-03  0.4309291E-06
       400      4 -0.2211968E-06  0.1345375E-06  0.0000000E+00  0.0000000E+00  0.1580906E+00 -0.7794115E-04

       500      0  0.0000000E+00  0.0000000E+00  0.0000000E+00  0.0000000E+00  0.0000000E+00  0.0000000E+00
       500      1  0.0000000E+00  0.0000000E+00  0.0000000E+00  0.0000000E+00  0.0000000E+00  0.0000000E+00
       500      2 -0.1103905E-02  0.2798262E-03  0.0000000E+00  0.0000000E+00  0.5817157E-03  0.2151046E-06
       500      3  0.1996162E-06  0.7897752E-07  0.2120919E-02  0.3092090E-03  0.5982480E-03  0.2215206E-06
       500      4  0.1694692E-06 -0.9994919E-07  0.0000000E+00  0.0000000E+00 -0.2566807E+00 -0.5148285E-05

       600      0  0.0000000E+00  0.0000000E+00  0.0000000E+00  0.0000000E+00  0.0000000E+00  0.0000000E+00
       600      1  0.0000000E+00  0.0000000E+00  0.0000000E+00  0.0000000E+00  0.0000000E+00  0.0000000E+00
       600      2  0.6056420E-03  0.2562498E-03  0.0000000E+00  0.0000000E+00 -0.3795210E-03  0.5376564E-07
       600      3  0.6012612E-07 -0.2453558E-07  0.5455001E-03 -0.9036847E-04 -0.3911032E-03  0.5514064E-07
       600      4  0.2690582E-07 -0.6623300E-07  0.0000000E+00  0.0000000E+00  0.1408863E+00  0.8405865E-04

       700      0  0.0000000E+00  0.0000000E+00  0.0000000E+00  0.0000000E+00  0.0000000E+00  0.0000000E+00
       700      1  0.0000000E+00  0.0000000E+00  0.0000000E+00  0.0000000E+00  0.0000000E+00  0.0000000E+00
       700      2  0.5950066E-03 -0.4955219E-03  0.0000000E+00  0.0000000E+00 -0.1268916E-03  0.4509262E-06
       700      3 -0.9703780E-07 -0.9574941E-07 -0.1609927E-02 -0.3933579E-03 -0.1298589E-03  0.4638084E-06
       700      4 -0.3113995E-06  0.1475415E-06  0.0000000E+00  0.0000000E+00  0.9358941E-01 -0.9263615E-04

       800      0  0.0000000E+00  0.0000000E+00  0.0000000E+00  0.0000000E+00  0.0000000E+00  0.0000000E+00
       800      1  0.0000000E+00  0.0000000E+00  0.0000000E+00  0.0000000E+00  0.0000000E+00  0.0000000E+00
       800      2 -0.1105505E-02  0.1597858E-03  0.0000000E+00  0.0000000E+00  0.5311456E-03  0.1366166E-06
       800      3  0.1318579E-06  0.1128864E-06 -0.2051793E-02 -0.2777249E-03  0.5466303E-03  0.1407612E-06
       800      4  0.2798433E-06 -0.9685016E-07  0.0000000E+00  0.0000000E+00 -0.2490604E+00  0.2330200E-04

       900      0  0.0000000E+00  0.0000000E+00  0.0000000E+00  0.0000000E+00  0.0000000E+00  0.0000000E+00
       900      1  0.0000000E+00  0.0000000E+00  0.0000000E+00  0.0000000E+00  0.0000000E+00  0.0000000E+00
       900      2  0.3342459E-03  0.3609038E-03  0.0000000E+00  0.0000000E+00 -0.5092388E-03  0.1158807E-06
       900      3  0.8538771E-07 -0.3286705E-07 -0.3067279E-03  0.1341118E-03 -0.5247982E-03  0.1189801E-06
       900      4  0.4347796E-07 -0.9034894E-07  0.0000000E+00  0.0000000E+00  0.1963628E+00  0.6506475E-04

      1000      0  0.0000000E+00  0.0000000E+00  0.0000000E+00  0.0000000E+00  0.0000000E+00  0.0000000E+00
      1000      1  0.0000000E+00  0.0000000E+00  0.0000000E+00  0.0000000E+00  0.0000000E+00  0.0000000E+00
      1000      2  0.8249364E-03 -0.4633482E-03  0.0000000E+00  0.0000000E+00  0.7908568E-04  0.4550246E-06
      1000      3 -0.4899759E-07 -0.1174239E-06  0.1763235E-02  0.4026916E-03  0.8187537E-04  0.4681127E-06
      1000      4 -0.3760708E-06  0.1522842E-06  0.0000000E+00  0.0000000E+00  0.2117773E-01 -0.9955764E-04

      1100      0  0.0000000E+00  0.0000000E+00  0.0000000E+00  0.0000000E+00  0.0000000E+00  0.0000000E+00
      1100      1  0.0000000E+00  0.0000000E+00  0.0000000E+00  0.0000000E+00  0.0000000E+00  0.0000000E+00
      1100      2 -0.1026738E-02  0.2814861E-04  0.0000000E+00  0.0000000E+00  0.4142442E-03  0.6959325E-07
      1100      3  0.5931893E-07  0.1391097E-06  0.1957027E-02  0.2427545E-03  0.4267485E-03  0.7176686E-07
      1100      4  0.3679051E-06 -0.8433738E-07  0.0000000E+00  0.0000000E+00 -0.2208136E+00  0.4991489E-04

      1200      0  0.0000000E+00  0.0000000E+00  0.0000000E+00  0.0000000E+00  0.0000000E+00  0.0000000E+00
      1200      1  0.0000000E+00  0.0000000E+00  0.0000000E+00  0.0000000E+00  0.0000000E+00  0.0000000E+00
      1200      2  0.3844441E-04  0.4393546E-03  0.0000000E+00  0.0000000E+00 -0.5753356E-03  0.1920500E-06
      1200      3  0.1046129E-06 -0.3823945E-07  0.6429204E-04 -0.1761535E-03 -0.5929609E-03  0.1973046E-06
      1200      4  0.5490726E-07 -0.1046328E-06  0.0000000E+00  0.0000000E+00  0.2354319E+00  0.4078863E-04

      1300      0  0.0000000E+00  0.0000000E+00  0.0000000E+00  0.0000000E+00  0.0000000E+00  0.0000000E+00
      1300      1  0.0000000E+00  0.0000000E+00  0.0000000E+00  0.0000000E+00  0.0000000E+00  0.0000000E+00
      1300      2  0.9948314E-03 -0.3974158E-03  0.0000000E+00  0.0000000E+00  0.2751795E-03  0.4308267E-06
      1300      3  0.7234232E-08 -0.1332807E-06 -0.1894704E-02 -0.4070352E-03  0.2833913E-03  0.4433043E-06
      1300      4 -0.4126886E-06  0.1486911E-06  0.0000000E+00  0.0000000E+00 -0.5302956E-01 -0.9804266E-04

      1400      0  0.0000000E+00  0.0000000E+00  0.0000000E+00  0.0000000E+00  0.0000000E+00  0.0000000E+00
      1400      1  0.0000000E+00  0.0000000E+00  0.0000000E+00  0.0000000E+00  0.0000000E+00  0.0000000E+00
      1400      2 -0.8733824E-03 -0.1055561E-03  0.0000000E+00  0.0000000E+00  0.2455767E-03  0.2240380E-07
      1400      3 -0.1316138E-07  0.1561243E-06 -0.1837770E-02 -0.2047334E-03  0.2535718E-03  0.2315331E-07
      1400      4  0.4230138E-06 -0.6263676E-07  0.0000000E+00  0.0000000E+00 -0.1741873E+00  0.7253031E-04

      1500      0  0.0000000E+00  0.0000000E+00  0.0000000E+00  0.0000000E+00  0.0000000E+00  0.0000000E+00
      1500      1  0.0000000E+00  0.0000000E+00  0.0000000E+00  0.0000000E+00  0.0000000E+00  0.0000000E+00
      1500      2 -0.2603376E-03  0.4859188E-03  0.0000000E+00  0.0000000E+00 -0.5695369E-03  0.2727621E-06
      1500      3  0.1163606E-06 -0.4074499E-07  0.1787596E-03  0.2159701E-03 -0.5870782E-03  0.2803333E-06
      1500      4  0.5712710E-07 -0.1084627E-06  0.0000000E+00  0.0000000E+00  0.2549543E+00  0.1326728E-04

      1600      0  0.0000000E+00  0.0000000E+00  0.0000000E+00  0.0000000E+00  0.0000000E+00  0.0000000E+00
      1600      1  0.0000000E+00  0.0000000E+00  0.0000000E+00  0.0000000E+00  0.0000000E+00  0.0000000E+00
      1600      2  0.1092400E-02 -0.3025488E-03  0.0000000E+00  0.0000000E+00  0.4369123E-03  0.3813542E-06
      1600      3  0.6801580E-07 -0.1419984E-06  0.2002724E-02  0.4063324E-03  0.4495241E-03  0.3924812E-06
      1600      4 -0.4211006E-06  0.1367979E-06  0.0000000E+00  0.0000000E+00 -0.1227446E+00 -0.8823774E-04

      1700      0  0.0000000E+00  0.0000000E+00  0.0000000E+00  0.0000000E+00  0.0000000E+00  0.0000000E+00
      1700      1  0.0000000E+00  0.0000000E+00  0.0000000E+00  0.0000000E+00  0.0000000E+00  0.0000000E+00
      1700      2 -0.6566289E-03 -0.2316467E-03  0.0000000E+00  0.0000000E+00  0.4617924E-04  0.9409740E-09
      1700      3 -0.8081239E-07  0.1630084E-06  0.1695506E-02  0.1641413E-03  0.4872485E-04  0.9910907E-09
      1700      4  0.4376617E-06 -0.3373532E-07  0.0000000E+00  0.0000000E+00 -0.1129613E+00  0.8921064E-04

      1800      0  0.0000000E+00  0.0000000E+00  0.0000000E+00  0.0000000E+00  0.0000000E+00  0.0000000E+00
      1800      1  0.0000000E+00  0.0000000E+00  0.0000000E+00  0.0000000E+00  0.0000000E+00  0.0000000E+00
      1800      2 -0.5403924E-03  0.4972185E-03  0.0000000E+00  0.0000000E+00 -0.4925487E-03  0.3479383E-06
      1800      3  0.1198842E-06 -0.4072163E-07 -0.4194057E-03 -0.2530718E-03 -0.5078833E-03  0.3576982E-06
      1800      4  0.4889304E-07 -0.1028638E-06  0.0000000E+00  0.0000000E+00  0.2533855E+00 -0.1529711E-04

      1900      0  0.0000000E+00  0.0000000E+00  0.0000000E+00  0.0000000E+00  0.0000000E+00  0.0000000E+00
      1900      1  0.0000000E+00  0.0000000E+00  0.0000000E+00  0.0000000E+00  0.0000000E+00  0.0000000E+00
      1900      2  0.1110625E-02 -0.1856905E-03  0.0000000E+00  0.0000000E+00  0.5440899E-03  0.3127849E-06
      1900      3  0.1292676E-06 -0.1426736E-06 -0.2085943E-02 -0.4005846E-03  0.5595272E-03  0.3219900E-06
      1900      4 -0.4029007E-06  0.1167885E-06  0.0000000E+00  0.0000000E+00 -0.1821095E+00 -0.7107211E-04

      2000      0  0.0000000E+00  0.0000000E+00  0.0000000E+00  0.0000000E+00  0.0000000E+00  0.0000000E+00
      2000      1  0.0000000E+00  0.0000000E+00  0.0000000E+00  0.0000000E+00  0.0000000E+00  0.0000000E+00
      2000      2 -0.3922576E-03 -0.3409815E-03  0.0000000E+00  0.0000000E+00 -0.1590639E-03  0.7884904E-08
      2000      3 -0.1392550E-06  0.1594947E-06 -0.1532038E-02 -0.1214949E-03 -0.1622126E-03  0.8047691E-08
      2000      4  0.4093807E-06 -0.1212696E-08  0.0000000E+00  0.0000000E+00 -0.4220466E-01  0.9844067E-04

      2100      0  0.0000000E+00  0.0000000E+00  0.0000000E+00  0.0000000E+00  0.0000000E+00  0.0000000E+00
      2100      1  0.0000000E+00  0.0000000E+00  0.0000000E+00  0.0000000E+00  0.0000000E+00  0.0000000E+00
      2100      2 -0.7813084E-03  0.4724270E-03  0.0000000E+00  0.0000000E+00 -0.3539740E-03  0.4081911E-06
      2100      3  0.1151876E-06 -0.3870305E-07  0.6546879E-03  0.2870076E-03 -0.3652645E-03  0.4197383E-06
      2100      4  0.3213268E-07 -0.8994458E-07  0.0000000E+00  0.0000000E+00  0.2308479E+00 -0.4265826E-04

      2200      0  0.0000000E+00  0.0000000E+00  0.0000000E+00  0.0000000E+00  0.0000000E+00  0.0000000E+00
      2200      1  0.0000000E+00  0.0000000E+00  0.0000000E+00  0.0000000E+00  0.0000000E+00  0.0000000E+00
      2200      2  0.1048254E-02 -0.5538279E-04  0.0000000E+00  0.0000000E+00  0.5833259E-03  0.2336812E-06
      2200      3  0.1867560E-06 -0.1349033E-06  0.2143288E-02  0.3898525E-03  0.5996630E-03  0.2406331E-06
      2200      4 -0.3605416E-06  0.8908451E-07  0.0000000E+00  0.0000000E+00 -0.2262233E+00 -0.4809933E-04

      2300      0  0.0000000E+00  0.0000000E+00  0.0000000E+00  0.0000000E+00  0.0000000E+00  0.0000000E+00
      2300      1  0.0000000E+00  0.0000000E+00  0.0000000E+00  0.0000000E+00  0.0000000E+00  0.0000000E+00
      2300      2 -0.9948284E-04 -0.4256154E-03  0.0000000E+00  0.0000000E+00 -0.3445258E-03  0.4236850E-07
      2300      3 -0.1847951E-06  0.1459795E-06  0.1349458E-02  0.7733889E-04 -0.3528999E-03  0.4344191E-07
      2300      4  0.3416783E-06  0.3050473E-07  0.0000000E+00  0.0000000E+00  0.3212741E-01  0.9934381E-04

      2400      0  0.0000000E+00  0.0000000E+00  0.0000000E+00  0.0000000E+00  0.0000000E+00  0.0000000E+00
      2400      1  0.0000000E+00  0.0000000E+00  0.0000000E+00  0.0000000E+00  0.0000000E+00  0.0000000E+00
      2400      2 -0.9654753E-03  0.4133328E-03  0.0000000E+00  0.0000000E+00 -0.1711178E-03  0.4459965E-06
      2400      3  0.1030177E-06 -0.3535145E-07 -0.8817404E-03 -0.3173682E-03 -0.1770298E-03  0.4587065E-06
      2400      4  0.1138443E-07 -0.7225411E-07  0.0000000E+00  0.0000000E+00  0.1891259E+00 -0.6662096E-04

      2500      0  0.0000000E+00  0.0000000E+00  0.0000000E+00  0.0000000E+00  0.0000000E+00  0.0000000E+00
      2500      1  0.0000000E+00  0.0000000E+00  0.0000000E+00  0.0000000E+00  0.0000000E+00  0.0000000E+00
      2500      2  0.9098652E-03  0.7887250E-04  0.0000000E+00  0.0000000E+00  0.5497176E-03  0.1539211E-06
      2500      3  0.2363956E-06 -0.1188348E-06 -0.2173992E-02 -0.3742581E-03  0.5649183E-03  0.1585700E-06
      2500      4 -0.2965825E-06  0.5451874E-07  0.0000000E+00  0.0000000E+00 -0.2515217E+00 -0.2127954E-04

      2600      0  0.0000000E+00  0.0000000E+00  0.0000000E+00  0.0000000E+00  0.0000000E+00  0.0000000E+00
      2600      1  0.0000000E+00  0.0000000E+00  0.0000000E+00  0.0000000E+00  0.0000000E+00  0.0000000E+00
      2600      2  0.2004401E-03 -0.4793758E-03  0.0000000E+00  0.0000000E+00 -0.4870375E-03  0.1000857E-06
      2600      3 -0.2146669E-06  0.1234880E-06 -0.1150109E-02 -0.3223716E-04 -0.4995250E-03  0.1027539E-06
      2600      4  0.2433619E-06  0.5726183E-07  0.0000000E+00  0.0000000E+00  0.1037370E+00  0.9183267E-04

      2700      0  0.0000000E+00  0.0000000E+00  0.0000000E+00  0.0000000E+00  0.0000000E+00  0.0000000E+00
      2700      1  0.0000000E+00  0.0000000E+00  0.0000000E+00  0.0000000E+00  0.0000000E+00  0.0000000E+00
      2700      2 -0.1079401E-02  0.3242143E-03  0.0000000E+00  0.0000000E+00  0.3317237E-04  0.4566334E-06
      2700      3  0.8479104E-07 -0.3137975E-07  0.1097813E-02  0.3437883E-03  0.3331607E-04  0.4697366E-06
      2700      4 -0.7423128E-08 -0.5223291E-07  0.0000000E+00  0.0000000E+00  0.1315809E+00 -0.8516587E-04

      2800      0  0.0000000E+00  0.0000000E+00  0.0000000E+00  0.0000000E+00  0.0000000E+00  0.0000000E+00
      2800      1  0.0000000E+00  0.0000000E+00  0.0000000E+00  0.0000000E+00  0.0000000E+00  0.0000000E+00
      2800      2  0.7055159E-03  0.2073146E-03  0.0000000E+00  0.0000000E+00  0.4474628E-03  0.8346458E-07
      2800      3  0.2745455E-06 -0.9517664E-07  0.2177610E-02  0.3539856E-03  0.4596305E-03  0.8604817E-07
      2800      4 -0.2134829E-06  0.1459694E-07  0.0000000E+00  0.0000000E+00 -0.2559980E+00  0.7217018E-05

      2900      0  0.0000000E+00  0.0000000E+00  0.0000000E+00  0.0000000E+00  0.0000000E+00  0.0000000E+00
      2900      1  0.0000000E+00  0.0000000E+00  0.0000000E+00  0.0000000E+00  0.0000000E+00  0.0000000E+00
      2900      2  0.4857498E-03 -0.4983173E-03  0.0000000E+00  0.0000000E+00 -0.5687851E-03  0.1738292E-06
      2900      3 -0.2272097E-06  0.9359719E-07  0.9365438E-03 -0.1323774E-04 -0.5837776E-03  0.1785771E-06
      2900      4  0.1263627E-06  0.7621235E-07  0.0000000E+00  0.0000000E+00  0.1665876E+00  0.7662517E-04

      3000      0  0.0000000E+00  0.0000000E+00  0.0000000E+00  0.0000000E+00  0.0000000E+00  0.0000000E+00
      3000      1  0.0000000E+00  0.0000000E+00  0.0000000E+00  0.0000000E+00  0.0000000E+00  0.0000000E+00
      3000      2 -0.1114726E-02  0.2115332E-03  0.0000000E+00  0.0000000E+00  0.2333613E-03  0.4387735E-06
      3000      3  0.6246179E-07 -0.2747171E-07 -0.1300288E-02 -0.3659487E-03  0.2395070E-03  0.4514513E-06
      3000      4 -0.1854627E-07 -0.3182569E-07  0.0000000E+00  0.0000000E+00  0.6295013E-01 -0.9663461E-04

      3100      0  0.0000000E+00  0.0000000E+00  0.0000000E+00  0.0000000E+00  0.0000000E+00  0.0000000E+00
      3100      1  0.0000000E+00  0.0000000E+00  0.0000000E+00  0.0000000E+00  0.0000000E+00  0.0000000E+00
      3100      2  0.4500077E-03  0.3206347E-03  0.0000000E+00  0.0000000E+00  0.2893386E-03  0.3110996E-07
      3100      3  0.2982785E-06 -0.6516881E-07 -0.2154043E-02 -0.3292817E-03  0.2969459E-03  0.3212377E-07
      3100      4 -0.1141242E-06 -0.2822001E-07  0.0000000E+00  0.0000000E+00 -0.2393010E+00  0.3514676E-04

      3200      0  0.0000000E+00  0.0000000E+00  0.0000000E+00  0.0000000E+00  0.0000000E+00  0.0000000E+00
      3200      1  0.0000000E+00  0.0000000E+00  0.0000000E+00  0.0000000E+00  0.0000000E+00  0.0000000E+00
      3200      2  0.7357486E-03 -0.4810204E-03  0.0000000E+00  0.0000000E+00 -0.5795394E-03  0.2543904E-06
      3200      3 -0.2219659E-06  0.5832275E-07 -0.7114741E-03  0.5851369E-04 -0.5951361E-03  0.2614432E-06
      3200      4  0.2972562E-08  0.8633567E-07  0.0000000E+00  0.0000000E+00  0.2154620E+00  0.5511819E-04

      3300      0  0.0000000E+00  0.0000000E+00  0.0000000E+00  0.0000000E+00  0.0000000E+00  0.0000000E+00
      3300      1  0.0000000E+00  0.0000000E+00  0.0000000E+00  0.0000000E+00  0.0000000E+00  0.0000000E+00
      3300      2 -0.1068864E-02  0.8346675E-04  0.0000000E+00  0.0000000E+00  0.4044185E-03  0.3946468E-06
      3300      3  0.3834158E-07 -0.2420849E-07  0.1486703E-02  0.3835783E-03  0.4157957E-03  0.4061339E-06
      3300      4 -0.1799412E-07 -0.1227393E-07  0.0000000E+00  0.0000000E+00 -0.1101102E-01 -0.9994891E-04

      3400      0  0.0000000E+00  0.0000000E+00  0.0000000E+00  0.0000000E+00  0.0000000E+00  0.0000000E+00
      3400      1  0.0000000E+00  0.0000000E+00  0.0000000E+00  0.0000000E+00  0.0000000E+00  0.0000000E+00
      3400      2  0.1618222E-03  0.4106448E-03  0.0000000E+00  0.0000000E+00  0.9510620E-04  0.3395118E-08
      3400      3  0.3056019E-06 -0.3051457E-07  0.2103551E-02  0.3004537E-03  0.9717830E-04  0.3530548E-08
      3400      4 -0.2873511E-08 -0.7037636E-07  0.0000000E+00  0.0000000E+00 -0.2027498E+00  0.6028970E-04

      3500      0  0.0000000E+00  0.0000000E+00  0.0000000E+00  0.0000000E+00  0.0000000E+00  0.0000000E+00
      3500      1  0.0000000E+00  0.0000000E+00  0.0000000E+00  0.0000000E+00  0.0000000E+00  0.0000000E+00
      3500      2  0.9322974E-03 -0.4287088E-03  0.0000000E+00  0.0000000E+00 -0.5179385E-03  0.3317092E-06
      3500      3 -0.1996926E-06  0.1997743E-07  0.4777290E-03 -0.1030274E-03 -0.5321810E-03  0.3410043E-06
      3500      4 -0.1163562E-06  0.8827752E-07  0.0000000E+00  0.0000000E+00  0.2463865E+00  0.2917800E-04

      3600      0  0.0000000E+00  0.0000000E+00  0.0000000E+00  0.0000000E+00  0.0000000E+00  0.0000000E+00
      3600      1  0.0000000E+00  0.0000000E+00  0.0000000E+00  0.0000000E+00  0.0000000E+00  0.0000000E+00
      3600      2 -0.9451863E-03 -0.5068599E-04  0.0000000E+00  0.0000000E+00  0.5249496E-03  0.3297633E-06
      3600      3  0.1488905E-07 -0.2200946E-07 -0.1654765E-02 -0.3964565E-03  0.5401683E-03  0.3394434E-06
      3600      4 -0.4677384E-08  0.5904082E-08  0.0000000E+00  0.0000000E+00 -0.8403846E-01 -0.9478874E-04

      3700      0  0.0000000E+00  0.0000000E+00  0.0000000E+00  0.0000000E+00  0.0000000E+00  0.0000000E+00
      3700      1  0.0000000E+00  0.0000000E+00  0.0000000E+00  0.0000000E+00  0.0000000E+00  0.0000000E+00
      3700      2 -0.1381971E-03  0.4708568E-03  0.0000000E+00  0.0000000E+00 -0.1109599E-03  0.3781072E-08
      3700      3  0.2956142E-06  0.6722782E-08 -0.2026756E-02 -0.2678663E-03 -0.1147276E-03  0.3839072E-08
      3700      4  0.1133448E-06 -0.1074249E-06  0.0000000E+00  0.0000000E+00 -0.1492738E+00  0.8056079E-04

      3800      0  0.0000000E+00  0.0000000E+00  0.0000000E+00  0.0000000E+00  0.0000000E+00  0.0000000E+00
      3800      1  0.0000000E+00  0.0000000E+00  0.0000000E+00  0.0000000E+00  0.0000000E+00  0.0000000E+00
      3800      2  0.1061130E-02 -0.3451724E-03  0.0000000E+00  0.0000000E+00 -0.3916619E-03  0.3961307E-06
      3800      3 -0.1622865E-06 -0.1898742E-07 -0.2382115E-03  0.1462312E-03 -0.4027727E-03  0.4073252E-06
      3800      4 -0.2239474E-06  0.8370153E-07  0.0000000E+00  0.0000000E+00  0.2568956E+00  0.9313829E-06

      3900      0  0.0000000E+00  0.0000000E+00  0.0000000E+00  0.0000000E+00  0.0000000E+00  0.0000000E+00
      3900      1  0.0000000E+00  0.0000000E+00  0.0000000E+00  0.0000000E+00  0.0000000E+00  0.0000000E+00
      3900      2 -0.7527694E-03 -0.1811812E-03  0.0000000E+00  0.0000000E+00  0.5798741E-03  0.2522254E-06
      3900      3 -0.5511693E-08 -0.2109299E-07  0.1802379E-02  0.4044166E-03  0.5970938E-03  0.2597078E-06
      3900      4  0.1921056E-07  0.2274297E-07  0.0000000E+00  0.0000000E+00 -0.1499582E+00 -0.8165067E-04

      4000      0  0.0000000E+00  0.0000000E+00  0.0000000E+00  0.0000000E+00  0.0000000E+00  0.0000000E+00
      4000      1  0.0000000E+00  0.0000000E+00  0.0000000E+00  0.0000000E+00  0.0000000E+00  0.0000000E+00
      4000      2 -0.4283283E-03  0.4969382E-03  0.0000000E+00  0.0000000E+00 -0.3031074E-03  0.3221977E-07
      4000      3  0.2685863E-06  0.4424998E-07  0.1924641E-02  0.2319358E-03 -0.3123113E-03  0.3301080E-07
      4000      4  0.2246875E-06 -0.1346945E-06  0.0000000E+00  0.0000000E+00 -0.8324833E-01  0.9417769E-04

      4100      0  0.0000000E+00  0.0000000E+00  0.0000000E+00  0.0000000E+00  0.0000000E+00  0.0000000E+00
      4100      1  0.0000000E+00  0.0000000E+00  0.0000000E+00  0.0000000E+00  0.0000000E+00  0.0000000E+00
      4100      2  0.1112892E-02 -0.2364961E-03  0.0000000E+00  0.0000000E+00 -0.2164732E-03  0.4396101E-06
      4100      3 -0.1126296E-06 -0.5614606E-07 -0.4136650E-05 -0.1875989E-03 -0.2230696E-03  0.4521243E-06
      4100      4 -0.3146092E-06  0.7450648E-07  0.0000000E+00  0.0000000E+00  0.2461606E+00 -0.2738835E-04

      4200      0  0.0000000E+00  0.0000000E+00  0.0000000E+00  0.0000000E+00  0.0000000E+00  0.0000000E+00
      4200      1  0.0000000E+00  0.0000000E+00  0.0000000E+00  0.0000000E+00  0.0000000E+00  0.0000000E+00
      4200      2 -0.5057006E-03 -0.2985393E-03  0.0000000E+00  0.0000000E+00  0.5623131E-03  0.1717154E-06
      4200      3 -0.2076291E-07 -0.2146026E-07 -0.1927673E-02 -0.4073491E-03  0.5794633E-03  0.1768840E-06
      4200      4  0.4869950E-07  0.3849790E-07  0.0000000E+00  0.0000000E+00 -0.2032684E+00 -0.6175841E-04

      4300      0  0.0000000E+00  0.0000000E+00  0.0000000E+00  0.0000000E+00  0.0000000E+00  0.0000000E+00
      4300      1  0.0000000E+00  0.0000000E+00  0.0000000E+00  0.0000000E+00  0.0000000E+00  0.0000000E+00
      4300      2 -0.6875233E-03  0.4870133E-03  0.0000000E+00  0.0000000E+00 -0.4573278E-03  0.8516005E-07
      4300      3  0.2259616E-06  0.7969186E-07 -0.1798528E-02 -0.1931227E-03 -0.4709004E-03  0.8740292E-07
      4300      4  0.3193070E-06 -0.1483251E-06  0.0000000E+00  0.0000000E+00 -0.1018382E-01  0.9987620E-04

      4400      0  0.0000000E+00  0.0000000E+00  0.0000000E+00  0.0000000E+00  0.0000000E+00  0.0000000E+00
      4400      1  0.0000000E+00  0.0000000E+00  0.0000000E+00  0.0000000E+00  0.0000000E+00  0.0000000E+00
      4400      2  0.1083819E-02 -0.1106135E-03  0.0000000E+00  0.0000000E+00 -0.1425027E-04  0.4567180E-06
      4400      3 -0.5436579E-07 -0.8925624E-07  0.2463639E-03  0.2266293E-03 -0.1551064E-04  0.4698072E-06
      4400      4 -0.3846818E-06  0.6221550E-07  0.0000000E+00  0.0000000E+00  0.2150262E+00 -0.5354476E-04

      4500      0  0.0000000E+00  0.0000000E+00  0.0000000E+00  0.0000000E+00  0.0000000E+00  0.0000000E+00
      4500      1  0.0000000E+00  0.0000000E+00  0.0000000E+00  0.0000000E+00  0.0000000E+00  0.0000000E+00
      4500      2 -0.2220199E-03 -0.3942338E-03  0.0000000E+00  0.0000000E+00  0.4744519E-03  0.9828686E-07
      4500      3 -0.2923729E-07 -0.2290236E-07  0.2029031E-02  0.4052062E-03  0.4894777E-03  0.1013146E-06
      4500      4  0.7726504E-07  0.5322870E-07  0.0000000E+00  0.0000000E+00 -0.2396085E+00 -0.3686809E-04

      4600      0  0.0000000E+00  0.0000000E+00  0.0000000E+00  0.0000000E+00  0.0000000E+00  0.0000000E+00
      4600      1  0.0000000E+00  0.0000000E+00  0.0000000E+00  0.0000000E+00  0.0000000E+00  0.0000000E+00
      4600      2 -0.8969236E-03  0.4417947E-03  0.0000000E+00  0.0000000E+00 -0.5543587E-03  0.1559911E-06
      4600      3  0.1702752E-06  0.1107470E-06  0.1650052E-02  0.1519236E-03 -0.5706920E-03  0.1602232E-06
      4600      4  0.3855468E-06 -0.1463090E-06  0.0000000E+00  0.0000000E+00  0.6374397E-01  0.9710880E-04

      4700      0  0.0000000E+00  0.0000000E+00  0.0000000E+00  0.0000000E+00  0.0000000E+00  0.0000000E+00
      4700      1  0.0000000E+00  0.0000000E+00  0.0000000E+00  0.0000000E+00  0.0000000E+00  0.0000000E+00
      4700      2  0.9760234E-03  0.2328162E-04  0.0000000E+00  0.0000000E+00  0.1897510E-03  0.4453180E-06
      4700      3  0.8370576E-08 -0.1163996E-06 -0.4855331E-03 -0.2628502E-03  0.1939867E-03  0.4581658E-06
      4700      4 -0.4311165E-06  0.4768722E-07  0.0000000E+00  0.0000000E+00  0.1659737E+00 -0.7539988E-04

      4800      0  0.0000000E+00  0.0000000E+00  0.0000000E+00  0.0000000E+00  0.0000000E+00  0.0000000E+00
      4800      1  0.0000000E+00  0.0000000E+00  0.0000000E+00  0.0000000E+00  0.0000000E+00  0.0000000E+00
      4800      2  0.7761979E-04 -0.4613098E-03  0.0000000E+00  0.0000000E+00  0.3272668E-03  0.4110920E-07
      4800      3 -0.2991940E-07 -0.2502845E-07 -0.2105126E-02 -0.3980041E-03  0.3383729E-03  0.4243621E-07
      4800      4  0.9841341E-07  0.6642248E-07  0.0000000E+00  0.0000000E+00 -0.2560676E+00 -0.9051390E-05

      4900      0  0.0000000E+00  0.0000000E+00  0.0000000E+00  0.0000000E+00  0.0000000E+00  0.0000000E+00
      4900      1  0.0000000E+00  0.0000000E+00  0.0000000E+00  0.0000000E+00  0.0000000E+00  0.0000000E+00
      4900      2 -0.1041237E-02  0.3645355E-03  0.0000000E+00  0.0000000E+00 -0.5820917E-03  0.2358677E-06
      4900      3  0.1049977E-06  0.1353408E-06 -0.1481127E-02 -0.1088620E-03 -0.5992248E-03  0.2423784E-06
      4900      4  0.4146869E-06 -0.1290737E-06  0.0000000E+00  0.0000000E+00  0.1322761E+00  0.8614281E-04

      5000      0  0.0000000E+00  0.0000000E+00  0.0000000E+00  0.0000000E+00  0.0000000E+00  0.0000000E+00
      5000      1  0.0000000E+00  0.0000000E+00  0.0000000E+00  0.0000000E+00  0.0000000E+00  0.0000000E+00
      5000      2  0.7973317E-03  0.1554197E-03  0.0000000E+00  0.0000000E+00  0.3700550E-03  0.4068338E-06
      5000      3  0.7125540E-07 -0.1360959E-06  0.7187425E-03  0.2958215E-03  0.3792630E-03  0.4186539E-06
      5000      4 -0.4510794E-06  0.3115300E-07  0.0000000E+00  0.0000000E+00  0.1029918E+00 -0.9106422E-04

      5100      0  0.0000000E+00  0.0000000E+00  0.0000000E+00  0.0000000E+00  0.0000000E+00  0.0000000E+00
      5100      1  0.0000000E+00  0.0000000E+00  0.0000000E+00  0.0000000E+00  0.0000000E+00  0.0000000E+00
      5100      2  0.3714644E-03 -0.4948883E-03  0.0000000E+00  0.0000000E+00  0.1391524E-03  0.7322438E-08
      5100      3 -0.2249455E-07 -0.2731081E-07  0.2154954E-02  0.3858264E-03  0.1450168E-03  0.7601258E-08
      5100      4  0.1072548E-06  0.7679348E-07  0.0000000E+00  0.0000000E+00 -0.2513474E+00  0.1947640E-04

      5200      0  0.0000000E+00  0.0000000E+00  0.0000000E+00  0.0000000E+00  0.0000000E+00  0.0000000E+00
      5200      1  0.0000000E+00  0.0000000E+00  0.0000000E+00  0.0000000E+00  0.0000000E+00  0.0000000E+00
      5200      2 -0.1109874E-02  0.2608039E-03  0.0000000E+00  0.0000000E+00 -0.5370843E-03  0.3148155E-06
      5200      3  0.3431258E-07  0.1517658E-06  0.1293908E-02  0.6447922E-04 -0.5529360E-03  0.3236092E-06
      5200      4  0.4030894E-06 -0.9931698E-07  0.0000000E+00  0.0000000E+00  0.1896678E+00  0.6801157E-04

      5300      0  0.0000000E+00  0.0000000E+00  0.0000000E+00  0.0000000E+00  0.0000000E+00  0.0000000E+00
      5300      1  0.0000000E+00  0.0000000E+00  0.0000000E+00  0.0000000E+00  0.0000000E+00  0.0000000E+00
      5300      2  0.5607208E-03  0.2761800E-03  0.0000000E+00  0.0000000E+00  0.5041513E-03  0.3460711E-06
      5300      3  0.1300799E-06 -0.1473836E-06 -0.9431474E-03 -0.3251382E-03  0.5171830E-03  0.3562054E-06
      5300      4 -0.4422094E-06  0.1249382E-07  0.0000000E+00  0.0000000E+00  0.3131071E-01 -0.9910333E-04

      5400      0  0.0000000E+00  0.0000000E+00  0.0000000E+00  0.0000000E+00  0.0000000E+00  0.0000000E+00
      5400      1  0.0000000E+00  0.0000000E+00  0.0000000E+00  0.0000000E+00  0.0000000E+00  0.0000000E+00
      5400      2  0.6382321E-03 -0.4925201E-03  0.0000000E+00  0.0000000E+00 -0.6638035E-04  0.1145680E-08
      5400      3 -0.7380099E-08 -0.2914218E-07 -0.2177854E-02 -0.3688235E-03 -0.6644642E-04  0.1159749E-08
      5400      4  0.1017446E-06  0.8238111E-07  0.0000000E+00  0.0000000E+00 -0.2258202E+00  0.4647048E-04

      5500      0  0.0000000E+00  0.0000000E+00  0.0000000E+00  0.0000000E+00  0.0000000E+00  0.0000000E+00
      5500      1  0.0000000E+00  0.0000000E+00  0.0000000E+00  0.0000000E+00  0.0000000E+00  0.0000000E+00
      5500      2 -0.1097748E-02  0.1380934E-03  0.0000000E+00  0.0000000E+00 -0.4249862E-03  0.3829756E-06
      5500      3 -0.3715847E-07  0.1588001E-06 -0.1090749E-02 -0.1932710E-04 -0.4376055E-03  0.3937721E-06
      5500      4  0.3528772E-06 -0.6119349E-07  0.0000000E+00  0.0000000E+00  0.2311961E+00  0.4434211E-04

      5600      0  0.0000000E+00  0.0000000E+00  0.0000000E+00  0.0000000E+00  0.0000000E+00  0.0000000E+00
      5600      1  0.0000000E+00  0.0000000E+00  0.0000000E+00  0.0000000E+00  0.0000000E+00  0.0000000E+00
      5600      2  0.2833691E-03  0.3767975E-03  0.0000000E+00  0.0000000E+00  0.5753075E-03  0.2706177E-06
      5600      3  0.1810387E-06 -0.1498644E-06  0.1155984E-02  0.3504350E-03  0.5905251E-03  0.2786186E-06
      5600      4 -0.4033120E-06 -0.8370930E-08  0.0000000E+00  0.0000000E+00 -0.4302456E-01 -0.9874999E-04

      5700      0  0.0000000E+00  0.0000000E+00  0.0000000E+00  0.0000000E+00  0.0000000E+00  0.0000000E+00
      5700      1  0.0000000E+00  0.0000000E+00  0.0000000E+00  0.0000000E+00  0.0000000E+00  0.0000000E+00
      5700      2  0.8586355E-03 -0.4543652E-03  0.0000000E+00  0.0000000E+00 -0.2636453E-03  0.2335025E-07
      5700      3  0.1430172E-07 -0.2990001E-07  0.2173530E-02  0.3472119E-03 -0.2696120E-03  0.2391606E-07
      5700      4  0.8329039E-07  0.8100557E-07  0.0000000E+00  0.0000000E+00 -0.1815127E+00  0.6975268E-04

      5800      0  0.0000000E+00  0.0000000E+00  0.0000000E+00  0.0000000E+00  0.0000000E+00  0.0000000E+00
      5800      1  0.0000000E+00  0.0000000E+00  0.0000000E+00  0.0000000E+00  0.0000000E+00  0.0000000E+00
      5800      2 -0.1005681E-02  0.5291224E-05  0.0000000E+00  0.0000000E+00 -0.2598294E-03  0.4318365E-06
      5800      3 -0.1046639E-06  0.1557970E-06  0.8741716E-03 -0.2603940E-04 -0.2676345E-03  0.4441056E-06
      5800      4  0.2710690E-06 -0.1925206E-07  0.0000000E+00  0.0000000E+00  0.2535148E+00  0.1713621E-04

      5900      0  0.0000000E+00  0.0000000E+00  0.0000000E+00  0.0000000E+00  0.0000000E+00  0.0000000E+00
      5900      1  0.0000000E+00  0.0000000E+00  0.0000000E+00  0.0000000E+00  0.0000000E+00  0.0000000E+00
      5900      2 -0.1459353E-04  0.4499986E-03  0.0000000E+00  0.0000000E+00  0.5746568E-03  0.1898959E-06
      5900      3  0.2209803E-06 -0.1437091E-06 -0.1354599E-02 -0.3713908E-03  0.5901314E-03  0.1955821E-06
      5900      4 -0.3350851E-06 -0.3111229E-07  0.0000000E+00  0.0000000E+00 -0.1137138E+00 -0.9003840E-04

      6000      0  0.0000000E+00  0.0000000E+00  0.0000000E+00  0.0000000E+00  0.0000000E+00  0.0000000E+00
      6000      1  0.0000000E+00  0.0000000E+00  0.0000000E+00  0.0000000E+00  0.0000000E+00  0.0000000E+00
      6000      2  0.1016752E-02 -0.3831844E-03  0.0000000E+00  0.0000000E+00 -0.4279938E-03  0.7116337E-07
      6000      3  0.4080645E-07 -0.2901292E-07 -0.2142054E-02 -0.3212702E-03 -0.4391110E-03  0.7302849E-07
      6000      4  0.5643978E-07  0.7101780E-07  0.0000000E+00  0.0000000E+00 -0.1220065E+00  0.8734438E-04

      6100      0  0.0000000E+00  0.0000000E+00  0.0000000E+00  0.0000000E+00  0.0000000E+00  0.0000000E+00
      6100      1  0.0000000E+00  0.0000000E+00  0.0000000E+00  0.0000000E+00  0.0000000E+00  0.0000000E+00
      6100      2 -0.8403660E-03 -0.1279604E-03  0.0000000E+00  0.0000000E+00 -0.6226960E-04  0.4552966E-06
      6100      3 -0.1636456E-06  0.1427384E-06 -0.6468321E-03  0.7106747E-04 -0.6424730E-04  0.4683242E-06
      6100      4  0.1677947E-06  0.2243960E-07  0.0000000E+00  0.0000000E+00  0.2548558E+00 -0.1141818E-04

      6200      0  0.0000000E+00  0.0000000E+00  0.0000000E+00  0.0000000E+00  0.0000000E+00  0.0000000E+00
      6200      1  0.0000000E+00  0.0000000E+00  0.0000000E+00  0.0000000E+00  0.0000000E+00  0.0000000E+00
      6200      2 -0.3115464E-03  0.4905187E-03  0.0000000E+00  0.0000000E+00  0.5023011E-03  0.1139859E-06
      6200      3  0.2476051E-06 -0.1296268E-06  0.1536485E-02  0.3877345E-03  0.5160514E-03  0.1174650E-06
      6200      4 -0.2405493E-06 -0.5473745E-07  0.0000000E+00  0.0000000E+00 -0.1748067E+00 -0.7379787E-04

      6300      0  0.0000000E+00  0.0000000E+00  0.0000000E+00  0.0000000E+00  0.0000000E+00  0.0000000E+00
      6300      1  0.0000000E+00  0.0000000E+00  0.0000000E+00  0.0000000E+00  0.0000000E+00  0.0000000E+00
      6300      2  0.1101152E-02 -0.2841433E-03  0.0000000E+00  0.0000000E+00 -0.5388945E-03  0.1386144E-06
      6300      3  0.6989968E-07 -0.2602470E-07  0.2083863E-02  0.2913337E-03 -0.5537786E-03  0.1423642E-06
      6300      4  0.2752829E-07  0.5210979E-07  0.0000000E+00  0.0000000E+00 -0.5221472E-01  0.9765955E-04

      6400      0  0.0000000E+00  0.0000000E+00  0.0000000E+00  0.0000000E+00  0.0000000E+00  0.0000000E+00
      6400      1  0.0000000E+00  0.0000000E+00  0.0000000E+00  0.0000000E+00  0.0000000E+00  0.0000000E+00
      6400      2 -0.6138760E-03 -0.2519649E-03  0.0000000E+00  0.0000000E+00  0.1429986E-03  0.4504264E-06
      6400      3 -0.2100534E-06  0.1202490E-06  0.4114951E-03 -0.1152111E-03  0.1471594E-03  0.4634037E-06
      6400      4  0.5439124E-07  0.6075251E-07  0.0000000E+00  0.0000000E+00  0.2351125E+00 -0.3907520E-04

      6500      0  0.0000000E+00  0.0000000E+00  0.0000000E+00  0.0000000E+00  0.0000000E+00  0.0000000E+00
      6500      1  0.0000000E+00  0.0000000E+00  0.0000000E+00  0.0000000E+00  0.0000000E+00  0.0000000E+00
      6500      2 -0.5859428E-03  0.4954674E-03  0.0000000E+00  0.0000000E+00  0.3672932E-03  0.5236706E-07
      6500      3  0.2595984E-06 -0.1088016E-06 -0.1699319E-02 -0.3992508E-03  0.3775360E-03  0.5402223E-07
      6500      4 -0.1251128E-06 -0.7750270E-07  0.0000000E+00  0.0000000E+00 -0.2212456E+00 -0.5150918E-04

      6600      0  0.0000000E+00  0.0000000E+00  0.0000000E+00  0.0000000E+00  0.0000000E+00  0.0000000E+00
      6600      1  0.0000000E+00  0.0000000E+00  0.0000000E+00  0.0000000E+00  0.0000000E+00  0.0000000E+00
      6600      2  0.1105713E-02 -0.1644405E-03  0.0000000E+00  0.0000000E+00 -0.5824980E-03  0.2172804E-06
      6600      3  0.9903054E-07 -0.2065145E-07 -0.1999743E-02 -0.2577876E-03 -0.5992972E-03  0.2232648E-06
      6600      4  0.2593265E-08  0.2582122E-07  0.0000000E+00  0.0000000E+00  0.2199901E-01  0.9972316E-04

      6700      0  0.0000000E+00  0.0000000E+00  0.0000000E+00  0.0000000E+00  0.0000000E+00  0.0000000E+00
      6700      1  0.0000000E+00  0.0000000E+00  0.0000000E+00  0.0000000E+00  0.0000000E+00  0.0000000E+00
      6700      2 -0.3427711E-03 -0.3576835E-03  0.0000000E+00  0.0000000E+00  0.3303296E-03  0.4178340E-06
      6700      3 -0.2406306E-06  0.8956825E-07 -0.1710125E-03  0.1579349E-03  0.3401877E-03  0.4299586E-06
      6700      4 -0.5812783E-07  0.9355245E-07  0.0000000E+00  0.0000000E+00  0.1958453E+00 -0.6362648E-04

      6800      0  0.0000000E+00  0.0000000E+00  0.0000000E+00  0.0000000E+00  0.0000000E+00  0.0000000E+00
      6800      1  0.0000000E+00  0.0000000E+00  0.0000000E+00  0.0000000E+00  0.0000000E+00  0.0000000E+00
      6800      2 -0.8178655E-03  0.4645217E-03  0.0000000E+00  0.0000000E+00  0.1865010E-03  0.1273392E-07
      6800      3  0.2566930E-06 -0.8279960E-07  0.1841005E-02  0.4057854E-03  0.1918819E-03  0.1317606E-07
      6800      4  0.3577412E-08 -0.9700679E-07  0.0000000E+00  0.0000000E+00 -0.2492674E+00 -0.2508968E-04

      6900      0  0.0000000E+00  0.0000000E+00  0.0000000E+00  0.0000000E+00  0.0000000E+00  0.0000000E+00
      6900      1  0.0000000E+00  0.0000000E+00  0.0000000E+00  0.0000000E+00  0.0000000E+00  0.0000000E+00
      6900      2  0.1030065E-02 -0.3278595E-04  0.0000000E+00  0.0000000E+00 -0.5533623E-03  0.2973380E-06
      6900      3  0.1255351E-06 -0.1282725E-07  0.1890802E-02  0.2210594E-03 -0.5699835E-03  0.3056280E-06
      6900      4 -0.1465476E-07 -0.4573234E-08  0.0000000E+00  0.0000000E+00  0.9434815E-01  0.9333570E-04

      7000      0  0.0000000E+00  0.0000000E+00  0.0000000E+00  0.0000000E+00  0.0000000E+00  0.0000000E+00
      7000      1  0.0000000E+00  0.0000000E+00  0.0000000E+00  0.0000000E+00  0.0000000E+00  0.0000000E+00
      7000      2 -0.4685815E-04 -0.4374023E-03  0.0000000E+00  0.0000000E+00  0.4763304E-03  0.3615894E-06
      7000      3 -0.2531475E-06  0.5248168E-07 -0.7169692E-04 -0.1987182E-03  0.4907344E-03  0.3721652E-06
      7000      4 -0.1601459E-06  0.1195167E-06  0.0000000E+00  0.0000000E+00  0.1402091E+00 -0.8301913E-04

      7100      0  0.0000000E+00  0.0000000E+00  0.0000000E+00  0.0000000E+00  0.0000000E+00  0.0000000E+00
      7100      1  0.0000000E+00  0.0000000E+00  0.0000000E+00  0.0000000E+00  0.0000000E+00  0.0000000E+00
      7100      2 -0.9904644E-03  0.3999370E-03  0.0000000E+00  0.0000000E+00 -0.1750239E-04  0.3558134E-10
      7100      3  0.2396583E-06 -0.5345485E-07 -0.1959714E-02 -0.4072495E-03 -0.1772779E-04  0.2718250E-10
      7100      4  0.1358440E-06 -0.1104677E-06  0.0000000E+00  0.0000000E+00 -0.2566445E+00  0.3309643E-05

      7200      0  0.0000000E+00  0.0000000E+00  0.0000000E+00  0.0000000E+00  0.0000000E+00  0.0000000E+00
      7200      1  0.0000000E+00  0.0000000E+00  0.0000000E+00  0.0000000E+00  0.0000000E+00  0.0000000E+00
      7200      2  0.8796356E-03  0.1012346E-03  0.0000000E+00  0.0000000E+00 -0.4551285E-03  0.3687901E-06
      7200      3  0.1468560E-06 -0.2734067E-08 -0.1758446E-02 -0.1816113E-03 -0.4694989E-03  0.3791687E-06
      7200      4 -0.2387483E-07 -0.3483422E-07  0.0000000E+00  0.0000000E+00  0.1587256E+00  0.7910979E-04

      7300      0  0.0000000E+00  0.0000000E+00  0.0000000E+00  0.0000000E+00  0.0000000E+00  0.0000000E+00
      7300      1  0.0000000E+00  0.0000000E+00  0.0000000E+00  0.0000000E+00  0.0000000E+00  0.0000000E+00
      7300      2  0.2522856E-03 -0.4853044E-03  0.0000000E+00  0.0000000E+00  0.5627807E-03  0.2887160E-06
      7300      3 -0.2465671E-06  0.1121428E-07  0.3136691E-03  0.2370592E-03  0.5800017E-03  0.2972405E-06
      7300      4 -0.2441942E-06  0.1378865E-06  0.0000000E+00  0.0000000E+00  0.7277057E-01 -0.9553269E-04

      7400      0  0.0000000E+00  0.0000000E+00  0.0000000E+00  0.0000000E+00  0.0000000E+00  0.0000000E+00
      7400      1  0.0000000E+00  0.0000000E+00  0.0000000E+00  0.0000000E+00  0.0000000E+00  0.0000000E+00
      7400      2 -0.1091176E-02  0.3063808E-03  0.0000000E+00  0.0000000E+00 -0.2192579E-03  0.1585762E-07
      7400      3  0.2102190E-06 -0.2273986E-07  0.2053924E-02  0.4036229E-03 -0.2251191E-03  0.1621755E-07
      7400      4  0.2603089E-06 -0.1151887E-06  0.0000000E+00  0.0000000E+00 -0.2427975E+00  0.3144912E-04

      7500      0  0.0000000E+00  0.0000000E+00  0.0000000E+00  0.0000000E+00  0.0000000E+00  0.0000000E+00
      7500      1  0.0000000E+00  0.0000000E+00  0.0000000E+00  0.0000000E+00  0.0000000E+00  0.0000000E+00
      7500      2  0.6652737E-03  0.2278623E-03  0.0000000E+00  0.0000000E+00 -0.3000615E-03  0.4227144E-06
      7500      3  0.1607622E-06  0.9188409E-08  0.1604349E-02  0.1399333E-03 -0.3103919E-03  0.4347036E-06
      7500      4 -0.2768069E-07 -0.6087333E-07  0.0000000E+00  0.0000000E+00  0.2097735E+00  0.5836099E-04

      7600      0  0.0000000E+00  0.0000000E+00  0.0000000E+00  0.0000000E+00  0.0000000E+00  0.0000000E+00
      7600      1  0.0000000E+00  0.0000000E+00  0.0000000E+00  0.0000000E+00  0.0000000E+00  0.0000000E+00
      7600      2  0.5329079E-03 -0.4978995E-03  0.0000000E+00  0.0000000E+00  0.5789041E-03  0.2083140E-06
      7600      3 -0.2211292E-06 -0.3170753E-07 -0.5519205E-03 -0.2724802E-03  0.5968436E-03  0.2145407E-06
      7600      4 -0.3054555E-06  0.1482619E-06  0.0000000E+00  0.0000000E+00 -0.8267495E-03 -0.9999735E-04

      7700      0  0.0000000E+00  0.0000000E+00  0.0000000E+00  0.0000000E+00  0.0000000E+00  0.0000000E+00
      7700      1  0.0000000E+00  0.0000000E+00  0.0000000E+00  0.0000000E+00  0.0000000E+00  0.0000000E+00
      7700      2 -0.1112640E-02  0.1906017E-03  0.0000000E+00  0.0000000E+00 -0.3935979E-03  0.5822410E-07
      7700      3  0.1709083E-06  0.7369712E-08 -0.2122443E-02 -0.3949541E-03 -0.4043950E-03  0.5972541E-07
      7700      4  0.3646299E-06 -0.1091880E-06  0.0000000E+00  0.0000000E+00 -0.2088190E+00  0.5709990E-04

      7800      0  0.0000000E+00  0.0000000E+00  0.0000000E+00  0.0000000E+00  0.0000000E+00  0.0000000E+00
      7800      1  0.0000000E+00  0.0000000E+00  0.0000000E+00  0.0000000E+00  0.0000000E+00  0.0000000E+00
      7800      2  0.4024914E-03  0.3378820E-03  0.0000000E+00  0.0000000E+00 -0.1075156E-03  0.4523772E-06
      7800      3  0.1655503E-06  0.2225594E-07 -0.1430422E-02 -0.9653702E-04 -0.1125311E-03  0.4652977E-06
      7800      4 -0.3006381E-07 -0.7973457E-07  0.0000000E+00  0.0000000E+00  0.2433295E+00  0.3290461E-04

      7900      0  0.0000000E+00  0.0000000E+00  0.0000000E+00  0.0000000E+00  0.0000000E+00  0.0000000E+00
      7900      1  0.0000000E+00  0.0000000E+00  0.0000000E+00  0.0000000E+00  0.0000000E+00  0.0000000E+00
      7900      2  0.7746696E-03 -0.4742788E-03  0.0000000E+00  0.0000000E+00  0.5227081E-03  0.1304234E-06
      7900      3 -0.1783455E-06 -0.7361675E-07  0.7834794E-03  0.3045342E-03  0.5391582E-03  0.1343928E-06
      7900      4 -0.3419262E-06  0.1504624E-06  0.0000000E+00  0.0000000E+00 -0.7435396E-01 -0.9598282E-04

      8000      0  0.0000000E+00  0.0000000E+00  0.0000000E+00  0.0000000E+00  0.0000000E+00  0.0000000E+00
      8000      1  0.0000000E+00  0.0000000E+00  0.0000000E+00  0.0000000E+00  0.0000000E+00  0.0000000E+00
      8000      2 -0.1053245E-02  0.6095434E-04  0.0000000E+00  0.0000000E+00 -0.5187847E-03  0.1218444E-06
      8000      3  0.1248678E-06  0.3502753E-07  0.2164431E-02  0.3813596E-03 -0.5331698E-03  0.1251177E-06
      8000      4  0.4369396E-06 -0.9187790E-07  0.0000000E+00  0.0000000E+00 -0.1574256E+00  0.7815006E-04

      8100      0  0.0000000E+00  0.0000000E+00  0.0000000E+00  0.0000000E+00  0.0000000E+00  0.0000000E+00
      8100      1  0.0000000E+00  0.0000000E+00  0.0000000E+00  0.0000000E+00  0.0000000E+00  0.0000000E+00
      8100      2  0.1103506E-03  0.4232989E-03  0.0000000E+00  0.0000000E+00  0.9848155E-04  0.4540745E-06
      8100      3  0.1602111E-06  0.3557743E-07  0.1238792E-02  0.5195056E-04  0.9937588E-04  0.4671306E-06
      8100      4 -0.3446600E-07 -0.9009243E-07  0.0000000E+00  0.0000000E+00  0.2567119E+00  0.4842395E-05

      8200      0  0.0000000E+00  0.0000000E+00  0.0000000E+00  0.0000000E+00  0.0000000E+00  0.0000000E+00
      8200      1  0.0000000E+00  0.0000000E+00  0.0000000E+00  0.0000000E+00  0.0000000E+00  0.0000000E+00
      8200      2  0.9601083E-03 -0.4161775E-03  0.0000000E+00  0.0000000E+00  0.4012282E-03  0.6477073E-07
      8200      3 -0.1209074E-06 -0.1118786E-06 -0.1005425E-02 -0.3328115E-03  0.4141501E-03  0.6680527E-07
      8200      4 -0.3540693E-06  0.1444345E-06  0.0000000E+00  0.0000000E+00 -0.1415889E+00 -0.8387633E-04

      8300      0  0.0000000E+00  0.0000000E+00  0.0000000E+00  0.0000000E+00  0.0000000E+00  0.0000000E+00
      8300      1  0.0000000E+00  0.0000000E+00  0.0000000E+00  0.0000000E+00  0.0000000E+00  0.0000000E+00
      8300      2 -0.9172625E-03 -0.7318908E-04  0.0000000E+00  0.0000000E+00 -0.5792191E-03  0.1987739E-06
      8300      3  0.7560580E-07  0.5863675E-07 -0.2179407E-02 -0.3630199E-03 -0.5953642E-03  0.2042287E-06
      8300      4  0.4679588E-06 -0.6455497E-07  0.0000000E+00  0.0000000E+00 -0.9280980E-01  0.9276385E-04

      8400      0  0.0000000E+00  0.0000000E+00  0.0000000E+00  0.0000000E+00  0.0000000E+00  0.0000000E+00
      8400      1  0.0000000E+00  0.0000000E+00  0.0000000E+00  0.0000000E+00  0.0000000E+00  0.0000000E+00
      8400      2 -0.1899169E-03  0.4779224E-03  0.0000000E+00  0.0000000E+00  0.2922269E-03  0.4275946E-06
      8400      3  0.1445424E-06  0.4811600E-07 -0.1031783E-02 -0.6714463E-05  0.2988677E-03  0.4399735E-06
      8400      4 -0.4229500E-07 -0.9220644E-07  0.0000000E+00  0.0000000E+00  0.2488648E+00 -0.2360004E-04

      8500      0  0.0000000E+00  0.0000000E+00  0.0000000E+00  0.0000000E+00  0.0000000E+00  0.0000000E+00
      8500      1  0.0000000E+00  0.0000000E+00  0.0000000E+00  0.0000000E+00  0.0000000E+00  0.0000000E+00
      8500      2  0.1075874E-02 -0.3278413E-03  0.0000000E+00  0.0000000E+00  0.2296453E-03  0.1955422E-07
      8500      3 -0.5250940E-07 -0.1440638E-06  0.1214932E-02  0.3569473E-03  0.2374303E-03  0.2021810E-07
      8500      4 -0.3439489E-06  0.1301999E-06  0.0000000E+00  0.0000000E+00 -0.1969071E+00 -0.6481223E-04

      8600      0  0.0000000E+00  0.0000000E+00  0.0000000E+00  0.0000000E+00  0.0000000E+00  0.0000000E+00
      8600      1  0.0000000E+00  0.0000000E+00  0.0000000E+00  0.0000000E+00  0.0000000E+00  0.0000000E+00
      8600      2 -0.7145545E-03 -0.2021047E-03  0.0000000E+00  0.0000000E+00 -0.5673826E-03  0.2794059E-06
      8600      3  0.2673275E-07  0.7694892E-07  0.2167241E-02  0.3401751E-03 -0.5832129E-03  0.2871794E-06
      8600      4  0.4532156E-06 -0.3041380E-07  0.0000000E+00  0.0000000E+00 -0.2035142E-01  0.9959333E-04

      8700      0  0.0000000E+00  0.0000000E+00  0.0000000E+00  0.0000000E+00  0.0000000E+00  0.0000000E+00
      8700      1  0.0000000E+00  0.0000000E+00  0.0000000E+00  0.0000000E+00  0.0000000E+00  0.0000000E+00
      8700      2 -0.4764606E-03  0.4978135E-03  0.0000000E+00  0.0000000E+00  0.4495463E-03  0.3762443E-06
      8700      3  0.1191984E-06  0.5876942E-07  0.8118966E-03 -0.3862233E-04  0.4610336E-03  0.3872176E-06
      8700      4 -0.5231178E-07 -0.8749819E-07  0.0000000E+00  0.0000000E+00  0.2204049E+00 -0.5018130E-04

      8800      0  0.0000000E+00  0.0000000E+00  0.0000000E+00  0.0000000E+00  0.0000000E+00  0.0000000E+00
      8800      1  0.0000000E+00  0.0000000E+00  0.0000000E+00  0.0000000E+00  0.0000000E+00  0.0000000E+00
      8800      2  0.1113659E-02 -0.2157096E-03  0.0000000E+00  0.0000000E+00  0.2938945E-04  0.4202147E-09
      8800      3  0.2239661E-07 -0.1681094E-06 -0.1409318E-02 -0.3766293E-03  0.3106734E-04  0.4488172E-09
      8800      4 -0.3141100E-06  0.1078809E-06  0.0000000E+00  0.0000000E+00 -0.2357703E+00 -0.4048714E-04

      8900      0  0.0000000E+00  0.0000000E+00  0.0000000E+00  0.0000000E+00  0.0000000E+00  0.0000000E+00
      8900      1  0.0000000E+00  0.0000000E+00  0.0000000E+00  0.0000000E+00  0.0000000E+00  0.0000000E+00
      8900      2 -0.4598655E-03 -0.3164169E-03  0.0000000E+00  0.0000000E+00 -0.4847715E-03  0.3536718E-06
      8900      3 -0.1830677E-07  0.8913429E-07 -0.2128145E-02 -0.3131193E-03 -0.4982348E-03  0.3636113E-06
      8900      4  0.3944158E-06  0.6069554E-08  0.0000000E+00  0.0000000E+00  0.5383196E-01  0.9798434E-04

      9000      0  0.0000000E+00  0.0000000E+00  0.0000000E+00  0.0000000E+00  0.0000000E+00  0.0000000E+00
      9000      1  0.0000000E+00  0.0000000E+00  0.0000000E+00  0.0000000E+00  0.0000000E+00  0.0000000E+00
      9000      2 -0.7284147E-03  0.4815627E-03  0.0000000E+00  0.0000000E+00  0.5508077E-03  0.3064359E-06
      9000      3  0.8566662E-07  0.6646350E-07 -0.5817995E-03  0.8350650E-04  0.5656241E-03  0.3154507E-06
      9000      4 -0.6094590E-07 -0.7797823E-07  0.0000000E+00  0.0000000E+00  0.1735952E+00 -0.7274253E-04

      9100      0  0.0000000E+00  0.0000000E+00  0.0000000E+00  0.0000000E+00  0.0000000E+00  0.0000000E+00
      9100      1  0.0000000E+00  0.0000000E+00  0.0000000E+00  0.0000000E+00  0.0000000E+00  0.0000000E+00
      9100      2  0.1070771E-02 -0.8794204E-04  0.0000000E+00  0.0000000E+00 -0.1745346E-03  0.9758007E-08
      9100      3  0.9890102E-07 -0.1824574E-06  0.1586095E-02  0.3916040E-03 -0.1791691E-03  0.9966107E-08
      9100      4 -0.2666690E-06  0.7785537E-07  0.0000000E+00  0.0000000E+00 -0.2550572E+00 -0.1294120E-04

      9200      0  0.0000000E+00  0.0000000E+00  0.0000000E+00  0.0000000E+00  0.0000000E+00  0.0000000E+00
      9200      1  0.0000000E+00  0.0000000E+00  0.0000000E+00  0.0000000E+00  0.0000000E+00  0.0000000E+00
      9200      2 -0.1717495E-03 -0.4077829E-03  0.0000000E+00  0.0000000E+00 -0.3417073E-03  0.4122976E-06
      9200      3 -0.5648474E-07  0.9481837E-07  0.2062659E-02  0.2821940E-03 -0.3510427E-03  0.4239802E-06
      9200      4  0.2991834E-06  0.4023216E-07  0.0000000E+00  0.0000000E+00  0.1234567E+00  0.8809250E-04

      9300      0  0.0000000E+00  0.0000000E+00  0.0000000E+00  0.0000000E+00  0.0000000E+00  0.0000000E+00
      9300      1  0.0000000E+00  0.0000000E+00  0.0000000E+00  0.0000000E+00  0.0000000E+00  0.0000000E+00
      9300      2 -0.9274318E-03  0.4303815E-03  0.0000000E+00  0.0000000E+00  0.5833684E-03  0.2268866E-06
      9300      3  0.4617440E-07  0.7024974E-07  0.3443011E-03 -0.1273851E-03  0.5995798E-03  0.2336346E-06
      9300      4 -0.6336632E-07 -0.6569435E-07  0.0000000E+00  0.0000000E+00  0.1122307E+00 -0.8934914E-04

      9400      0  0.0000000E+00  0.0000000E+00  0.0000000E+00  0.0000000E+00  0.0000000E+00  0.0000000E+00
      9400      1  0.0000000E+00  0.0000000E+00  0.0000000E+00  0.0000000E+00  0.0000000E+00  0.0000000E+00
      9400      2  0.9503069E-03  0.4617646E-04  0.0000000E+00  0.0000000E+00 -0.3566654E-03  0.4640154E-07
      9400      3  0.1719686E-06 -0.1861586E-06 -0.1743010E-02 -0.4016815E-03 -0.3670258E-03  0.4758151E-07
      9400      4 -0.2030394E-06  0.4106339E-07  0.0000000E+00  0.0000000E+00 -0.2532440E+00  0.1562212E-04

      9500      0  0.0000000E+00  0.0000000E+00  0.0000000E+00  0.0000000E+00  0.0000000E+00  0.0000000E+00
      9500      1  0.0000000E+00  0.0000000E+00  0.0000000E+00  0.0000000E+00  0.0000000E+00  0.0000000E+00
      9500      2  0.1287925E-03 -0.4695124E-03  0.0000000E+00  0.0000000E+00 -0.1560481E-03  0.4479625E-06
      9500      3 -0.8540306E-07  0.9408287E-07 -0.1971623E-02 -0.2477833E-03 -0.1600183E-03  0.4607475E-06
      9500      4  0.1791516E-06  0.6835752E-07  0.0000000E+00  0.0000000E+00  0.1826751E+00  0.7085460E-04

      9600      0  0.0000000E+00  0.0000000E+00  0.0000000E+00  0.0000000E+00  0.0000000E+00  0.0000000E+00
      9600      1  0.0000000E+00  0.0000000E+00  0.0000000E+00  0.0000000E+00  0.0000000E+00  0.0000000E+00
      9600      2 -0.1059029E-02  0.3480033E-03  0.0000000E+00  0.0000000E+00  0.5431519E-03  0.1475301E-06
      9600      3  0.3530686E-08  0.6939783E-07 -0.1023322E-03  0.1697112E-03  0.5586616E-03  0.1519861E-06
      9600      4 -0.5499858E-07 -0.5229630E-07  0.0000000E+00  0.0000000E+00  0.4139383E-01 -0.9849133E-04

      9700      0  0.0000000E+00  0.0000000E+00  0.0000000E+00  0.0000000E+00  0.0000000E+00  0.0000000E+00
      9700      1  0.0000000E+00  0.0000000E+00  0.0000000E+00  0.0000000E+00  0.0000000E+00  0.0000000E+00
      9700      2  0.7609395E-03  0.1769089E-03  0.0000000E+00  0.0000000E+00 -0.4942598E-03  0.1057750E-06
      9700      3  0.2367803E-06 -0.1789381E-06  0.1878088E-02  0.4067387E-03 -0.5090446E-03  0.1085978E-06
      9700      4 -0.1244768E-06 -0.6105811E-09  0.0000000E+00  0.0000000E+00 -0.2304744E+00  0.4295659E-04

      9800      0  0.0000000E+00  0.0000000E+00  0.0000000E+00  0.0000000E+00  0.0000000E+00  0.0000000E+00
      9800      1  0.0000000E+00  0.0000000E+00  0.0000000E+00  0.0000000E+00  0.0000000E+00  0.0000000E+00
      9800      2  0.4198617E-03 -0.4970703E-03  0.0000000E+00  0.0000000E+00  0.4903853E-04  0.4562131E-06
      9800      3 -0.1034525E-06  0.8743227E-07  0.1856170E-02  0.2103086E-03  0.5098344E-04  0.4693218E-06
      9800      4  0.4723577E-07  0.8837468E-07  0.0000000E+00  0.0000000E+00  0.2265998E+00  0.4782941E-04

      9900      0  0.0000000E+00  0.0000000E+00  0.0000000E+00  0.0000000E+00  0.0000000E+00  0.0000000E+00
      9900      1  0.0000000E+00  0.0000000E+00  0.0000000E+00  0.0000000E+00  0.0000000E+00  0.0000000E+00
      9900      2 -0.1113643E-02  0.2404060E-03  0.0000000E+00  0.0000000E+00  0.4351578E-03  0.7827556E-07
      9900      3 -0.3908272E-07  0.6347392E-07 -0.1410866E-03 -0.2099512E-03  0.4479806E-03  0.8070104E-07
      9900      4 -0.3306973E-07 -0.3876801E-07  0.0000000E+00  0.0000000E+00 -0.3295106E-01 -0.9930028E-04

     10000      0  0.0000000E+00  0.0000000E+00  0.0000000E+00  0.0000000E+00  0.0000000E+00  0.0000000E+00
     10000      1  0.0000000E+00  0.0000000E+00  0.0000000E+00  0.0000000E+00  0.0000000E+00  0.0000000E+00
     10000      2  0.5163108E-03  0.2947695E-03  0.0000000E+00  0.0000000E+00 -0.5701297E-03  0.1804644E-06
     10000      3  0.2890610E-06 -0.1612143E-06 -0.1989655E-02 -0.4067201E-03 -0.5874915E-03  0.1853957E-06
     10000      4 -0.3327538E-07 -0.4405682E-07  0.0000000E+00  0.0000000E+00 -0.1885529E+00  0.6686840E-04
