# number of spin vectors:       5
# iteration vector   S_X            S_Y            S_Z
         0      0  0.0000000E+00  0.0000000E+00  0.0000000E+00
         0      1  0.0000000E+00  0.0000000E+00  0.1000000E+01
         0      2  0.0000000E+00  0.0000000E+00  0.1000000E+01
         0      3  0.0000000E+00  0.0000000E+00  0.1000000E+01
         0      4  0.0000000E+00  0.0000000E+00  0.1000000E+01

       100      0  0.0000000E+00  0.0000000E+00  0.0000000E+00
       100      1 -0.8730071E-02  0.0000000E+00  0.9999619E+00
       100      2 -0.9104709E-02  0.0000000E+00  0.9999586E+00
       100      3 -0.8730520E-02 -0.3011602E-03  0.9999618E+00
       100      4 -0.4121049E-02  0.0000000E+00  0.9999915E+00

       200      0  0.0000000E+00  0.0000000E+00  0.0000000E+00
       200      1 -0.1745948E-01  0.0000000E+00  0.9998476E+00
       200      2 -0.1710478E-01  0.0000000E+00  0.9998537E+00
       200      3 -0.1742645E-01 -0.2809333E-03  0.9998481E+00
       200      4 -0.2281109E-01  0.0000000E+00  0.9997398E+00

       300      0  0.0000000E+00  0.0000000E+00  0.0000000E+00
       300      1 -0.2618755E-01  0.0000000E+00  0.9996570E+00
       300      2 -0.2604349E-01  0.0000000E+00  0.9996608E+00
       300      3 -0.2616165E-01  0.3893506E-04  0.9996577E+00
       300      4 -0.2456857E-01  0.0000000E+00  0.9996981E+00

       400      0  0.0000000E+00  0.0000000E+00  0.0000000E+00
       400      1 -0.3491363E-01  0.0000000E+00  0.9993903E+00
       400      2 -0.3528044E-01  0.0000000E+00  0.9993775E+00
       400      3 -0.3488020E-01  0.3171371E-03  0.9993915E+00
       400      4 -0.3143444E-01  0.0000000E+00  0.9995058E+00

       500      0  0.0000000E+00  0.0000000E+00  0.0000000E+00
       500      1 -0.4363705E-01  0.0000000E+00  0.9990475E+00
       500      2 -0.4332780E-01  0.0000000E+00  0.9990609E+00
       500      3 -0.4357302E-01  0.2578222E-03  0.9990502E+00
       500      4 -0.4928341E-01  0.0000000E+00  0.9987848E+00

       600      0  0.0000000E+00  0.0000000E+00  0.0000000E+00
       600      1 -0.5235714E-01  0.0000000E+00  0.9986284E+00
       600      2 -0.5207682E-01  0.0000000E+00  0.9986431E+00
       600      3 -0.5230483E-01 -0.7575345E-04  0.9986312E+00
       600      4 -0.4925916E-01  0.0000000E+00  0.9987860E+00

       700      0  0.0000000E+00  0.0000000E+00  0.0000000E+00
       700      1 -0.6107324E-01  0.0000000E+00  0.9981333E+00
       700      2 -0.6140130E-01  0.0000000E+00  0.9981132E+00
       700      3 -0.6100513E-01 -0.3274156E-03  0.9981374E+00
       700      4 -0.5901631E-01  0.0000000E+00  0.9982570E+00

       800      0  0.0000000E+00  0.0000000E+00  0.0000000E+00
       800      1 -0.6978469E-01  0.0000000E+00  0.9975621E+00
       800      2 -0.6953951E-01  0.0000000E+00  0.9975792E+00
       800      3 -0.6969143E-01 -0.2299569E-03  0.9975686E+00
       800      4 -0.7525505E-01  0.0000000E+00  0.9971643E+00

       900      0  0.0000000E+00  0.0000000E+00  0.0000000E+00
       900      1 -0.7849082E-01  0.0000000E+00  0.9969148E+00
       900      2 -0.7808924E-01  0.0000000E+00  0.9969464E+00
       900      3 -0.7841112E-01  0.1127778E-03  0.9969211E+00
       900      4 -0.7418001E-01  0.0000000E+00  0.9972449E+00

      1000      0  0.0000000E+00  0.0000000E+00  0.0000000E+00
      1000      1 -0.8719096E-01  0.0000000E+00  0.9961916E+00
      1000      2 -0.8744979E-01  0.0000000E+00  0.9961689E+00
      1000      3 -0.8708796E-01  0.3347397E-03  0.9962006E+00
      1000      4 -0.8672674E-01  0.0000000E+00  0.9962321E+00

      1100      0  0.0000000E+00  0.0000000E+00  0.0000000E+00
      1100      1 -0.9588446E-01  0.0000000E+00  0.9953925E+00
      1100      2 -0.9571441E-01  0.0000000E+00  0.9954088E+00
      1100      3 -0.9576364E-01  0.2006244E-03  0.9954041E+00
      1100      4 -0.1007238E+00  0.0000000E+00  0.9949144E+00

      1200      0  0.0000000E+00  0.0000000E+00  0.0000000E+00
      1200      1 -0.1045707E+00  0.0000000E+00  0.9945175E+00
      1200      2 -0.1040690E+00  0.0000000E+00  0.9945701E+00
      1200      3 -0.1044623E+00 -0.1466003E-03  0.9945288E+00
      1200      4 -0.9941412E-01  0.0000000E+00  0.9950461E+00

      1300      0  0.0000000E+00  0.0000000E+00  0.0000000E+00
      1300      1 -0.1132489E+00  0.0000000E+00  0.9935667E+00
      1300      2 -0.1134108E+00  0.0000000E+00  0.9935482E+00
      1300      3 -0.1131114E+00 -0.3361627E-03  0.9935823E+00
      1300      4 -0.1144095E+00  0.0000000E+00  0.9934337E+00

      1400      0  0.0000000E+00  0.0000000E+00  0.0000000E+00
      1400      1 -0.1219185E+00  0.0000000E+00  0.9925401E+00
      1400      2 -0.1218261E+00  0.0000000E+00  0.9925515E+00
      1400      3 -0.1217715E+00 -0.1674047E-03  0.9925581E+00
      1400      4 -0.1257253E+00  0.0000000E+00  0.9920651E+00

      1500      0  0.0000000E+00  0.0000000E+00  0.0000000E+00
      1500      1 -0.1305788E+00  0.0000000E+00  0.9914379E+00
      1500      2 -0.1300027E+00  0.0000000E+00  0.9915136E+00
      1500      3 -0.1304404E+00  0.1796054E-03  0.9914561E+00
      1500      4 -0.1250115E+00  0.0000000E+00  0.9921553E+00

      1600      0  0.0000000E+00  0.0000000E+00  0.0000000E+00
      1600      1 -0.1392291E+00  0.0000000E+00  0.9902602E+00
      1600      2 -0.1392714E+00  0.0000000E+00  0.9902542E+00
      1600      3 -0.1390583E+00  0.3345608E-03  0.9902841E+00
      1600      4 -0.1419058E+00  0.0000000E+00  0.9898802E+00

      1700      0  0.0000000E+00  0.0000000E+00  0.0000000E+00
      1700      1 -0.1478689E+00  0.0000000E+00  0.9890070E+00
      1700      2 -0.1478482E+00  0.0000000E+00  0.9890101E+00
      1700      3 -0.1476967E+00  0.1336753E-03  0.9890327E+00
      1700      4 -0.1503293E+00  0.0000000E+00  0.9886360E+00

      1800      0  0.0000000E+00  0.0000000E+00  0.0000000E+00
      1800      1 -0.1564973E+00  0.0000000E+00  0.9876784E+00
      1800      2 -0.1558752E+00  0.0000000E+00  0.9877768E+00
      1800      3 -0.1563276E+00 -0.2084647E-03  0.9877052E+00
      1800      4 -0.1509850E+00  0.0000000E+00  0.9885361E+00

      1900      0  0.0000000E+00  0.0000000E+00  0.0000000E+00
      1900      1 -0.1651139E+00  0.0000000E+00  0.9862745E+00
      1900      2 -0.1650205E+00  0.0000000E+00  0.9862901E+00
      1900      3 -0.1649112E+00 -0.3271201E-03  0.9863084E+00
      1900      4 -0.1690684E+00  0.0000000E+00  0.9856043E+00

      2000      0  0.0000000E+00  0.0000000E+00  0.0000000E+00
      2000      1 -0.1737178E+00  0.0000000E+00  0.9847955E+00
      2000      2 -0.1737547E+00  0.0000000E+00  0.9847890E+00
      2000      3 -0.1735209E+00 -0.9708927E-04  0.9848302E+00
      2000      4 -0.1746339E+00  0.0000000E+00  0.9846334E+00

      2100      0  0.0000000E+00  0.0000000E+00  0.0000000E+00
      2100      1 -0.1823085E+00  0.0000000E+00  0.9832414E+00
      2100      2 -0.1816696E+00  0.0000000E+00  0.9833596E+00
      2100      3 -0.1821065E+00  0.2356560E-03  0.9832788E+00
      2100      4 -0.1773091E+00  0.0000000E+00  0.9841552E+00

      2200      0  0.0000000E+00  0.0000000E+00  0.0000000E+00
      2200      1 -0.1908853E+00  0.0000000E+00  0.9816123E+00
      2200      2 -0.1906479E+00  0.0000000E+00  0.9816585E+00
      2200      3 -0.1906529E+00  0.3168501E-03  0.9816575E+00
      2200      4 -0.1957738E+00  0.0000000E+00  0.9806491E+00

      2300      0  0.0000000E+00  0.0000000E+00  0.0000000E+00
      2300      1 -0.1994476E+00  0.0000000E+00  0.9799085E+00
      2300      2 -0.1995208E+00  0.0000000E+00  0.9798936E+00
      2300      3 -0.1992259E+00  0.6107675E-04  0.9799536E+00
      2300      4 -0.1987554E+00  0.0000000E+00  0.9800491E+00

      2400      0  0.0000000E+00  0.0000000E+00  0.0000000E+00
      2400      1 -0.2079947E+00  0.0000000E+00  0.9781300E+00
      2400      2 -0.2073666E+00  0.0000000E+00  0.9782633E+00
      2400      3 -0.2077598E+00 -0.2579553E-03  0.9781798E+00
      2400      4 -0.2039206E+00  0.0000000E+00  0.9789874E+00

      2500      0  0.0000000E+00  0.0000000E+00  0.0000000E+00
      2500      1 -0.2165259E+00  0.0000000E+00  0.9762769E+00
      2500      2 -0.2161444E+00  0.0000000E+00  0.9763614E+00
      2500      3 -0.2162656E+00 -0.3010699E-03  0.9763345E+00
      2500      4 -0.2219308E+00  0.0000000E+00  0.9750624E+00

      2600      0  0.0000000E+00  0.0000000E+00  0.0000000E+00
      2600      1 -0.2250406E+00  0.0000000E+00  0.9743494E+00
      2600      2 -0.2251237E+00  0.0000000E+00  0.9743302E+00
      2600      3 -0.2247936E+00 -0.2332035E-04  0.9744064E+00
      2600      4 -0.2228155E+00  0.0000000E+00  0.9748606E+00

      2700      0  0.0000000E+00  0.0000000E+00  0.0000000E+00
      2700      1 -0.2335382E+00  0.0000000E+00  0.9723476E+00
      2700      2 -0.2329452E+00  0.0000000E+00  0.9724899E+00
      2700      3 -0.2332705E+00  0.2779519E-03  0.9724118E+00
      2700      4 -0.2307212E+00  0.0000000E+00  0.9730199E+00

      2800      0  0.0000000E+00  0.0000000E+00  0.0000000E+00
      2800      1 -0.2420179E+00  0.0000000E+00  0.9702718E+00
      2800      2 -0.2415005E+00  0.0000000E+00  0.9704007E+00
      2800      3 -0.2417319E+00  0.2829199E-03  0.9703430E+00
      2800      4 -0.2474849E+00  0.0000000E+00  0.9688918E+00

      2900      0  0.0000000E+00  0.0000000E+00  0.0000000E+00
      2900      1 -0.2504793E+00  0.0000000E+00  0.9681220E+00
      2900      2 -0.2505426E+00  0.0000000E+00  0.9681056E+00
      2900      3 -0.2502061E+00 -0.1274380E-04  0.9681926E+00
      2900      4 -0.2469275E+00  0.0000000E+00  0.9690339E+00

      3000      0  0.0000000E+00  0.0000000E+00  0.0000000E+00
      3000      1 -0.2589215E+00  0.0000000E+00  0.9658984E+00
      3000      2 -0.2583828E+00  0.0000000E+00  0.9660426E+00
      3000      3 -0.2586217E+00 -0.2925391E-03  0.9659786E+00
      3000      4 -0.2575838E+00  0.0000000E+00  0.9662560E+00

      3100      0  0.0000000E+00  0.0000000E+00  0.0000000E+00
      3100      1 -0.2673440E+00  0.0000000E+00  0.9636012E+00
      3100      2 -0.2667060E+00  0.0000000E+00  0.9637779E+00
      3100      3 -0.2670339E+00 -0.2598459E-03  0.9636871E+00
      3100      4 -0.2724193E+00  0.0000000E+00  0.9621786E+00

      3200      0  0.0000000E+00  0.0000000E+00  0.0000000E+00
      3200      1 -0.2757461E+00  0.0000000E+00  0.9612305E+00
      3200      2 -0.2757594E+00  0.0000000E+00  0.9612267E+00
      3200      3 -0.2754458E+00  0.4945013E-04  0.9613166E+00
      3200      4 -0.2711839E+00  0.0000000E+00  0.9625276E+00

      3300      0  0.0000000E+00  0.0000000E+00  0.0000000E+00
      3300      1 -0.2841272E+00  0.0000000E+00  0.9587866E+00
      3300      2 -0.2836554E+00  0.0000000E+00  0.9589263E+00
      3300      3 -0.2837967E+00  0.3044279E-03  0.9588844E+00
      3300      4 -0.2843612E+00  0.0000000E+00  0.9587172E+00

      3400      0  0.0000000E+00  0.0000000E+00  0.0000000E+00
      3400      1 -0.2924867E+00  0.0000000E+00  0.9562696E+00
      3400      2 -0.2917498E+00  0.0000000E+00  0.9564947E+00
      3400      3 -0.2921540E+00  0.2351068E-03  0.9563713E+00
      3400      4 -0.2967547E+00  0.0000000E+00  0.9549537E+00

      3500      0  0.0000000E+00  0.0000000E+00  0.0000000E+00
      3500      1 -0.3008238E+00  0.0000000E+00  0.9536797E+00
      3500      2 -0.3007583E+00  0.0000000E+00  0.9537004E+00
      3500      3 -0.3004955E+00 -0.8340062E-04  0.9537832E+00
      3500      4 -0.2956468E+00  0.0000000E+00  0.9552973E+00

      3600      0  0.0000000E+00  0.0000000E+00  0.0000000E+00
      3600      1 -0.3091380E+00  0.0000000E+00  0.9510172E+00
      3600      2 -0.3087383E+00  0.0000000E+00  0.9511470E+00
      3600      3 -0.3087785E+00 -0.3106365E-03  0.9511339E+00
      3600      4 -0.3108991E+00  0.0000000E+00  0.9504429E+00

      3700      0  0.0000000E+00  0.0000000E+00  0.0000000E+00
      3700      1 -0.3174287E+00  0.0000000E+00  0.9482821E+00
      3700      2 -0.3166189E+00  0.0000000E+00  0.9485528E+00
      3700      3 -0.3170742E+00 -0.2062553E-03  0.9484007E+00
      3700      4 -0.3205458E+00  0.0000000E+00  0.9472330E+00

      3800      0  0.0000000E+00  0.0000000E+00  0.0000000E+00
      3800      1 -0.3256952E+00  0.0000000E+00  0.9454748E+00
      3800      2 -0.3255262E+00  0.0000000E+00  0.9455330E+00
      3800      3 -0.3253382E+00  0.1169861E-03  0.9455977E+00
      3800      4 -0.3203432E+00  0.0000000E+00  0.9473015E+00

      3900      0  0.0000000E+00  0.0000000E+00  0.0000000E+00
      3900      1 -0.3339368E+00  0.0000000E+00  0.9425955E+00
      3900      2 -0.3336069E+00  0.0000000E+00  0.9427123E+00
      3900      3 -0.3335506E+00  0.3140050E-03  0.9427322E+00
      3900      4 -0.3370493E+00  0.0000000E+00  0.9414870E+00

      4000      0  0.0000000E+00  0.0000000E+00  0.0000000E+00
      4000      1 -0.3421530E+00  0.0000000E+00  0.9396442E+00
      4000      2 -0.3412988E+00  0.0000000E+00  0.9399549E+00
      4000      3 -0.3417772E+00  0.1766413E-03  0.9397810E+00
      4000      4 -0.3438769E+00  0.0000000E+00  0.9390148E+00

      4100      0  0.0000000E+00  0.0000000E+00  0.0000000E+00
      4100      1 -0.3503432E+00  0.0000000E+00  0.9366214E+00
      4100      2 -0.3500520E+00  0.0000000E+00  0.9367303E+00
      4100      3 -0.3499572E+00 -0.1468802E-03  0.9367657E+00
      4100      4 -0.3452629E+00  0.0000000E+00  0.9385060E+00

      4200      0  0.0000000E+00  0.0000000E+00  0.0000000E+00
      4200      1 -0.3585066E+00  0.0000000E+00  0.9335272E+00
      4200      2 -0.3582366E+00  0.0000000E+00  0.9336308E+00
      4200      3 -0.3580959E+00 -0.3116838E-03  0.9336848E+00
      4200      4 -0.3626833E+00  0.0000000E+00  0.9319125E+00

      4300      0  0.0000000E+00  0.0000000E+00  0.0000000E+00
      4300      1 -0.3666427E+00  0.0000000E+00  0.9303618E+00
      4300      2 -0.3657727E+00  0.0000000E+00  0.9307042E+00
      4300      3 -0.3662454E+00 -0.1438895E-03  0.9305183E+00
      4300      4 -0.3668533E+00  0.0000000E+00  0.9302788E+00

      4400      0  0.0000000E+00  0.0000000E+00  0.0000000E+00
      4400      1 -0.3747508E+00  0.0000000E+00  0.9271256E+00
      4400      2 -0.3743263E+00  0.0000000E+00  0.9272971E+00
      4400      3 -0.3743363E+00  0.1755571E-03  0.9272930E+00
      4400      4 -0.3703587E+00  0.0000000E+00  0.9288888E+00

      4500      0  0.0000000E+00  0.0000000E+00  0.0000000E+00
      4500      1 -0.3828304E+00  0.0000000E+00  0.9238186E+00
      4500      2 -0.3826043E+00  0.0000000E+00  0.9239123E+00
      4500      3 -0.3823976E+00  0.3066474E-03  0.9239978E+00
      4500      4 -0.3877013E+00  0.0000000E+00  0.9217851E+00

      4600      0  0.0000000E+00  0.0000000E+00  0.0000000E+00
      4600      1 -0.3908808E+00  0.0000000E+00  0.9204413E+00
      4600      2 -0.3900222E+00  0.0000000E+00  0.9208054E+00
      4600      3 -0.3904617E+00  0.1114004E-03  0.9206192E+00
      4600      4 -0.3895906E+00  0.0000000E+00  0.9209881E+00

      4700      0  0.0000000E+00  0.0000000E+00  0.0000000E+00
      4700      1 -0.3989015E+00  0.0000000E+00  0.9169938E+00
      4700      2 -0.3983405E+00  0.0000000E+00  0.9172376E+00
      4700      3 -0.3984593E+00 -0.1997833E-03  0.9171860E+00
      4700      4 -0.3955494E+00  0.0000000E+00  0.9184447E+00

      4800      0  0.0000000E+00  0.0000000E+00  0.0000000E+00
      4800      1 -0.4068917E+00  0.0000000E+00  0.9134764E+00
      4800      2 -0.4066879E+00  0.0000000E+00  0.9135671E+00
      4800      3 -0.4064389E+00 -0.2961812E-03  0.9136779E+00
      4800      4 -0.4120380E+00  0.0000000E+00  0.9111667E+00

      4900      0  0.0000000E+00  0.0000000E+00  0.0000000E+00
      4900      1 -0.4148509E+00  0.0000000E+00  0.9098894E+00
      4900      2 -0.4140272E+00  0.0000000E+00  0.9102645E+00
      4900      3 -0.4144093E+00 -0.7682672E-04  0.9100906E+00
      4900      4 -0.4122011E+00  0.0000000E+00  0.9110929E+00

      5000      0  0.0000000E+00  0.0000000E+00  0.0000000E+00
      5000      1 -0.4227785E+00  0.0000000E+00  0.9062331E+00
      5000      2 -0.4220864E+00  0.0000000E+00  0.9065556E+00
      5000      3 -0.4223101E+00  0.2221336E-03  0.9064514E+00
      5000      4 -0.4207243E+00  0.0000000E+00  0.9071886E+00

      5100      0  0.0000000E+00  0.0000000E+00  0.0000000E+00
      5100      1 -0.4306738E+00  0.0000000E+00  0.9025076E+00
      5100      2 -0.4304678E+00  0.0000000E+00  0.9026059E+00
      5100      3 -0.4302028E+00  0.2833927E-03  0.9027322E+00
      5100      4 -0.4356645E+00  0.0000000E+00  0.9001091E+00

      5200      0  0.0000000E+00  0.0000000E+00  0.0000000E+00
      5200      1 -0.4385364E+00  0.0000000E+00  0.8987134E+00
      5200      2 -0.4377659E+00  0.0000000E+00  0.8990890E+00
      5200      3 -0.4380719E+00  0.4357509E-04  0.8989400E+00
      5200      4 -0.4347814E+00  0.0000000E+00  0.9005360E+00

      5300      0  0.0000000E+00  0.0000000E+00  0.0000000E+00
      5300      1 -0.4463655E+00  0.0000000E+00  0.8948507E+00
      5300      2 -0.4455556E+00  0.0000000E+00  0.8952543E+00
      5300      3 -0.4458730E+00 -0.2394820E-03  0.8950962E+00
      5300      4 -0.4457507E+00  0.0000000E+00  0.8951571E+00

      5400      0  0.0000000E+00  0.0000000E+00  0.0000000E+00
      5400      1 -0.4541606E+00  0.0000000E+00  0.8909198E+00
      5400      2 -0.4539261E+00  0.0000000E+00  0.8910393E+00
      5400      3 -0.4536726E+00 -0.2656949E-03  0.8911684E+00
      5400      4 -0.4585874E+00  0.0000000E+00  0.8886493E+00

      5500      0  0.0000000E+00  0.0000000E+00  0.0000000E+00
      5500      1 -0.4619211E+00  0.0000000E+00  0.8869210E+00
      5500      2 -0.4612161E+00  0.0000000E+00  0.8872878E+00
      5500      3 -0.4614333E+00 -0.9283521E-05  0.8871749E+00
      5500      4 -0.4574022E+00  0.0000000E+00  0.8892599E+00

      5600      0  0.0000000E+00  0.0000000E+00  0.0000000E+00
      5600      1 -0.4696464E+00  0.0000000E+00  0.8828546E+00
      5600      2 -0.4687385E+00  0.0000000E+00  0.8833370E+00
      5600      3 -0.4691321E+00  0.2545171E-03  0.8831280E+00
      5600      4 -0.4704850E+00  0.0000000E+00  0.8824080E+00

      5700      0  0.0000000E+00  0.0000000E+00  0.0000000E+00
      5700      1 -0.4773359E+00  0.0000000E+00  0.8787209E+00
      5700      2 -0.4770475E+00  0.0000000E+00  0.8788775E+00
      5700      3 -0.4768316E+00  0.2463130E-03  0.8789946E+00
      5700      4 -0.4808466E+00  0.0000000E+00  0.8768048E+00

      5800      0  0.0000000E+00  0.0000000E+00  0.0000000E+00
      5800      1 -0.4849890E+00  0.0000000E+00  0.8745203E+00
      5800      2 -0.4843548E+00  0.0000000E+00  0.8748716E+00
      5800      3 -0.4844781E+00 -0.2267419E-04  0.8748034E+00
      5800      4 -0.4801019E+00  0.0000000E+00  0.8772127E+00

      5900      0  0.0000000E+00  0.0000000E+00  0.0000000E+00
      5900      1 -0.4926051E+00  0.0000000E+00  0.8702530E+00
      5900      2 -0.4916242E+00  0.0000000E+00  0.8708074E+00
      5900      3 -0.4920716E+00 -0.2642327E-03  0.8705547E+00
      5900      4 -0.4947852E+00  0.0000000E+00  0.8690153E+00

      6000      0  0.0000000E+00  0.0000000E+00  0.0000000E+00
      6000      1 -0.5001837E+00  0.0000000E+00  0.8659193E+00
      6000      2 -0.4998187E+00  0.0000000E+00  0.8661300E+00
      6000      3 -0.4996636E+00 -0.2227640E-03  0.8662195E+00
      6000      4 -0.5025107E+00  0.0000000E+00  0.8645710E+00

      6100      0  0.0000000E+00  0.0000000E+00  0.0000000E+00
      6100      1 -0.5077242E+00  0.0000000E+00  0.8615197E+00
      6100      2 -0.5071593E+00  0.0000000E+00  0.8618524E+00
      6100      3 -0.5071907E+00  0.5470841E-04  0.8618338E+00
      6100      4 -0.5028839E+00  0.0000000E+00  0.8643540E+00

      6200      0  0.0000000E+00  0.0000000E+00  0.0000000E+00
      6200      1 -0.5152260E+00  0.0000000E+00  0.8570544E+00
      6200      2 -0.5142001E+00  0.0000000E+00  0.8576703E+00
      6200      3 -0.5146758E+00  0.2714433E-03  0.8573848E+00
      6200      4 -0.5185238E+00  0.0000000E+00  0.8550632E+00

      6300      0  0.0000000E+00  0.0000000E+00  0.0000000E+00
      6300      1 -0.5226885E+00  0.0000000E+00  0.8525238E+00
      6300      2 -0.5222287E+00  0.0000000E+00  0.8528055E+00
      6300      3 -0.5221526E+00  0.1983605E-03  0.8528521E+00
      6300      4 -0.5236709E+00  0.0000000E+00  0.8519207E+00

      6400      0  0.0000000E+00  0.0000000E+00  0.0000000E+00
      6400      1 -0.5301111E+00  0.0000000E+00  0.8479282E+00
      6400      2 -0.5296073E+00  0.0000000E+00  0.8482429E+00
      6400      3 -0.5295563E+00 -0.8350664E-04  0.8482748E+00
      6400      4 -0.5257167E+00  0.0000000E+00  0.8506597E+00

      6500      0  0.0000000E+00  0.0000000E+00  0.0000000E+00
      6500      1 -0.5374934E+00  0.0000000E+00  0.8432679E+00
      6500      2 -0.5364513E+00  0.0000000E+00  0.8439313E+00
      6500      3 -0.5369289E+00 -0.2732736E-03  0.8436274E+00
      6500      4 -0.5415980E+00  0.0000000E+00  0.8406376E+00

      6600      0  0.0000000E+00  0.0000000E+00  0.0000000E+00
      6600      1 -0.5448347E+00  0.0000000E+00  0.8385435E+00
      6600      2 -0.5442680E+00  0.0000000E+00  0.8389114E+00
      6600      3 -0.5442828E+00 -0.1706872E-03  0.8389018E+00
      6600      4 -0.5444311E+00  0.0000000E+00  0.8388056E+00

      6700      0  0.0000000E+00  0.0000000E+00  0.0000000E+00
      6700      1 -0.5521345E+00  0.0000000E+00  0.8337551E+00
      6700      2 -0.5516780E+00  0.0000000E+00  0.8340572E+00
      6700      3 -0.5515599E+00  0.1115515E-03  0.8341353E+00
      6700      4 -0.5485364E+00  0.0000000E+00  0.8361267E+00

      6800      0  0.0000000E+00  0.0000000E+00  0.0000000E+00
      6800      1 -0.5593922E+00  0.0000000E+00  0.8289031E+00
      6800      2 -0.5583613E+00  0.0000000E+00  0.8295979E+00
      6800      3 -0.5588154E+00  0.2726719E-03  0.8292920E+00
      6800      4 -0.5639363E+00  0.0000000E+00  0.8258183E+00

      6900      0  0.0000000E+00  0.0000000E+00  0.0000000E+00
      6900      1 -0.5666073E+00  0.0000000E+00  0.8239880E+00
      6900      2 -0.5659283E+00  0.0000000E+00  0.8244545E+00
      6900      3 -0.5660393E+00  0.1431037E-03  0.8243783E+00
      6900      4 -0.5648969E+00  0.0000000E+00  0.8251615E+00

      7000      0  0.0000000E+00  0.0000000E+00  0.0000000E+00
      7000      1 -0.5737791E+00  0.0000000E+00  0.8190101E+00
      7000      2 -0.5733519E+00  0.0000000E+00  0.8193092E+00
      7000      3 -0.5731871E+00 -0.1356123E-03  0.8194245E+00
      7000      4 -0.5712505E+00  0.0000000E+00  0.8207758E+00

      7100      0  0.0000000E+00  0.0000000E+00  0.0000000E+00
      7100      1 -0.5809073E+00  0.0000000E+00  0.8139697E+00
      7100      2 -0.5799119E+00  0.0000000E+00  0.8146792E+00
      7100      3 -0.5803198E+00 -0.2668970E-03  0.8143887E+00
      7100      4 -0.5855009E+00  0.0000000E+00  0.8106718E+00

      7200      0  0.0000000E+00  0.0000000E+00  0.0000000E+00
      7200      1 -0.5879912E+00  0.0000000E+00  0.8088673E+00
      7200      2 -0.5872020E+00  0.0000000E+00  0.8094405E+00
      7200      3 -0.5874071E+00 -0.1132212E-03  0.8092916E+00
      7200      4 -0.5851633E+00  0.0000000E+00  0.8109155E+00

      7300      0  0.0000000E+00  0.0000000E+00  0.0000000E+00
      7300      1 -0.5950302E+00  0.0000000E+00  0.8037033E+00
      7300      2 -0.5946115E+00  0.0000000E+00  0.8040132E+00
      7300      3 -0.5944231E+00  0.1582625E-03  0.8041524E+00
      7300      4 -0.5937443E+00  0.0000000E+00  0.8046538E+00

      7400      0  0.0000000E+00  0.0000000E+00  0.0000000E+00
      7400      1 -0.6020240E+00  0.0000000E+00  0.7984780E+00
      7400      2 -0.6010834E+00  0.0000000E+00  0.7991863E+00
      7400      3 -0.6014268E+00  0.2590279E-03  0.7989278E+00
      7400      4 -0.6062872E+00  0.0000000E+00  0.7952457E+00

      7500      0  0.0000000E+00  0.0000000E+00  0.0000000E+00
      7500      1 -0.6089718E+00  0.0000000E+00  0.7931919E+00
      7500      2 -0.6080814E+00  0.0000000E+00  0.7938747E+00
      7500      3 -0.6083720E+00  0.8440626E-04  0.7936520E+00
      7500      4 -0.6053043E+00  0.0000000E+00  0.7959942E+00

      7600      0  0.0000000E+00  0.0000000E+00  0.0000000E+00
      7600      1 -0.6158732E+00  0.0000000E+00  0.7878453E+00
      7600      2 -0.6154412E+00  0.0000000E+00  0.7881828E+00
      7600      3 -0.6152537E+00 -0.1763708E-03  0.7883291E+00
      7600      4 -0.6158903E+00  0.0000000E+00  0.7878319E+00

      7700      0  0.0000000E+00  0.0000000E+00  0.0000000E+00
      7700      1 -0.6227277E+00  0.0000000E+00  0.7824387E+00
      7700      2 -0.6218553E+00  0.0000000E+00  0.7831322E+00
      7700      3 -0.6221217E+00 -0.2464468E-03  0.7829205E+00
      7700      4 -0.6263218E+00  0.0000000E+00  0.7795646E+00

      7800      0  0.0000000E+00  0.0000000E+00  0.0000000E+00
      7800      1 -0.6295347E+00  0.0000000E+00  0.7769724E+00
      7800      2 -0.6285585E+00  0.0000000E+00  0.7777623E+00
      7800      3 -0.6289200E+00 -0.5425922E-04  0.7774700E+00
      7800      4 -0.6253655E+00  0.0000000E+00  0.7803320E+00

      7900      0  0.0000000E+00  0.0000000E+00  0.0000000E+00
      7900      1 -0.6362937E+00  0.0000000E+00  0.7714469E+00
      7900      2 -0.6358275E+00  0.0000000E+00  0.7718312E+00
      7900      3 -0.6356646E+00  0.1926187E-03  0.7719653E+00
      7900      4 -0.6375588E+00  0.0000000E+00  0.7704017E+00

      8000      0  0.0000000E+00  0.0000000E+00  0.0000000E+00
      8000      1 -0.6430043E+00  0.0000000E+00  0.7658626E+00
      8000      2 -0.6422066E+00  0.0000000E+00  0.7665316E+00
      8000      3 -0.6423899E+00  0.2323449E-03  0.7663779E+00
      8000      4 -0.6456583E+00  0.0000000E+00  0.7636265E+00

      8100      0  0.0000000E+00  0.0000000E+00  0.0000000E+00
      8100      1 -0.6496658E+00  0.0000000E+00  0.7602199E+00
      8100      2 -0.6486243E+00  0.0000000E+00  0.7611087E+00
      8100      3 -0.6490376E+00  0.2612027E-04  0.7607563E+00
      8100      4 -0.6453611E+00  0.0000000E+00  0.7638777E+00

      8200      0  0.0000000E+00  0.0000000E+00  0.0000000E+00
      8200      1 -0.6562778E+00  0.0000000E+00  0.7545193E+00
      8200      2 -0.6557590E+00  0.0000000E+00  0.7549703E+00
      8200      3 -0.6556415E+00 -0.2039912E-03  0.7550723E+00
      8200      4 -0.6586299E+00  0.0000000E+00  0.7524670E+00

      8300      0  0.0000000E+00  0.0000000E+00  0.0000000E+00
      8300      1 -0.6628398E+00  0.0000000E+00  0.7487612E+00
      8300      2 -0.6621168E+00  0.0000000E+00  0.7494007E+00
      8300      3 -0.6622173E+00 -0.2142021E-03  0.7493118E+00
      8300      4 -0.6643717E+00  0.0000000E+00  0.7474024E+00

      8400      0  0.0000000E+00  0.0000000E+00  0.0000000E+00
      8400      1 -0.6693513E+00  0.0000000E+00  0.7429461E+00
      8400      2 -0.6682683E+00  0.0000000E+00  0.7439203E+00
      8400      3 -0.6687114E+00  0.2449972E-05  0.7435221E+00
      8400      4 -0.6652729E+00  0.0000000E+00  0.7466002E+00

      8500      0  0.0000000E+00  0.0000000E+00  0.0000000E+00
      8500      1 -0.6758117E+00  0.0000000E+00  0.7370743E+00
      8500      2 -0.6752256E+00  0.0000000E+00  0.7376112E+00
      8500      3 -0.6751706E+00  0.2132933E-03  0.7376616E+00
      8500      4 -0.6790042E+00  0.0000000E+00  0.7341344E+00

      8600      0  0.0000000E+00  0.0000000E+00  0.0000000E+00
      8600      1 -0.6822207E+00  0.0000000E+00  0.7311463E+00
      8600      2 -0.6815658E+00  0.0000000E+00  0.7317568E+00
      8600      3 -0.6815903E+00  0.1952898E-03  0.7317340E+00
      8600      4 -0.6825513E+00  0.0000000E+00  0.7308377E+00

      8700      0  0.0000000E+00  0.0000000E+00  0.0000000E+00
      8700      1 -0.6885777E+00  0.0000000E+00  0.7251626E+00
      8700      2 -0.6874787E+00  0.0000000E+00  0.7262045E+00
      8700      3 -0.6879284E+00 -0.2816329E-04  0.7257786E+00
      8700      4 -0.6850532E+00  0.0000000E+00  0.7284931E+00

      8800      0  0.0000000E+00  0.0000000E+00  0.0000000E+00
      8800      1 -0.6948821E+00  0.0000000E+00  0.7191236E+00
      8800      2 -0.6942191E+00  0.0000000E+00  0.7197637E+00
      8800      3 -0.6942379E+00 -0.2176386E-03  0.7197456E+00
      8800      4 -0.6986092E+00  0.0000000E+00  0.7155035E+00

      8900      0  0.0000000E+00  0.0000000E+00  0.0000000E+00
      8900      1 -0.7011337E+00  0.0000000E+00  0.7130299E+00
      8900      2 -0.7005350E+00  0.0000000E+00  0.7136180E+00
      8900      3 -0.7004958E+00 -0.1731496E-03  0.7136565E+00
      8900      4 -0.7002910E+00  0.0000000E+00  0.7138575E+00

      9000      0  0.0000000E+00  0.0000000E+00  0.0000000E+00
      9000      1 -0.7073317E+00  0.0000000E+00  0.7068817E+00
      9000      2 -0.7062419E+00  0.0000000E+00  0.7079706E+00
      9000      3 -0.7066756E+00  0.5352216E-04  0.7075377E+00
      9000      4 -0.7046276E+00  0.0000000E+00  0.7095773E+00

      9100      0  0.0000000E+00  0.0000000E+00  0.0000000E+00
      9100      1 -0.7134759E+00  0.0000000E+00  0.7006797E+00
      9100      2 -0.7127319E+00  0.0000000E+00  0.7014366E+00
      9100      3 -0.7128300E+00  0.2199626E-03  0.7013368E+00
      9100      4 -0.7174029E+00  0.0000000E+00  0.6966585E+00

      9200      0  0.0000000E+00  0.0000000E+00  0.0000000E+00
      9200      1 -0.7195657E+00  0.0000000E+00  0.6944244E+00
      9200      2 -0.7190075E+00  0.0000000E+00  0.6950023E+00
      9200      3 -0.7189210E+00  0.1510962E-03  0.6950918E+00
      9200      4 -0.7176783E+00  0.0000000E+00  0.6963748E+00

      9300      0  0.0000000E+00  0.0000000E+00  0.0000000E+00
      9300      1 -0.7256007E+00  0.0000000E+00  0.6881160E+00
      9300      2 -0.7245427E+00  0.0000000E+00  0.6892299E+00
      9300      3 -0.7249404E+00 -0.7531221E-04  0.6888116E+00
      9300      4 -0.7239010E+00  0.0000000E+00  0.6899039E+00

      9400      0  0.0000000E+00  0.0000000E+00  0.0000000E+00
      9400      1 -0.7315803E+00  0.0000000E+00  0.6817553E+00
      9400      2 -0.7307570E+00  0.0000000E+00  0.6826376E+00
      9400      3 -0.7309339E+00 -0.2175088E-03  0.6824483E+00
      9400      4 -0.7353737E+00  0.0000000E+00  0.6776618E+00

      9500      0  0.0000000E+00  0.0000000E+00  0.0000000E+00
      9500      1 -0.7375042E+00  0.0000000E+00  0.6753425E+00
      9500      2 -0.7369680E+00  0.0000000E+00  0.6759276E+00
      9500      3 -0.7368537E+00 -0.1266961E-03  0.6760522E+00
      9500      4 -0.7347847E+00  0.0000000E+00  0.6783004E+00

      9600      0  0.0000000E+00  0.0000000E+00  0.0000000E+00
      9600      1 -0.7433719E+00  0.0000000E+00  0.6688783E+00
      9600      2 -0.7423650E+00  0.0000000E+00  0.6699957E+00
      9600      3 -0.7427102E+00  0.9612050E-04  0.6696130E+00
      9600      4 -0.7427650E+00  0.0000000E+00  0.6695522E+00

      9700      0  0.0000000E+00  0.0000000E+00  0.0000000E+00
      9700      1 -0.7491829E+00  0.0000000E+00  0.6623632E+00
      9700      2 -0.7482877E+00  0.0000000E+00  0.6633743E+00
      9700      3 -0.7485367E+00  0.2133370E-03  0.6630934E+00
      9700      4 -0.7525379E+00  0.0000000E+00  0.6585490E+00

      9800      0  0.0000000E+00  0.0000000E+00  0.0000000E+00
      9800      1 -0.7549368E+00  0.0000000E+00  0.6557975E+00
      9800      2 -0.7544037E+00  0.0000000E+00  0.6564107E+00
      9800      3 -0.7542821E+00  0.1032721E-03  0.6565505E+00
      9800      4 -0.7516582E+00  0.0000000E+00  0.6595528E+00

      9900      0  0.0000000E+00  0.0000000E+00  0.0000000E+00
      9900      1 -0.7606332E+00  0.0000000E+00  0.6491819E+00
      9900      2 -0.7596914E+00  0.0000000E+00  0.6502837E+00
      9900      3 -0.7599728E+00 -0.1128278E-03  0.6499549E+00
      9900      4 -0.7611072E+00  0.0000000E+00  0.6486261E+00

     10000      0  0.0000000E+00  0.0000000E+00  0.0000000E+00
     10000      1 -0.7662717E+00  0.0000000E+00  0.6425167E+00
     10000      2 -0.7653168E+00  0.0000000E+00  0.6436538E+00
     10000      3 -0.7656262E+00 -0.2048061E-03  0.6432857E+00
     10000      4 -0.7689358E+00  0.0000000E+00  0.6393260E+00
